1.000000000000000000e+00 8.219242508822333093e-10
9.971671388101982503e-01 1.348290316199873828e-11
9.943342776203966116e-01 9.921932199452587753e-12
9.915014164305948619e-01 9.256614572072940916e-12
9.886685552407932231e-01 7.180273303014628183e-12
9.858356940509914734e-01 5.733085013670535801e-12
9.830028328611898347e-01 6.199232099879381508e-12
9.801699716713880850e-01 5.802076701033609396e-12
9.773371104815864463e-01 5.364045579242526784e-12
9.745042492917846966e-01 5.683744273843327477e-12
9.716713881019829468e-01 4.758834819262869331e-12
9.688385269121813081e-01 5.010081759182494210e-12
9.660056657223795584e-01 4.351166562471808774e-12
9.631728045325779197e-01 4.930475732550787527e-12
9.603399433427761700e-01 4.062012445155138707e-12
9.575070821529745313e-01 4.537067336413125318e-12
9.546742209631727816e-01 4.788908419123272253e-12
9.518413597733711429e-01 3.966604822380759288e-12
9.490084985835693931e-01 4.116142322818650001e-12
9.461756373937677544e-01 4.401416731081297939e-12
9.433427762039660047e-01 4.445395006963392959e-12
9.405099150141642550e-01 3.890760543606708310e-12
9.376770538243626163e-01 3.825787343175734989e-12
9.348441926345608666e-01 3.968789272917883082e-12
9.320113314447592279e-01 4.594269409352591538e-12
9.291784702549574781e-01 4.209532895871337388e-12
9.263456090651558394e-01 4.316123847214470288e-12
9.235127478753540897e-01 3.854536481662229619e-12
9.206798866855524510e-01 3.436559847455611383e-12
9.178470254957507013e-01 3.879912450349687347e-12
9.150141643059490626e-01 3.849749078549402626e-12
9.121813031161473129e-01 4.015354455183528515e-12
9.093484419263455631e-01 3.585820442658649299e-12
9.065155807365439244e-01 3.829297122448505064e-12
9.036827195467421747e-01 4.136056948322863747e-12
9.008498583569405360e-01 4.083444953700832158e-12
8.980169971671387863e-01 4.647640779176231973e-12
8.951841359773371476e-01 5.314325368654948534e-12
8.923512747875353979e-01 5.472318778676488193e-12
8.895184135977336481e-01 6.144825100140582919e-12
8.866855524079320094e-01 6.771504364178060342e-12
8.838526912181302597e-01 7.885200305202122451e-12
8.810198300283286210e-01 9.092125489995606102e-12
8.781869688385268713e-01 1.037011795879116960e-11
8.753541076487252326e-01 1.228766133981595843e-11
8.725212464589234829e-01 1.461958679116470705e-11
8.696883852691218442e-01 1.791730652733747320e-11
8.668555240793200944e-01 2.100249661685094082e-11
8.640226628895184557e-01 2.496989247313674554e-11
8.611898016997167060e-01 3.048263030880349334e-11
8.583569405099149563e-01 3.699604858575789024e-11
8.555240793201133176e-01 4.456281177400711613e-11
8.526912181303115679e-01 5.405213082676496583e-11
8.498583569405099292e-01 6.520167739054727463e-11
8.470254957507081794e-01 7.911165472718195701e-11
8.441926345609065407e-01 9.565509495601531853e-11
8.413597733711047910e-01 1.153618103821862917e-10
8.385269121813030413e-01 1.398004628727633758e-10
8.356940509915014026e-01 1.682766148647374393e-10
8.328611898016997639e-01 2.033466728335042717e-10
8.300283286118980142e-01 2.456112258020226591e-10
8.271954674220962644e-01 2.963928269483773192e-10
8.243626062322946257e-01 3.569627093913396720e-10
8.215297450424928760e-01 4.299594014156582489e-10
8.186968838526912373e-01 5.171522099445269305e-10
8.158640226628894876e-01 6.213300984825309570e-10
8.130311614730878489e-01 7.461111173334700197e-10
8.101983002832860992e-01 8.950937213647591761e-10
8.073654390934843494e-01 1.073004796126042493e-09
8.045325779036827107e-01 1.285096695724519122e-09
8.016997167138810720e-01 1.538170146808681693e-09
7.988668555240793223e-01 1.838989294178361433e-09
7.960339943342775726e-01 2.197436455020351787e-09
7.932011331444759339e-01 2.622380090855358503e-09
7.903682719546741842e-01 3.127748060549606635e-09
7.875354107648725455e-01 3.726921438129693342e-09
7.847025495750707957e-01 4.437885170460731388e-09
7.818696883852691570e-01 5.279402692792700691e-09
7.790368271954674073e-01 6.276258179838123397e-09
7.762039660056656576e-01 7.454953987462431542e-09
7.733711048158640189e-01 8.848845212128253479e-09
7.705382436260623802e-01 1.049324005464313814e-08
7.677053824362606305e-01 1.243548197749078099e-08
7.648725212464588807e-01 1.472508515121262462e-08
7.620396600566572420e-01 1.742346711353093269e-08
7.592067988668554923e-01 2.060005854787050339e-08
7.563739376770538536e-01 2.433881363117507135e-08
7.535410764872521039e-01 2.873385440693709825e-08
7.507082152974504652e-01 3.389846270351881685e-08
7.478753541076487155e-01 3.996256481286764028e-08
7.450424929178469657e-01 4.707827727656876959e-08
7.422096317280453270e-01 5.542064940300406306e-08
7.393767705382436883e-01 6.519589845765949576e-08
7.365439093484419386e-01 7.664002765750410617e-08
7.337110481586401889e-01 9.003137790841719834e-08
7.308781869688385502e-01 1.056870644333685050e-07
7.280453257790368005e-01 1.239807545516669052e-07
7.252124645892350507e-01 1.453392002304099151e-07
7.223796033994334120e-01 1.702621261756576132e-07
7.195467422096317733e-01 1.993217182416628930e-07
7.167138810198300236e-01 2.331871797878193320e-07
7.138810198300282739e-01 2.726221453031030251e-07
7.110481586402266352e-01 3.185192838373041013e-07
7.082152974504249965e-01 3.718914456385391532e-07
7.053824362606231357e-01 4.339261465702293208e-07
7.025495750708214970e-01 5.059615659774863161e-07
6.997167138810198583e-01 5.895683443668531254e-07
6.968838526912181086e-01 6.865085424578865059e-07
6.940509915014163589e-01 7.988539891812251881e-07
6.912181303116147202e-01 9.289223044106620364e-07
6.883852691218130815e-01 1.079441403817327227e-06
6.855524079320113318e-01 1.253460141015239060e-06
6.827195467422095820e-01 1.454583525628549978e-06
6.798866855524079433e-01 1.686818336565920617e-06
6.770538243626061936e-01 1.954907020262908190e-06
6.742209631728044439e-01 2.264118847961071879e-06
6.713881019830028052e-01 2.620637360450928099e-06
6.685552407932011665e-01 3.031324922631029040e-06
6.657223796033994168e-01 3.504187361613730900e-06
6.628895184135976670e-01 4.048045411764178425e-06
6.600566572237960283e-01 4.672995146393077448e-06
6.572237960339943896e-01 5.390381829784018919e-06
6.543909348441926399e-01 6.212812422745628282e-06
6.515580736543908902e-01 7.154620561777846888e-06
6.487252124645892515e-01 8.231689207605086267e-06
6.458923512747875018e-01 9.462282832828350365e-06
6.430594900849857520e-01 1.086657448468031362e-05
6.402266288951841133e-01 1.246813462785212323e-05
6.373937677053824746e-01 1.429385429219109938e-05
6.345609065155807249e-01 1.637453715375158936e-05
6.317280453257789752e-01 1.874598092399537563e-05
6.288951841359773365e-01 2.144931022485252470e-05
6.260623229461756978e-01 2.453194611007347703e-05
6.232294617563738370e-01 2.804752148222178221e-05
6.203966005665721983e-01 3.205686880392022431e-05
6.175637393767705596e-01 3.662747985799796879e-05
6.147308781869688099e-01 4.183127748547121882e-05
6.118980169971670602e-01 4.774607805302366614e-05
6.090651558073654215e-01 5.445279384730383754e-05
6.062322946175637828e-01 6.202985241543501616e-05
6.033994334277620331e-01 7.055565220071002841e-05
6.005665722379602833e-01 8.009906741790473461e-05
5.977337110481586446e-01 9.072137618204578757e-05
5.949008498583568949e-01 1.024689263431355357e-04
5.920679886685551452e-01 1.153659177361987531e-04
5.892351274787535065e-01 1.294185931328684092e-04
5.864022662889518678e-01 1.446018577553331852e-04
5.835694050991501181e-01 1.608599995961412787e-04
5.807365439093483683e-01 1.781095779733732343e-04
5.779036827195467296e-01 1.962186215678229928e-04
5.750708215297450909e-01 2.150285872630774975e-04
5.722379603399433412e-01 2.343369415029883385e-04
5.694050991501415915e-01 2.538997505325824022e-04
5.665722379603399528e-01 2.734418085310608149e-04
5.637393767705382031e-01 2.926582528743892908e-04
5.609065155807364533e-01 3.112058620899915695e-04
5.580736543909348146e-01 3.287328581791371107e-04
5.552407932011331759e-01 3.448748320806771517e-04
5.524079320113314262e-01 3.592639113776385784e-04
5.495750708215296765e-01 3.715478233061730862e-04
5.467422096317280378e-01 3.814088704530149698e-04
5.439093484419263991e-01 3.885574988089501858e-04
5.410764872521246494e-01 3.927703655790537596e-04
5.382436260623228996e-01 3.938788140658289194e-04
5.354107648725212609e-01 3.917173016816377640e-04
5.325779036827195112e-01 3.860930737573653460e-04
5.297450424929177615e-01 3.768569149542599916e-04
5.269121813031161228e-01 3.639300120994448662e-04
5.240793201133144841e-01 3.473468532320111990e-04
5.212464589235127344e-01 3.272228641435503960e-04
5.184135977337109846e-01 3.037422429770231247e-04
5.155807365439093459e-01 2.771438448689877987e-04
5.127478753541077072e-01 2.477020607329905033e-04
5.099150141643058465e-01 2.157492417609319091e-04
5.070821529745042078e-01 1.818012242438271642e-04
5.042492917847025691e-01 1.467508554924279451e-04
5.014164305949008194e-01 1.105260453186929226e-04
4.985835694050991806e-01 7.377326983259990811e-05
4.957507082152974309e-01 4.475982495932839811e-05
4.929178470254956812e-01 2.314488847332540900e-05
4.900849858356940425e-01 9.272870556742418557e-06
4.872521246458922928e-01 3.475471885394654237e-06
4.844192634560906541e-01 3.503195102894096635e-06
4.815864022662889044e-01 3.689104914883500896e-06
4.787535410764872656e-01 2.788639449136098847e-06
4.759206798866855159e-01 1.663709667809598614e-06
4.730878186968838772e-01 8.225555347962654196e-07
4.702549575070821275e-01 3.922429527847270947e-07
4.674220963172803778e-01 3.409196267512015766e-07
4.645892351274787391e-01 3.132283268314495217e-07
4.617563739376769893e-01 2.329859825067615020e-07
4.589235127478753506e-01 1.429165052968528471e-07
4.560906515580736009e-01 7.419011183174006874e-08
4.532577903682719622e-01 3.746387378100735077e-08
4.504249291784702125e-01 3.068833720476504823e-08
4.475920679886685738e-01 2.765771789370319311e-08
4.447592067988668241e-01 2.087780082149492955e-08
4.419263456090650743e-01 1.311407249460216917e-08
4.390934844192634356e-01 6.876765823449204618e-09
4.362606232294616859e-01 3.252070834847131664e-09
4.334277620396600472e-01 2.171146151752623155e-09
4.305949008498582975e-01 1.906228508374852026e-09
4.277620396600566588e-01 1.465559340552147205e-09
4.249291784702549091e-01 9.494864894321608517e-10
4.220963172804532704e-01 5.232783650832573130e-10
4.192634560906515206e-01 2.666160625608426926e-10
4.164305949008498819e-01 1.700013185779170044e-10
4.135977337110481322e-01 1.382479131173397491e-10
4.107648725212463825e-01 1.080155548338623817e-10
4.079320113314447438e-01 7.719044153864373925e-11
4.050991501416429941e-01 4.962309382849916517e-11
4.022662889518413554e-01 3.515297081202461982e-11
3.994334277620396056e-01 2.680471122840089038e-11
3.966005665722379669e-01 2.178434863053801962e-11
3.937677053824362172e-01 2.107400018380722884e-11
3.909348441926345785e-01 1.676201365208296323e-11
3.881019830028328288e-01 1.426661046244337427e-11
3.852691218130310791e-01 1.606063372572297254e-11
3.824362606232294404e-01 1.469922794594680227e-11
3.796033994334276906e-01 1.488470284527476650e-11
3.767705382436260519e-01 1.615864733683913812e-11
3.739376770538243022e-01 1.499455941356142574e-11
3.711048158640226635e-01 1.565972525263692461e-11
3.682719546742209138e-01 1.467761329143613125e-11
3.654390934844192751e-01 1.549270087219944969e-11
3.626062322946175254e-01 1.544162887834321651e-11
3.597733711048158867e-01 1.609353969533877660e-11
3.569405099150141369e-01 1.525905617139056147e-11
3.541076487252123872e-01 1.595086736305706410e-11
3.512747875354107485e-01 1.573333130444609651e-11
3.484419263456089988e-01 1.495003426610352903e-11
3.456090651558073601e-01 1.637664136244776358e-11
3.427762039660056104e-01 1.634778597214836537e-11
3.399433427762039717e-01 1.754872983039668100e-11
3.371104815864022219e-01 1.768243711175454536e-11
3.342776203966005832e-01 1.706638996790132978e-11
3.314447592067988335e-01 1.920494492602120573e-11
3.286118980169970838e-01 1.909492702845128065e-11
3.257790368271954451e-01 1.822814815755080531e-11
3.229461756373936954e-01 1.839290698912865452e-11
3.201133144475920567e-01 2.182702629749400103e-11
3.172804532577903069e-01 1.878066625826679825e-11
3.144475920679886682e-01 1.925518772205592199e-11
3.116147308781869185e-01 2.097429868674893783e-11
3.087818696883852798e-01 2.008922195262385912e-11
3.059490084985835301e-01 2.339591541333785329e-11
3.031161473087818914e-01 2.272788554580351672e-11
3.002832861189801417e-01 2.115073220732011094e-11
2.974504249291783919e-01 2.475154109449206885e-11
2.946175637393767532e-01 2.608898340417109551e-11
2.917847025495750035e-01 2.232728758821966863e-11
2.889518413597733648e-01 2.656404610168472402e-11
2.861189801699716151e-01 2.822544108160851550e-11
2.832861189801699764e-01 2.319042180509711670e-11
2.804532577903682267e-01 2.876353495662176130e-11
2.776203966005665880e-01 2.720745503892452177e-11
2.747875354107648382e-01 2.521277284173173427e-11
2.719546742209630885e-01 2.771343918239743687e-11
2.691218130311614498e-01 2.882900862477555393e-11
2.662889518413597001e-01 2.713800885401074225e-11
2.634560906515580614e-01 3.265595086010542047e-11
2.606232294617563117e-01 3.127175948747229484e-11
2.577903682719546730e-01 2.903646247054414431e-11
2.549575070821529232e-01 3.008839011275910025e-11
2.521246458923512845e-01 3.344570800867252558e-11
2.492917847025495348e-01 3.242319954188666031e-11
2.464589235127477851e-01 3.220085309507680904e-11
2.436260623229461464e-01 3.489646765997278521e-11
2.407932011331443967e-01 3.808873355604092126e-11
2.379603399433427580e-01 3.739417456238847137e-11
2.351274787535410082e-01 3.847933083278576305e-11
2.322946175637393695e-01 3.826299693754364739e-11
2.294617563739376198e-01 3.518279070857666113e-11
2.266288951841359811e-01 4.042515627800113975e-11
2.237960339943342314e-01 4.029802533334070347e-11
2.209631728045325927e-01 4.239590276067239927e-11
2.181303116147308430e-01 4.419908189445820312e-11
2.152974504249290932e-01 4.548015089533841149e-11
2.124645892351274545e-01 4.542611425906173395e-11
2.096317280453257048e-01 5.185446169675422823e-11
2.067988668555240661e-01 4.872195008553958928e-11
2.039660056657223164e-01 5.010010808992326758e-11
2.011331444759206777e-01 5.456684409876899622e-11
1.983002832861189280e-01 5.200938291149981296e-11
1.954674220963172893e-01 4.933877958968047039e-11
1.926345609065155395e-01 4.979370388236148415e-11
1.898016997167137898e-01 6.297252996834146188e-11
1.869688385269121511e-01 5.577423939362446959e-11
1.841359773371104014e-01 5.299505279054983475e-11
1.813031161473087627e-01 6.321482920457199839e-11
1.784702549575070130e-01 6.386028511551344877e-11
1.756373937677053743e-01 5.984828604921332840e-11
1.728045325779036245e-01 7.041046218292379422e-11
1.699716713881019858e-01 7.315573147259613052e-11
1.671388101983002361e-01 6.598119967060611657e-11
1.643059490084985974e-01 6.987667389157792286e-11
1.614730878186968477e-01 8.934081946465610713e-11
1.586402266288950980e-01 7.872460322522201182e-11
1.558073654390934593e-01 8.202039047944253980e-11
1.529745042492917095e-01 8.738258727714054430e-11
1.501416430594900708e-01 9.083366697693051606e-11
1.473087818696883211e-01 8.043236215948823542e-11
1.444759206798866824e-01 9.950881785236731503e-11
1.416430594900849327e-01 1.054007575662652130e-10
1.388101983002832940e-01 1.040954128450621852e-10
1.359773371104815443e-01 1.035286925632483701e-10
1.331444759206797945e-01 1.101025381977649431e-10
1.303116147308781558e-01 1.240787750322880356e-10
1.274787535410764061e-01 1.194665200099365165e-10
1.246458923512747674e-01 1.238872060493889649e-10
1.218130311614730177e-01 1.335934279866890506e-10
1.189801699716713790e-01 1.506770819226233016e-10
1.161473087818696293e-01 1.579371772253423956e-10
1.133144475920679906e-01 1.294033769028146708e-10
1.104815864022662408e-01 1.560879203665876958e-10
1.076487252124646021e-01 2.097187284944013186e-10
1.048158640226628524e-01 2.098796691996085428e-10
1.019830028328611027e-01 1.598834120652981028e-10
9.915014164305946398e-02 1.765916440854553571e-10
9.631728045325771426e-02 2.320645897668782709e-10
9.348441926345607556e-02 2.955646838387337993e-10
9.065155807365432583e-02 2.847020952323475740e-10
8.781869688385268713e-02 2.841620549975942822e-10
8.498583569405093741e-02 1.899965046403551128e-10
8.215297450424929870e-02 1.192736048816200878e-10
7.932011331444754898e-02 6.302275368241794240e-11
7.648725212464579926e-02 2.952741870454467232e-11
7.365439093484416055e-02 1.374744588999998740e-11
7.082152974504241083e-02 7.470418381116950002e-12
6.798866855524077213e-02 5.867166127937473163e-12
6.515580736543902240e-02 4.287633182525896203e-12
6.232294617563738370e-02 4.617830423603308532e-12
5.949008498583563398e-02 3.957468033832789445e-12
5.665722379603399528e-02 3.616937045008983276e-12
5.382436260623224555e-02 3.266354201003629498e-12
5.099150141643049583e-02 2.346018128027149707e-12
4.815864022662885713e-02 3.090858298471221843e-12
4.532577903682710740e-02 3.365746483602327643e-12
4.249291784702546870e-02 1.831337598928728383e-12
3.966005665722371898e-02 5.039532701735238707e-13
3.682719546742208028e-02 7.312261961298777146e-14
3.399433427762033055e-02 5.507765670951202119e-15
3.116147308781869185e-02 2.006575921071216610e-16
2.832861189801694213e-02 2.912803823747026607e-18
2.549575070821530343e-02 2.791765263522012363e-21
2.266288951841355370e-02 -2.145781431815888059e-22
1.983002832861180398e-02 0.000000000000000000e+00
1.699716713881016528e-02 0.000000000000000000e+00
1.416430594900841555e-02 0.000000000000000000e+00
1.133144475920677685e-02 0.000000000000000000e+00
8.498583569405027127e-03 0.000000000000000000e+00
5.665722379603388426e-03 0.000000000000000000e+00
2.832861189801638702e-03 0.000000000000000000e+00
0.000000000000000000e+00 0.000000000000000000e+00
