3.846153846153845812e+00 1.804874860219451773e-10 2.662558835879657609e-09 2.843046321901599064e-09
3.846151191026828897e+00 1.756312251664294838e-10 2.662321467706304777e-09 2.837952692872737776e-09
3.846129950179884016e+00 1.402300391458342102e-10 2.643548002382690259e-09 2.783778041528520204e-09
3.846087469388346669e+00 8.573128052727521773e-11 2.527564983145218375e-09 2.613296263672494097e-09
3.846023750456882606e+00 3.559625793881810630e-11 2.213905553805252592e-09 2.249501811744067448e-09
3.845938796092393641e+00 6.733585679586130963e-12 1.676982822064996101e-09 1.683716407744583064e-09
3.845832609903904853e+00 2.905295799495437748e-13 1.030762000317897175e-09 1.031052529897846887e-09
3.845705196402408710e+00 4.648998066246361754e-12 4.740741782177993620e-10 4.787231762840463781e-10
3.845556561000675444e+00 7.718638075117315875e-12 1.433054134253134483e-10 1.510240515004307302e-10
3.845386710013023013e+00 5.971122457392164074e-12 2.381931991599486503e-11 2.979044237338708403e-11
3.845195650655046649e+00 2.575312839446669286e-12 8.833830171226487907e-12 1.140914301067318627e-11
3.844983391043315102e+00 5.489821877268599375e-13 1.288632766290364591e-11 1.343530985063049534e-11
3.844749940195023363e+00 2.368881781979720539e-14 1.139902702310192952e-11 1.142271584092174129e-11
3.844495308027612079e+00 1.078085033742984303e-14 8.546415846371234056e-12 8.557196696708668985e-12
3.844219505358344779e+00 1.752264421822711195e-14 7.511971733652105780e-12 7.529494377870303963e-12
3.843922543903847355e+00 6.317072732959078212e-15 7.420791251678376769e-12 7.427108324411314872e-12
3.843604436279613346e+00 1.110344848940980393e-15 7.446758064862157784e-12 7.447868409711092046e-12
3.843265195999465256e+00 2.578075606963464911e-16 7.460174849521768518e-12 7.460432657082472536e-12
3.842904837474979907e+00 2.361218496277797696e-16 7.466580088907657766e-12 7.466816210757277184e-12
3.842523376014881364e+00 3.294745090120542522e-16 7.467680844609315676e-12 7.468010319118321338e-12
3.842120827824382356e+00 3.833853498558906461e-16 7.467471161552886026e-12 7.467854546902732190e-12
3.841697210004504370e+00 3.911240281975565642e-16 7.467989872818220558e-12 7.468380996846416225e-12
3.841252540551344907e+00 3.887616941397528240e-16 7.469065625379561698e-12 7.469454387073690129e-12
3.840786838355315425e+00 3.898304249966770598e-16 7.470268167891161340e-12 7.470657998316149113e-12
3.840300123200340199e+00 3.932399541024653348e-16 7.471476297721793002e-12 7.471869537675913088e-12
3.839792415763012556e+00 3.970191912667857157e-16 7.472711766904158968e-12 7.473108786095421024e-12
3.839263737611718685e+00 4.008501601229937357e-16 7.473994105360923307e-12 7.474394955521047747e-12
3.838714111205721480e+00 4.048768989771890813e-16 7.475324656914168841e-12 7.475729533813141535e-12
3.838143559894206192e+00 4.091570197063093732e-16 7.476701599835425343e-12 7.477110756855119440e-12
3.837552107915287447e+00 4.136954649759700399e-16 7.478124418934202352e-12 7.478538114399192429e-12
3.836939780394980293e+00 4.184991179977971231e-16 7.479593034179415279e-12 7.480011533297420274e-12
3.836306603346133048e+00 4.235790772293239168e-16 7.481107319025266245e-12 7.481530898102489321e-12
3.835652603667322413e+00 4.289468872488866578e-16 7.482667130392217969e-12 7.483096077279439206e-12
3.834977809141710381e+00 4.346142709414957738e-16 7.484272339173198277e-12 7.484706953444151645e-12
3.834282248435862961e+00 4.405933404374556330e-16 7.485922825148174472e-12 7.486363418488611911e-12
3.833565951098534264e+00 4.468966088420715491e-16 7.487618471299259255e-12 7.488065367908094494e-12
3.832828947559410615e+00 4.535369813371260592e-16 7.489359160518606204e-12 7.489812697499946678e-12
3.832071269127816482e+00 4.605277570222496843e-16 7.491144772367986270e-12 7.491605300125013260e-12
3.831292947991386200e+00 4.678826300204541199e-16 7.492975179819188871e-12 7.493443062449215409e-12
3.830494017214695290e+00 4.756156911435207505e-16 7.494850246388078556e-12 7.495325862079213228e-12
3.829674510737857140e+00 4.837414291345057803e-16 7.496769823504372304e-12 7.497253564933507831e-12
3.828834463375079267e+00 4.922747319544959254e-16 7.498733748326021549e-12 7.499226023057975279e-12
3.827973910813186720e+00 5.012308882400402756e-16 7.500741841890696154e-12 7.501243072778922526e-12
3.827092889610104187e+00 5.106255890001760757e-16 7.502793907508963455e-12 7.503304533097967671e-12
3.826191437193303457e+00 5.204749288286721661e-16 7.504889729694032867e-12 7.505410204622847628e-12
3.825269591858212692e+00 5.307954076660320531e-16 7.507029073399358706e-12 7.507559868807012955e-12
3.824327392766592393e+00 5.416039322798032310e-16 7.509211683508163117e-12 7.509753287440457803e-12
3.823364879944867845e+00 5.529178179884550974e-16 7.511437284693920432e-12 7.511990202511916792e-12
3.822382094282430920e+00 5.647547902584225316e-16 7.513705581530467515e-12 7.514270336320720188e-12
3.821379077529903689e+00 5.771329864366502362e-16 7.516016258874805821e-12 7.516593391861235786e-12
3.820355872297362509e+00 5.900709574713210277e-16 7.518368982377788488e-12 7.518959053335252370e-12
3.819312522052530134e+00 6.035876697502243894e-16 7.520763399115528950e-12 7.521366986785285020e-12
3.818249071118927418e+00 6.177025067863991873e-16 7.523199138493389793e-12 7.523816841000187636e-12
3.817165564673991263e+00 6.324352711597327580e-16 7.525675813120965359e-12 7.526308248392132410e-12
3.816062048747155266e+00 6.478061864091498926e-16 7.528193019686555438e-12 7.528840825872962443e-12
3.814938570217893954e+00 6.638358989161945572e-16 7.530750339968761926e-12 7.531414175867699641e-12
3.813795176813732368e+00 6.805454799000245118e-16 7.533347341771745751e-12 7.534027887251633720e-12
3.812631917108216140e+00 6.979564274130227188e-16 7.535983579843025769e-12 7.536681536270426545e-12
3.811448840518851355e+00 7.160906683527263391e-16 7.538658596749891161e-12 7.539374687418219275e-12
3.810245997305001797e+00 7.349705606161817056e-16 7.541371923616406438e-12 7.542106894177017132e-12
3.809023438565756425e+00 7.546188951059224491e-16 7.544123080900873973e-12 7.544877699795988849e-12
3.807781216237756894e+00 7.750588979311552975e-16 7.546911579045025378e-12 7.547686637942960267e-12
3.806519383092991760e+00 7.963142326185636675e-16 7.549736918941543341e-12 7.550533233174168907e-12
3.805237992736556052e+00 8.184090022727720700e-16 7.552598592432223074e-12 7.553417001434475600e-12
3.803937099604370431e+00 8.413677519318317220e-16 7.555496082709158138e-12 7.556337450461098093e-12
3.802616758960873256e+00 8.652154708382997183e-16 7.558428864582908521e-12 7.559294080053737221e-12
3.801277026896669575e+00 8.899775947977823670e-16 7.561396404712715343e-12 7.562286382307491254e-12
3.799917960326148147e+00 9.156800085813639418e-16 7.564398161756984720e-12 7.565313841765566043e-12
3.798539616985065592e+00 9.423490483117991982e-16 7.567433586489857222e-12 7.568375935538182229e-12
3.797142055428093688e+00 9.700115039994130520e-16 7.570502121855507756e-12 7.571472133359511770e-12
3.795725335026329361e+00 9.986946220185171877e-16 7.573603202950404802e-12 7.574601897572430023e-12
3.794289515964774484e+00 1.028426107675803904e-15 7.576736257009458375e-12 7.577764683117142018e-12
3.792834659239779249e+00 1.059234127814018215e-15 7.579900703355654089e-12 7.580959937483479011e-12
3.791360826656449134e+00 1.091147313473499600e-15 7.583095953324968749e-12 7.584187100638442635e-12
3.789868080826022556e+00 1.124194762561940334e-15 7.586321410169129775e-12 7.587445604931697897e-12
3.788356485163206777e+00 1.158406042606550403e-15 7.589576468942107285e-12 7.590734874984735827e-12
3.786826103883487171e+00 1.193811193529464811e-15 7.592860516422611143e-12 7.594054327616157416e-12
3.785277002000397850e+00 1.230440730456658758e-15 7.596172930998581330e-12 7.597403371729033265e-12
3.783709245322760317e+00 1.268325646585650491e-15 7.599513082538813390e-12 7.600781408185399933e-12
3.782122900451888370e+00 1.307497416064493163e-15 7.602880332319541303e-12 7.604187829735587692e-12
3.780518034778756142e+00 1.347987996969099377e-15 7.606274032918109231e-12 7.607622020915091136e-12
3.778894716481137728e+00 1.389829834302350126e-15 7.609693528114276922e-12 7.611083357948590383e-12
3.777253014520711716e+00 1.433055863034192165e-15 7.613138152819224341e-12 7.614571208682267668e-12
3.775592998640126652e+00 1.477699511186343283e-15 7.616607232979685969e-12 7.618084932490848071e-12
3.773914739360045179e+00 1.523794702999081132e-15 7.620100085506052319e-12 7.621623880209042081e-12
3.772218307976141993e+00 1.571375862105913157e-15 7.623616018210195692e-12 7.625187394072290706e-12
3.770503776556079156e+00 1.620477914740886444e-15 7.627154329738605862e-12 7.628774807653364985e-12
3.768771217936441875e+00 1.671136293054293955e-15 7.630714309518287301e-12 7.632385445811358674e-12
3.767020705719645868e+00 1.723386938393286905e-15 7.634295237699779033e-12 7.636018624638170303e-12
3.765252314270810530e+00 1.777266304735864184e-15 7.637896385118567952e-12 7.639673651423301152e-12
3.763466118714599240e+00 1.832811362052113619e-15 7.641517013253972129e-12 7.643349824616005272e-12
3.761662194932027248e+00 1.890059599844027076e-15 7.645156374178963907e-12 7.647046433778800967e-12
3.759840619557239361e+00 1.949049030613836105e-15 7.648813710529780708e-12 7.650762759560390324e-12
3.758001469974254327e+00 2.009818193484930624e-15 7.652488255465470729e-12 7.654498073658972457e-12
3.756144824313676800e+00 2.072406157794093249e-15 7.656179232638200069e-12 7.658251638796006373e-12
3.754270761449377325e+00 2.136852526785332194e-15 7.659885856162320693e-12 7.662022708689099806e-12
3.752379360995144797e+00 2.203197441381326263e-15 7.663607330567347158e-12 7.665810528008730869e-12
3.750470703301300723e+00 2.271481583915618876e-15 7.667342850783479336e-12 7.669614332367399382e-12
3.748544869451286843e+00 2.341746182016592483e-15 7.671091602122242828e-12 7.673433348304277184e-12
3.746601941258222102e+00 2.414033012468977801e-15 7.674852760233480427e-12 7.677266793245950979e-12
3.744642001261425879e+00 2.488384405176592838e-15 7.678625491076903238e-12 7.681113875482077053e-12
3.742665132722911014e+00 2.564843247163699020e-15 7.682408950902992824e-12 7.684973794150147902e-12
3.740671419623847527e+00 2.643452986650527604e-15 7.686202286233649705e-12 7.688845739220275021e-12
3.738660946660994799e+00 2.724257637182765353e-15 7.690004633824367614e-12 7.692728891461544297e-12
3.736633799243103571e+00 2.807301781804237457e-15 7.693815120633571273e-12 7.696622422415374980e-12
3.734590063487286837e+00 2.892630577302237426e-15 7.697632863814157171e-12 7.700525494391471021e-12
3.732529826215362778e+00 2.980289758504115607e-15 7.701456970684747432e-12 7.704437260443262532e-12
3.730453174950165263e+00 3.070325642638891124e-15 7.705286538698205244e-12 7.708356864340846317e-12
3.728360197911825935e+00 3.162785133772091412e-15 7.709120655420491677e-12 7.712283440554264544e-12
3.726250984014026546e+00 3.257715727278470100e-15 7.712958398511663142e-12 7.716216114238938615e-12
3.724125622860222418e+00 3.355165514429828363e-15 7.716798835708862493e-12 7.720154001223287301e-12
3.721984204739835267e+00 3.455183186983686285e-15 7.720641024793474138e-12 7.724096207980473359e-12
3.719826820624416719e+00 3.557818041874651673e-15 7.724484013566930626e-12 7.728041831608812919e-12
3.717653562163785175e+00 3.663119985984643022e-15 7.728326839838232231e-12 7.731989959824206461e-12
3.715464521682131593e+00 3.771139540964084330e-15 7.732168531400553253e-12 7.735939670941515941e-12
3.713259792174097740e+00 3.881927848116297922e-15 7.736008106008468703e-12 7.739890033856601074e-12
3.711039467300824235e+00 3.995536673363635892e-15 7.739844571355500869e-12 7.743840108028871002e-12
3.708803641385975070e+00 4.112018412268337584e-15 7.743676925059252688e-12 7.747788943471514828e-12
3.706552409411725257e+00 4.231426095166412697e-15 7.747504154644896444e-12 7.751735580740063267e-12
3.704285867014730727e+00 4.353813392348769271e-15 7.751325237520605530e-12 7.755679050912954743e-12
3.702004110482063126e+00 4.479234619332358588e-15 7.755139140965776825e-12 7.759618375585103743e-12
3.699707236747119765e+00 4.607744742240618334e-15 7.758944822112844024e-12 7.763552566855085971e-12
3.697395343385505573e+00 4.739399383192852759e-15 7.762741227924927610e-12 7.767480627308126224e-12
3.695068528610888414e+00 4.874254825802968687e-15 7.766527295182622577e-12 7.771401550008409809e-12
3.692726891270826428e+00 5.012368020776798628e-15 7.770301950469960600e-12 7.775314318490739649e-12
3.690370530842567831e+00 5.153796591562755611e-15 7.774064110159868128e-12 7.779217906751443763e-12
3.687999547428826741e+00 5.298598840141385140e-15 7.777812680394154114e-12 7.783111279234274418e-12
3.685614041753530135e+00 5.446833752840222213e-15 7.781546557074745447e-12 7.786993390827600242e-12
3.683214115157538160e+00 5.598561006321259006e-15 7.785264625858817578e-12 7.790863186865120308e-12
3.680799869594338247e+00 5.753840973593316106e-15 7.788965762138766084e-12 7.794719603112361064e-12
3.678371407625716571e+00 5.912734730143001622e-15 7.792648831028629275e-12 7.798561565758774490e-12
3.675928832417398873e+00 6.075304060179039075e-15 7.796312687357318881e-12 7.802387991417505457e-12
3.673472247734669072e+00 6.241611462996662291e-15 7.799956175662805557e-12 7.806197787125795622e-12
3.671001757937959020e+00 6.411720159355704912e-15 7.803578130177861327e-12 7.809989850337225380e-12
3.668517467978417379e+00 6.585694097986319714e-15 7.807177374814415850e-12 7.813763068912427468e-12
3.666019483393450962e+00 6.763597962186911035e-15 7.810752723164079872e-12 7.817516321126268252e-12
3.663507910302238990e+00 6.945497176592969180e-15 7.814302978496500563e-12 7.821248475673078993e-12
3.660982855401227365e+00 7.131457913992397928e-15 7.817826933752306238e-12 7.824958391666310119e-12
3.658444425959594959e+00 7.321547102357987041e-15 7.821323371534630997e-12 7.828644918636973790e-12
3.655892729814698150e+00 7.515832431998631218e-15 7.824791064102526354e-12 7.832306896534530866e-12
3.653327875367485156e+00 7.714382362823095836e-15 7.828228773373460555e-12 7.835943155736291997e-12
3.650749971577897490e+00 7.917266131572579297e-15 7.831635250922641641e-12 7.839552517054217638e-12
3.648159127960235892e+00 8.124553759151305540e-15 7.835009237977807187e-12 7.843133791736952069e-12
3.645555454578510712e+00 8.336316058225023185e-15 7.838349465411172208e-12 7.846685781469392036e-12
3.642939062041764320e+00 8.552624640963422884e-15 7.841654653742949532e-12 7.850207278383911847e-12
3.640310061499373973e+00 8.773551926833234248e-15 7.844923513159286038e-12 7.853697065086123911e-12
3.637668564636329371e+00 8.999171150669713369e-15 7.848154743512461383e-12 7.857153914663118232e-12
3.635014683668486679e+00 9.229556370887993800e-15 7.851347034308801789e-12 7.860576590679704554e-12
3.632348531337804332e+00 9.464782477811199995e-15 7.854499064712840181e-12 7.863963847190666587e-12
3.629670220907550870e+00 9.704925201925188794e-15 7.857609503569839088e-12 7.867314428771758666e-12
3.626979866157493682e+00 9.950061122411184521e-15 7.860677009413325740e-12 7.870627070535761452e-12
3.624277581379067747e+00 1.020026767592810749e-14 7.863700230449509733e-12 7.873900498125428280e-12
3.621563481370516424e+00 1.045562316556597645e-14 7.866677804564877900e-12 7.877133427730442360e-12
3.618837681432018005e+00 1.071620676976153724e-14 7.869608359362790594e-12 7.880324566132543362e-12
3.616100297360786087e+00 1.098209855149127861e-14 7.872490512184521478e-12 7.883472610736007077e-12
3.613351445446150834e+00 1.125337946777796653e-14 7.875322870093418308e-12 7.886576249561189532e-12
3.610591242464616712e+00 1.153013137937825061e-14 7.878104029869093285e-12 7.889634161248464179e-12
3.607819805674905567e+00 1.181243706046631032e-14 7.880832578053066617e-12 7.892645015113541211e-12
3.605037252812971715e+00 1.210038020869174950e-14 7.883507090988679605e-12 7.895607471197376280e-12
3.602243702087001953e+00 1.239404545539946766e-14 7.886126134806074526e-12 7.898520180261461064e-12
3.599439272172392457e+00 1.269351837597020338e-14 7.888688265405680100e-12 7.901381783781656564e-12
3.596624082206710149e+00 1.299888550002992476e-14 7.891192028509034636e-12 7.904190914009053894e-12
3.593798251784628306e+00 1.331023432217325435e-14 7.893635959723301267e-12 7.906946194045475511e-12
3.590961900952846175e+00 1.362765331304607503e-14 7.896018584532189968e-12 7.909646237845252360e-12
3.588115150204992609e+00 1.395123193086867997e-14 7.898338418270886875e-12 7.912289650201762805e-12
3.585258120476503496e+00 1.428106063296023848e-14 7.900593966176599545e-12 7.914875026809553568e-12
3.582390933139485423e+00 1.461723088754412465e-14 7.902783723470349284e-12 7.917400954357891917e-12
3.579513709997559801e+00 1.495983518553683939e-14 7.904906175358312086e-12 7.919866010543837383e-12
3.576626573280689225e+00 1.530896705247330425e-14 7.906959796988978106e-12 7.922268764041437359e-12
3.573729645639982522e+00 1.566472106052551869e-14 7.908943053499113504e-12 7.924607774559626514e-12
3.570823050142486466e+00 1.602719284132318114e-14 7.910854400124946760e-12 7.926881592966268338e-12
3.567906910265957521e+00 1.639647909941740523e-14 7.912692282232364003e-12 7.929088761331795384e-12
3.564981349893614482e+00 1.677267762606754087e-14 7.914455135263439539e-12 7.931227812889509446e-12
3.562046493308877793e+00 1.715588731276195673e-14 7.916141384761690704e-12 7.933297272074462278e-12
3.559102465190088438e+00 1.754620816486737545e-14 7.917749446494474751e-12 7.935295654659345859e-12
3.556149390605212623e+00 1.794374131531425667e-14 7.919277726501435459e-12 7.937221467816750659e-12
3.553187395006526028e+00 1.834858903881713818e-14 7.920724621043848013e-12 7.939073210082663063e-12
3.550216604225287398e+00 1.876085476667346771e-14 7.922088516624073907e-12 7.940849371390740051e-12
3.547237144466392156e+00 1.918064310244729999e-14 7.923367790119754841e-12 7.942548433222214687e-12
3.544249142303009137e+00 1.960805983798138402e-14 7.924560808855846901e-12 7.944168868693824438e-12
3.541252724671206220e+00 2.004321196952491304e-14 7.925665930555905768e-12 7.945709142525428359e-12
3.538248018864555533e+00 2.048620771377856412e-14 7.926681503339590629e-12 7.947167711053337288e-12
3.535235152528727554e+00 2.093715652416333751e-14 7.927605865848492569e-12 7.948543022372642240e-12
3.532214253656066560e+00 2.139616910727792116e-14 7.928437347355576057e-12 7.949833516462858607e-12
3.529185450580156314e+00 2.186335744024062389e-14 7.929174267748943911e-12 7.951037625189179859e-12
3.526148871970364862e+00 2.233883478886558891e-14 7.929814937513574705e-12 7.952153772302438770e-12
3.523104646826380026e+00 2.282271572684075348e-14 7.930357657828012421e-12 7.953180373554856156e-12
3.520052904472728894e+00 2.331511615489347695e-14 7.930800720684152547e-12 7.954115836839021761e-12
3.516993774553284879e+00 2.381615331990080672e-14 7.931142408904436767e-12 7.954958562224361287e-12
3.513927387025758797e+00 2.432594583409626276e-14 7.931380996125365900e-12 7.955706941959466072e-12
3.510853872156179278e+00 2.484461369479487225e-14 7.931514746880238956e-12 7.956359360575033456e-12
3.507773360513356309e+00 2.537227830489859912e-14 7.931541916734345473e-12 7.956914195039247486e-12
3.504685982963338109e+00 2.590906249423041820e-14 7.931460752333649619e-12 7.957369814827893788e-12
3.501591870663849360e+00 2.645509054194827070e-14 7.931269491382693804e-12 7.957724581924643905e-12
3.498491155058719215e+00 2.701048819931830147e-14 7.930966362695845109e-12 7.957976850895171974e-12
3.495383967872298658e+00 2.757538271287150805e-14 7.930549586331641042e-12 7.958124969044517760e-12
3.492270441103863643e+00 2.814990284794460912e-14 7.930017373675615853e-12 7.958167276523549001e-12
3.489150707022006692e+00 2.873417891289099342e-14 7.929367927444024453e-12 7.958102106356928838e-12
3.486024898159021390e+00 2.932834278358154674e-14 7.928599441722492112e-12 7.957927784506093014e-12
3.482893147305266890e+00 2.993252792845042085e-14 7.927710102080485266e-12 7.957642630008925464e-12
3.479755587503531533e+00 3.054686943456447879e-14 7.926698085668628027e-12 7.957244955103189168e-12
3.476612352043377818e+00 3.117150403501214790e-14 7.925561561255193446e-12 7.956733065290183518e-12
3.473463574455481595e+00 3.180657013716911390e-14 7.924298689262665865e-12 7.956105259399833092e-12
3.470309388505958381e+00 3.245220785137092194e-14 7.922907621855173266e-12 7.955359829706555945e-12
3.467149928190682573e+00 3.310855902008088143e-14 7.921386503037810333e-12 7.954495062057906354e-12
3.463985327729592001e+00 3.377576724761361913e-14 7.919733468722053577e-12 7.953509235969682816e-12
3.460815721560989822e+00 3.445397793072532545e-14 7.917946646773634413e-12 7.952400624704374493e-12
3.457641244335828645e+00 3.514333829034935726e-14 7.916024157085885199e-12 7.951167495376234159e-12
3.454462030911995107e+00 3.584399740473837343e-14 7.913964111678695567e-12 7.949808109083428375e-12
3.451278216348577565e+00 3.655610624367091512e-14 7.911764614784781542e-12 7.948320721028460125e-12
3.448089935900130243e+00 3.727981770342571803e-14 7.909423762906557441e-12 7.946703580609989098e-12
3.444897325010926270e+00 3.801528664236736044e-14 7.906939644870180494e-12 7.944954931512548466e-12
3.441700519309204509e+00 3.876266991721630790e-14 7.904310341909871567e-12 7.943073011827091926e-12
3.438499654601407496e+00 3.952212642026097155e-14 7.901533927769697152e-12 7.941056054189953574e-12
3.435294866866411390e+00 4.029381711810038368e-14 7.898608468786707483e-12 7.938902285904797270e-12
3.432086292249751480e+00 4.107790509222091190e-14 7.895532023952556640e-12 7.936609929044752447e-12
3.428874067057835262e+00 4.187455558111534144e-14 7.892302644983908224e-12 7.934177200565035064e-12
3.425658327752155952e+00 4.268393602328529867e-14 7.888918376415727438e-12 7.931602312439025289e-12
3.422439210943490906e+00 4.350621610111592764e-14 7.885377255692479360e-12 7.928883471793605227e-12
3.419216853386101818e+00 4.434156778585752140e-14 7.881677313237066050e-12 7.926018881022944725e-12
3.415991391971922031e+00 4.519016538416531779e-14 7.877816572514353049e-12 7.923006737898540625e-12
3.412762963724744303e+00 4.605218558623101448e-14 7.873793050119689016e-12 7.919845235705924517e-12
3.409531705794397460e+00 4.692780751546881339e-14 7.869604755875760176e-12 7.916532563391244962e-12
3.406297755450920839e+00 4.781721277960423018e-14 7.865249692906881478e-12 7.913066905686496494e-12
3.403061250078732058e+00 4.872058552325577563e-14 7.860725857706728471e-12 7.909446443229995568e-12
3.399822327170792136e+00 4.963811248272894384e-14 7.856031240223887488e-12 7.905669352706647456e-12
3.396581124322763046e+00 5.056998304313613470e-14 7.851163823948701533e-12 7.901733806991841738e-12
3.393337779227163065e+00 5.151638929743592541e-14 7.846121585989676245e-12 7.897637975287113162e-12
3.390092429667517671e+00 5.247752610668406391e-14 7.840902497150389923e-12 7.893380023257062646e-12
3.386845213512505559e+00 5.345359116125995513e-14 7.835504522002398507e-12 7.888958113163648118e-12
3.383596268710101995e+00 5.444478504403335374e-14 7.829925618957004810e-12 7.884370404001039187e-12
3.380345733281717724e+00 5.545131129612004791e-14 7.824163740348008892e-12 7.879615051644110600e-12
3.377093745316337881e+00 5.647337648605212437e-14 7.818216832515010956e-12 7.874690209001063535e-12
3.373840442964653352e+00 5.751119028175128972e-14 7.812082835868978346e-12 7.869594026150724650e-12
3.370585964433192139e+00 5.856496552461469191e-14 7.805759684956066079e-12 7.864324650480696561e-12
3.367330447978449826e+00 5.963491830524372433e-14 7.799245308535505919e-12 7.858880226840756219e-12
3.364074031901013839e+00 6.072126804117091992e-14 7.792537629656461470e-12 7.853258897697641087e-12
3.360816854539689480e+00 6.182423755735440922e-14 7.785634565717665965e-12 7.847458803275017143e-12
3.357559054265624177e+00 6.294405316990051077e-14 7.778534028525467073e-12 7.841478081695367823e-12
3.354300769476425970e+00 6.408094477306858872e-14 7.771233924364738256e-12 7.835314869137806188e-12
3.351042138590286878e+00 6.523514592968608676e-14 7.763732154063996619e-12 7.828967299993681810e-12
3.347783300040102716e+00 6.640689396480151418e-14 7.756026613048003202e-12 7.822433507012804338e-12
3.344524392267589352e+00 6.759643006269482397e-14 7.748115191395171246e-12 7.815711621457871005e-12
3.341265553717404746e+00 6.880399936693490178e-14 7.739995773892799891e-12 7.808799773259735865e-12
3.338006922831266099e+00 7.002985108360231834e-14 7.731666240074436241e-12 7.801696091158045034e-12
3.334748638042067892e+00 7.127423858810907295e-14 7.723124464265951913e-12 7.794398702854066388e-12
3.331490837768002145e+00 7.253741953650098549e-14 7.714368315640456839e-12 7.786905735176931862e-12
3.328233660406678229e+00 7.381965598150800867e-14 7.705395658251158697e-12 7.779215314232689904e-12
3.324977244329241799e+00 7.512121449302190539e-14 7.696204351060341693e-12 7.771325565553362778e-12
3.321721727874499486e+00 7.644236628280720610e-14 7.686792247984843727e-12 7.763234614267641417e-12
3.318467249343038272e+00 7.778338733364180324e-14 7.677157197913989410e-12 7.754940585247648593e-12
3.315213946991353744e+00 7.914455853289923641e-14 7.667297044714288187e-12 7.746441603247199250e-12
3.311961959025973901e+00 8.052616581144855639e-14 7.657209627270017891e-12 7.737735793081466713e-12
3.308711423597590073e+00 8.192850028819284069e-14 7.646892779495991111e-12 7.728821279784169626e-12
3.305462478795186065e+00 8.335185842056033992e-14 7.636344330289363842e-12 7.719696188709919398e-12
3.302215262640173954e+00 8.479654216080519974e-14 7.625562103541799241e-12 7.710358645702606385e-12
3.298969913080528560e+00 8.626285911868345370e-14 7.614543918203748609e-12 7.700806777322448042e-12
3.295726567984928579e+00 8.775112273027450764e-14 7.603287588230090115e-12 7.691038710960369267e-12
3.292485365136899489e+00 8.926165243309601754e-14 7.591790922469021635e-12 7.681052574902102431e-12
3.289246442228959566e+00 9.079477384833371207e-14 7.580051724695165753e-12 7.670846498543514447e-12
3.286009936856770786e+00 9.235081897134085044e-14 7.568067793655914487e-12 7.660418612627257975e-12
3.282775986513294164e+00 9.393012636973996421e-14 7.555836922924685516e-12 7.649767049294415282e-12
3.279544728582947322e+00 9.553304138935966673e-14 7.543356900766936688e-12 7.638889942156307854e-12
3.276316300335769593e+00 9.715991636900963281e-14 7.530625510194007080e-12 7.627785426563016675e-12
3.273090838921590251e+00 9.881111086439317530e-14 7.517640528934059042e-12 7.616451639798446601e-12
3.269868481364200719e+00 1.004869918808627251e-13 7.504399729195168509e-12 7.604886721076020821e-12
3.266649364555535673e+00 1.021879341162051791e-13 7.490900877550048002e-12 7.593088811666257309e-12
3.263433625249856362e+00 1.039143202148443371e-13 7.477141734985638700e-12 7.581056055200499205e-12
3.260221400057940144e+00 1.056665410327566638e-13 7.463120056739217195e-12 7.568786597771974641e-12
3.257012825441280235e+00 1.074449959130638213e-13 7.448833591982124929e-12 7.556278587895197030e-12
3.253808037706284129e+00 1.092500929741131607e-13 7.434280083748714671e-12 7.543530176722825333e-12
3.250607172998487115e+00 1.110822494110168501e-13 7.419457268928729790e-12 7.530539518339754226e-12
3.247410367296765354e+00 1.129418918104067569e-13 7.404362877967364045e-12 7.517304769777783638e-12
3.244217756407561382e+00 1.148294564792012924e-13 7.388994634513667814e-12 7.503824090992864815e-12
3.241029475959114059e+00 1.167453897890242797e-13 7.373350255308592759e-12 7.490095645097601085e-12
3.237845661395696961e+00 1.186901485359362670e-13 7.357427450082557134e-12 7.476117598618484869e-12
3.234666447971863423e+00 1.206642003167651037e-13 7.341223921186830196e-12 7.461888121503599187e-12
3.231491970746702247e+00 1.226680239238511166e-13 7.324737363162747205e-12 7.447405387086585220e-12
3.228322364578099180e+00 1.247021097582256184e-13 7.307965462551687293e-12 7.432667572309913215e-12
3.225157764117009052e+00 1.267669602615334072e-13 7.290905897702350082e-12 7.417672857963887604e-12
3.221998303801733243e+00 1.288630903698048958e-13 7.273556338286829167e-12 7.402419428656618084e-12
3.218844117852210029e+00 1.309910279908105625e-13 7.255914444824056734e-12 7.386905472814871032e-12
3.215695340264313806e+00 1.331513145032415550e-13 7.237977868396255084e-12 7.371129182899491893e-12
3.212552104804160091e+00 1.353445052793586408e-13 7.219744250260370164e-12 7.355088755539718632e-12
3.209414545002424735e+00 1.375711702362918285e-13 7.201211221264182216e-12 7.338782391500475787e-12
3.206282794148670234e+00 1.398318944162707882e-13 7.182376401314563547e-12 7.322208295730832391e-12
3.203156985285684932e+00 1.421272785940281338e-13 7.163237398959128700e-12 7.305364677553138759e-12
3.200037251203828426e+00 1.444579399163416819e-13 7.143791810828213085e-12 7.288249750744561936e-12
3.196923724435392966e+00 1.468245125772823469e-13 7.124037220881820351e-12 7.270861733459105348e-12
3.193816537248972409e+00 1.492276485283361512e-13 7.103971199771362065e-12 7.253198848299701953e-12
3.190715821643842265e+00 1.516680182251931715e-13 7.083591304297747790e-12 7.235259322522935786e-12
3.187621709344353516e+00 1.541463114164662973e-13 7.062895076603421873e-12 7.217041388019889988e-12
3.184534331794335316e+00 1.566632379773288909e-13 7.041880043224700431e-12 7.198543281202032225e-12
3.181453820151512790e+00 1.592195287883247436e-13 7.020543714345105131e-12 7.179763243133434342e-12
3.178380305281932827e+00 1.618159366631040932e-13 6.998883583014720375e-12 7.160699519677819874e-12
3.175313917754406745e+00 1.644532373308309846e-13 6.976897124079936299e-12 7.141350361410754460e-12
3.172254787834962730e+00 1.671322304758786428e-13 6.954581793106907932e-12 7.121714023582783798e-12
3.169203045481312042e+00 1.698537408371764636e-13 6.931935025381146491e-12 7.101788766218312428e-12
3.166158820337326762e+00 1.726186193744608395e-13 6.908954234730567384e-12 7.081572854105020827e-12
3.163122241727535311e+00 1.754277445050327329e-13 6.885636812255318025e-12 7.061064556760361360e-12
3.160093438651625064e+00 1.782820234165835290e-13 6.861980125060118704e-12 7.040262148476704252e-12
3.157072539778964071e+00 1.811823934628667069e-13 6.837981514831536970e-12 7.019163908294400901e-12
3.154059673443136091e+00 1.841298236471178040e-13 6.813638296318298523e-12 6.997768119965424279e-12
3.151054967636485404e+00 1.871253162006299883e-13 6.788947755795501193e-12 6.976073071996131106e-12
3.148058550004682488e+00 1.901699082662486616e-13 6.763907149362694875e-12 6.954077057628954012e-12
3.145070547841299469e+00 1.932646736937348187e-13 6.738513701080641037e-12 6.931778374774373205e-12
3.142091088082404227e+00 1.964107249570657291e-13 6.712764601085355470e-12 6.909175326042415570e-12
3.139120297301165596e+00 1.996092152052536214e-13 6.686657003582528916e-12 6.886266218787766710e-12
3.136158301702479001e+00 2.028613404579362718e-13 6.660188024576452617e-12 6.863049365034382805e-12
3.133205227117603187e+00 2.061683419582919289e-13 6.633354739512214291e-12 6.839523081470512986e-12
3.130261198998813832e+00 2.095315086987955807e-13 6.606154180899860130e-12 6.815685689598646825e-12
3.127326342414077143e+00 2.129521801367170444e-13 6.578583335608712046e-12 6.791535515745434846e-12
3.124400782041734104e+00 2.164317491190415083e-13 6.550639141876660636e-12 6.767070890995695833e-12
3.121484642165205159e+00 2.199716650358293480e-13 6.522318486322198968e-12 6.742290151358038742e-12
3.118578046667709103e+00 2.235734372259770257e-13 6.493618200762778990e-12 6.717191637988745111e-12
3.115681119027002399e+00 2.272386386624964241e-13 6.464535058632713961e-12 6.691773697295196527e-12
3.112793982310131824e+00 2.309689099480230593e-13 6.435065771160698488e-12 6.666034681108720638e-12
3.109916759168206646e+00 2.347659636531358283e-13 6.405206983357738597e-12 6.639972947010871901e-12
3.107049571831188128e+00 2.386315890360156523e-13 6.374955269683886129e-12 6.613586858719895370e-12
3.104192542102699015e+00 2.425676571878250622e-13 6.344307129352388519e-12 6.586874786540214540e-12
3.101345791354845449e+00 2.465761266524316386e-13 6.313258981282206849e-12 6.559835107934638386e-12
3.098509440523063763e+00 2.506590495746213311e-13 6.281807158596186375e-12 6.532466208170813512e-12
3.095683610100981475e+00 2.548185784409546261e-13 6.249947902659822726e-12 6.504766481100775636e-12
3.092868420135299168e+00 2.590569734824814077e-13 6.217677356806237468e-12 6.476734330288723117e-12
3.090063990220689671e+00 2.633766108177601507e-13 6.184991559542937126e-12 6.448368170360697833e-12
3.087270439494719909e+00 2.677799914251571820e-13 6.151886436888578541e-12 6.419666428313736632e-12
3.084487886632786058e+00 2.722697510421504014e-13 6.118357794022421445e-12 6.390627545064574775e-12
3.081716449843074912e+00 2.768486710973092313e-13 6.084401306535695533e-12 6.361249977633004512e-12
3.078956246861541235e+00 2.815196907947368348e-13 6.050012510971396706e-12 6.331532201766134652e-12
3.076207394946905538e+00 2.862859204807618879e-13 6.015186794176544393e-12 6.301472714657304161e-12
3.073470010875674063e+00 2.911506564284453365e-13 5.979919381510414143e-12 6.271070037938857965e-12
3.070744210937175200e+00 2.961173971863330477e-13 5.944205324132711124e-12 6.240322721319037962e-12
3.068030110928623877e+00 3.011898616435867755e-13 5.908039485273491560e-12 6.209229346917073438e-12
3.065327826150197943e+00 3.063720089643795820e-13 5.871416525202278022e-12 6.177788534166653616e-12
3.062637471400140754e+00 3.116680605395373339e-13 5.834330884506445024e-12 6.145998945045980641e-12
3.059959160969887293e+00 3.170825240978117072e-13 5.796776765452428551e-12 6.113859289550230918e-12
3.057293008639204945e+00 3.226202201013602993e-13 5.758748111712187605e-12 6.081368331813545481e-12
3.054639127671362697e+00 3.282863105199975481e-13 5.720238586546271923e-12 6.048524897066264372e-12
3.051997630808317652e+00 3.340863300352834486e-13 5.681241548795330405e-12 6.015327878830605524e-12
3.049368630265927305e+00 3.400262196649179540e-13 5.641750026084949844e-12 5.981776245749872745e-12
3.046752237729180912e+00 3.461123627243120325e-13 5.601756685349939746e-12 5.947869048074252889e-12
3.044148564347455732e+00 3.523516229459458876e-13 5.561253801021604942e-12 5.913605423967547800e-12
3.041557720729793690e+00 3.587513844468517762e-13 5.520233220735958703e-12 5.878984605182804623e-12
3.038979816940206469e+00 3.653195930767334153e-13 5.478686327925092654e-12 5.844005921001819203e-12
3.036414962492993919e+00 3.720647985015381129e-13 5.436604000866698242e-12 5.808668799368240243e-12
3.033863266348096666e+00 3.789961961716233708e-13 5.393976568541816494e-12 5.772972764713441380e-12
3.031324836906464260e+00 3.861236680738641849e-13 5.350793763895058091e-12 5.736917431968920206e-12
3.028799782005453078e+00 3.934578208827090848e-13 5.307044674435970103e-12 5.700502495318680803e-12
3.026288208914241107e+00 4.010100198259541574e-13 5.262717689855641044e-12 5.663727709681595353e-12
3.023790224329274245e+00 4.087924162691588735e-13 5.217800446967825777e-12 5.626592863236978138e-12
3.021305934369733048e+00 4.168179666832140378e-13 5.172279772884836288e-12 5.589097739568054112e-12
3.018835444573022997e+00 4.251004403071796069e-13 5.126141627528114302e-12 5.551242067835296030e-12
3.016378859890292752e+00 4.336544124851861743e-13 5.079371046332507947e-12 5.513025458817694222e-12
3.013936284681975053e+00 4.424952403574998285e-13 5.031952083828737145e-12 5.474447324186236065e-12
3.011507822713353377e+00 4.516390173267133967e-13 4.983867759493972106e-12 5.435506776820694287e-12
3.009093577150153909e+00 4.611025025210715727e-13 4.935100008138119364e-12 5.396202510659188917e-12
3.006693650554161490e+00 4.709030213586334825e-13 4.885629637173745756e-12 5.356532658532386509e-12
3.004308144878864884e+00 4.810583333090412835e-13 4.835436292969620043e-12 5.316494626278667688e-12
3.001937161465123793e+00 4.915864630963671376e-13 4.784498438769913250e-12 5.276084901866291797e-12
2.999580801036865640e+00 5.025054918955278815e-13 4.732793347156596115e-12 5.235298839052125511e-12
2.997239163696803210e+00 5.138333055333855592e-13 4.680297110637338812e-12 5.194130416170724270e-12
2.994912348922186052e+00 5.255872973458709882e-13 4.626984674379148053e-12 5.152571971725017931e-12
2.992600455560571859e+00 5.377840242233144196e-13 4.572829894781031917e-12 5.110613919004342499e-12
2.990303581825628942e+00 5.504388154772714679e-13 4.517805627261586123e-12 5.068244442738857086e-12
2.988021825292961342e+00 5.635653354322137889e-13 4.461883847165904908e-12 5.025449182598114456e-12
2.985755282895966811e+00 5.771751020844673445e-13 4.405035808121304064e-12 4.982210910205766663e-12
2.983504050921716555e+00 5.912769658025064225e-13 4.347232241753835597e-12 4.938509207556335356e-12
2.981268225006867389e+00 6.058765538202012485e-13 4.288443601731496937e-12 4.894320155551702427e-12
2.979047900133593885e+00 6.209756881075229423e-13 4.228640354381676521e-12 4.849616042489199463e-12
2.976843170625560031e+00 6.365717860510769405e-13 4.167793318093644758e-12 4.804365104144729069e-12
2.974654130143906450e+00 6.526572551852640604e-13 4.105874053333401824e-12 4.758531308518672145e-12
2.972480871683274906e+00 6.692188949136104950e-13 4.042855303477479528e-12 4.712074198391087801e-12
2.970323487567856802e+00 6.862373196794338276e-13 3.978711484941054744e-12 4.664948804620486653e-12
2.968182069447469207e+00 7.036864193100006245e-13 3.913419224189090427e-12 4.617105643499093676e-12
2.966056708293665523e+00 7.215328731350311389e-13 3.846957938306697814e-12 4.568490811441736425e-12
2.963947494395866133e+00 7.397357349155844394e-13 3.779310454197208774e-12 4.519046189112792204e-12
2.961854517357526362e+00 7.582461056511727325e-13 3.710463659488054462e-12 4.468709765139230123e-12
2.959777866092328846e+00 7.770069108766464085e-13 3.640409176477645238e-12 4.417416087354294373e-12
2.957717628820404787e+00 7.959527979438456443e-13 3.569144049417044253e-12 4.365096847360889393e-12
2.955673893064588054e+00 8.150101670566994638e-13 3.496671434286299019e-12 4.311681601342997776e-12
2.953646745646696825e+00 8.340973476783994056e-13 3.423001278572263672e-12 4.257098626250669338e-12
2.951636272683844098e+00 8.531249292803415200e-13 3.348150977398457627e-12 4.201275906678798138e-12
2.949642559584780610e+00 8.719962521071802855e-13 3.272145991824449001e-12 4.144142243931632417e-12
2.947665691046265746e+00 8.906080599119991199e-13 3.195020414604000215e-12 4.085628474515999739e-12
2.945705751049469523e+00 9.088513127798027886e-13 3.116817468501550966e-12 4.025668781281354562e-12
2.943762822856405226e+00 9.266121540956570262e-13 3.037589922712579985e-12 3.964202076808237819e-12
2.941836989006391345e+00 9.437730213637449816e-13 2.957400413512826252e-12 3.901173434876565983e-12
2.939928331312546828e+00 9.602138863827282245e-13 2.876321656119472225e-12 3.836535542502199844e-12
2.938036930858314300e+00 9.758136065452914838e-13 2.794436536271548313e-12 3.770250142816834748e-12
2.936162867994015269e+00 9.904513654906160338e-13 2.711838072092308669e-12 3.702289437582927732e-12
2.934306222333437297e+00 1.004008178074793548e-12 2.628629238964521904e-12 3.632637417039315452e-12
2.932467072750452264e+00 1.016368432236682424e-12 2.544922652340810809e-12 3.561291084577491617e-12
2.930645497375664821e+00 1.027421438930238597e-12 2.460840106467131381e-12 3.488261545397371998e-12
2.928841573593092384e+00 1.037062960333660544e-12 2.376511970039287873e-12 3.413574930372947609e-12
2.927055378036881095e+00 1.045196686143826415e-12 2.292076442089309137e-12 3.337273128233135755e-12
2.925286986588045757e+00 1.051735628557104854e-12 2.207678674627071783e-12 3.259414303184178656e-12
2.923536474371249749e+00 1.056603408186122154e-12 2.123469772167118760e-12 3.180073180353237885e-12
2.921803915751612468e+00 1.059735404840130685e-12 2.039605680482162489e-12 3.099341085322294991e-12
2.920089384331549631e+00 1.061079749022508003e-12 1.956245978744036717e-12 3.017325727766541893e-12
2.918392952947646446e+00 1.060598132916709638e-12 1.873552591717227789e-12 2.934150724633937831e-12
2.916714693667564973e+00 1.058266423035062797e-12 1.791688441045308746e-12 2.849954864080371341e-12
2.915054677786980353e+00 1.054075059895490237e-12 1.710816056256885551e-12 2.764891116152374577e-12
2.913412975826553453e+00 1.048029233819143505e-12 1.631096166504458483e-12 2.679125400323601583e-12
2.911789657528935482e+00 1.040148831217697645e-12 1.552686294553180260e-12 2.592835125770878309e-12
2.910184791855803255e+00 1.030468151894447866e-12 1.475739376082907228e-12 2.506207527977355296e-12
2.908598446984930863e+00 1.019035404119617781e-12 1.400402426783555040e-12 2.419437830903173224e-12
2.907030690307293774e+00 1.005911991138317814e-12 1.326815278283877642e-12 2.332727269422197072e-12
2.905481588424204453e+00 9.911716106261069671e-13 1.255109403747974891e-12 2.246281014374080849e-12
2.903951207144484847e+00 9.748991956474822037e-13 1.185406852126163250e-12 2.160306047773644848e-12
2.902439611481669068e+00 9.571897303133233028e-13 1.117819307615645283e-12 2.075009037928968586e-12
2.900946865651242046e+00 9.381469758359111108e-13 1.052447288325892054e-12 1.990594264161804982e-12
2.899473033067912375e+00 9.178821431755070583e-13 9.893794942670800536e-13 1.907261637442586708e-12
2.898018176342917140e+00 8.965125454632069044e-13 9.286923120773826774e-13 1.825204857540586452e-12
2.896582357281362263e+00 8.741602564844440383e-13 8.704494808974833254e-13 1.744609737381926455e-12
2.895165636879597937e+00 8.509507929856851926e-13 8.147019185935091300e-13 1.665652711579194323e-12
2.893768075322626032e+00 8.270118303510178222e-13 7.614877045515062944e-13 1.588499534902524722e-12
2.892389731981543477e+00 8.024719531312490196e-13 7.108322129040139905e-13 1.513304166035263111e-12
2.891030665411022049e+00 7.774594349054052106e-13 6.627483865690910764e-13 1.440207821474497398e-12
2.889690933346818369e+00 7.521010390359756340e-13 6.172371417725558514e-13 1.369338180808530375e-12
2.888370592703321194e+00 7.265208341073184116e-13 5.742878900639254338e-13 1.300808724171244047e-12
2.887069699571136017e+00 7.008390231667377566e-13 5.338791631003929365e-13 1.234718186267130895e-12
2.885788309214699865e+00 6.751707930793152482e-13 4.959793285125579357e-13 1.171150121591873487e-12
2.884526476069934731e+00 6.496252003238144370e-13 4.605473833967292709e-13 1.110172583720544112e-12
2.883284253741935199e+00 6.243041209719379174e-13 4.275338105615682478e-13 1.051837931533505559e-12
2.882061695002689827e+00 5.993013008536522341e-13 3.968814865446727039e-13 9.961827873983247361e-13
2.880858851788840269e+00 5.747015454433429671e-13 3.685266309740662195e-13 9.432281764174098934e-13
2.879675775199475485e+00 5.505800896103111281e-13 3.423997860136615166e-13 8.929798756239725942e-13
2.878512515493959700e+00 5.270021841781641589e-13 3.184268154407429101e-13 8.454289996189067156e-13
2.877369122089797671e+00 5.040229264752081411e-13 2.965299147542778515e-13 8.005528412294863460e-13
2.876245643560536802e+00 4.816873473570407374e-13 2.766286265939982122e-13 7.583159739510380913e-13
2.875142127633700806e+00 4.600307522246291910e-13 2.586408527687745827e-13 7.186716049934046319e-13
2.874058621188764651e+00 4.390792993198355275e-13 2.424838538397923901e-13 6.815631531596279680e-13
2.872995170255161490e+00 4.188507831377466949e-13 2.280752351522219621e-13 6.469260182899694143e-13
2.871951820010329115e+00 3.993555773021939418e-13 2.153339154877003784e-13 6.146894927898942192e-13
2.870928614777787935e+00 3.805976848601831216e-13 2.041810716182938644e-13 5.847787564784766831e-13
2.869925598025260705e+00 3.625758426715226139e-13 1.945410615828034460e-13 5.571169042543267919e-13
2.868942812362823780e+00 3.452846268611270584e-13 1.863423319118106276e-13 5.316269587729374083e-13
2.867980299541099232e+00 3.287155106988471553e-13 1.795183111323555460e-13 5.082338218312028780e-13
2.867038100449478488e+00 3.128578369341496491e-13 1.740082969182113609e-13 4.868661338523608080e-13
2.866116255114388167e+00 2.976996791609481449e-13 1.697583547540439237e-13 4.674580339149918414e-13
2.865214802697587437e+00 2.832285765958120759e-13 1.667222507336141682e-13 4.499508273294263198e-13
2.864333781494504461e+00 2.694321368141585897e-13 1.648624406386535153e-13 4.342945774528123826e-13
2.863473228932612358e+00 2.562985138408047198e-13 1.641511530707262905e-13 4.204496669115311113e-13
2.862633181569834484e+00 2.438167780491143811e-13 1.645716211724339667e-13 4.083883992215480954e-13
2.861813675092996334e+00 2.319771958426777721e-13 1.661194899184686697e-13 3.980966857611464418e-13
2.861014744316305425e+00 2.207714380038093611e-13 1.688044010953961861e-13 3.895758390992054967e-13
2.860236423179875143e+00 2.101927512788949717e-13 1.726519718430683785e-13 3.828447231219632239e-13
2.859478744748281009e+00 2.002361713175496359e-13 1.777070311069841726e-13 3.779432024245336571e-13
2.858741741209157361e+00 1.908988742184055072e-13 1.840391508815866507e-13 3.749380250999923093e-13
2.858025443871828664e+00 1.821805765690111613e-13 1.917484843039120450e-13 3.739290608729232316e-13
2.857329883165981244e+00 1.740833994888791674e-13 2.009629287110228884e-13 3.750463281999018539e-13
2.856655088640369211e+00 1.666103895856234853e-13 2.118163771094146439e-13 3.784267666950379273e-13
2.856001088961558576e+00 1.597633794435975619e-13 2.244225847612943502e-13 3.841859642048920888e-13
2.855367911912711332e+00 1.535447918391649087e-13 2.389145268453682304e-13 3.924593186845329625e-13
2.854755584392404177e+00 1.479714610565165023e-13 2.556539925934396010e-13 4.036254536499558256e-13
2.854164132413485433e+00 1.431047259937784355e-13 2.756308023595862795e-13 4.187355283533649927e-13
2.853593581101969701e+00 1.390851528686882070e-13 3.008187061798173651e-13 4.399038590485053701e-13
2.853043954695972939e+00 1.361388801233248727e-13 3.339738991464003164e-13 4.701127792697251638e-13
2.852515276544679068e+00 1.345156305568403361e-13 3.773669422681931130e-13 5.118825728250337015e-13
2.852007569107351426e+00 1.343453683060669028e-13 4.304763993551284408e-13 5.648217676611958737e-13
2.851520853952376200e+00 1.354587124864926811e-13 4.875991713877913148e-13 6.230578838742839707e-13
2.851055151756346717e+00 1.372720600807848471e-13 5.370493145061183929e-13 6.743213745869028361e-13
2.850610482303187254e+00 1.388463851904157728e-13 5.634356773760965021e-13 7.022820625665125021e-13
2.850186864483309268e+00 1.391670607903874845e-13 5.532188304207488826e-13 6.923858912111369225e-13
2.849784316292810704e+00 1.375857388682742020e-13 5.019069527222474431e-13 6.394926915905222005e-13
2.849402854832711274e+00 1.342741382082537679e-13 4.199039230630251293e-13 5.541780612712782913e-13
2.849042496308226369e+00 1.305182140745938180e-13 3.340354367468678547e-13 4.645536508214622028e-13
2.848703256028078279e+00 1.287417325073078208e-13 2.832736823378118426e-13 4.120154148451200674e-13
2.848385148403844269e+00 1.322535452929553526e-13 3.094749279443219846e-13 4.417284732372776149e-13
2.848088186949346845e+00 1.448035061333823046e-13 4.459714499279982756e-13 5.907749560613803530e-13
2.847812384280079545e+00 1.700656372773795977e-13 7.077500989080665055e-13 8.778157361854459769e-13
2.847557752112668261e+00 2.111419231220233377e-13 1.086409091804943046e-12 1.297551014926965929e-12
2.847324301264376523e+00 2.701288554754274758e-13 1.551423812276497704e-12 1.821552667751925179e-12
2.847112041652644976e+00 3.477525004187134712e-13 2.057163421194082678e-12 2.404915921612795847e-12
2.846920982294668612e+00 4.430777755219536365e-13 2.553344565525862538e-12 2.996422341047818850e-12
2.846751131307015736e+00 5.533250072767982887e-13 2.995752233623364051e-12 3.549077240900160724e-12
2.846602495905282915e+00 6.738531974354846675e-13 3.354305517814935033e-12 4.028158715250420104e-12
2.846475082403787216e+00 7.983683023274577271e-13 3.616698724562077941e-12 4.415067026889536576e-12
2.846368896215297983e+00 9.193789182176158223e-13 3.787398506696195625e-12 4.706777424913812457e-12
2.846283941850809018e+00 1.028865335045185196e-12 3.883124288142987290e-12 4.911989623188173697e-12
2.846220222919344955e+00 1.119075728948747865e-12 3.926639854991919717e-12 5.045715583940664754e-12
2.846153846153845812e+00 1.220995029002921363e-12 3.942852898832060117e-12 5.163847927834981076e-12
