9.999956784064856219e-01 6.658026154081039707e-07
9.999611062640817449e-01 5.992340427523447306e-06
9.998919652096713850e-01 1.664596366348750935e-05
9.997882617037471276e-01 3.262627196614076568e-05
9.996500054362934540e-01 5.392483837507635317e-05
9.994772093258813550e-01 8.050807816976185102e-05
9.992698895184605190e-01 1.122903909179961317e-04
9.990280653858517601e-01 1.491056944580254715e-04
9.987517595239361334e-01 1.906909498594886766e-04
9.984409977505437350e-01 2.366931284416018421e-04
9.980958091030416313e-01 2.867004159453526808e-04
9.977162258356203628e-01 3.402850705414582665e-04
9.973022834162799111e-01 3.970385707219449122e-04
9.968540205235161267e-01 4.565850639731407158e-04
9.963714790427061763e-01 5.185731094284385702e-04
9.958547040621950064e-01 5.826579706794957547e-04
9.953037438690823802e-01 6.484888419942134085e-04
9.947186499447108199e-01 7.157078051652861119e-04
9.940994769598553438e-01 7.839577818138398525e-04
9.934462827696148857e-01 8.528925508439414837e-04
9.927591284080063971e-01 9.221839902111723117e-04
9.920380780822625200e-01 9.915259016365196142e-04
9.912831991668307197e-01 1.060636090301386811e-03
9.904945621970792091e-01 1.129258157638816235e-03
9.896722408627054435e-01 1.197163359542836696e-03
9.888163120008509610e-01 1.264152265401700340e-03
9.879268555889214598e-01 1.330055966809122686e-03
9.870039547371141087e-01 1.394736777779171950e-03
9.860476956806512039e-01 1.458088461213555590e-03
9.850581677717231699e-01 1.520036017100684800e-03
9.840354634711392379e-01 1.580535055507535950e-03
9.829796783396875792e-01 1.639570779229044487e-03
9.818909110292068920e-01 1.697156608904925408e-03
9.807692632733675531e-01 1.753332489899550638e-03
9.796148398781667765e-01 1.808162924638555919e-03
9.784277487121346706e-01 1.861734777359268407e-03
9.772081006962556327e-01 1.914154900540876404e-03
9.759560097936035294e-01 1.965547633525294071e-03
9.746715929986935478e-01 2.016052223974949646e-03
9.733549703265500508e-01 2.065820221873674711e-03
9.720062648014923257e-01 2.115012893808139796e-03
9.706256024456396680e-01 2.163798702347996799e-03
9.692131122671355792e-01 2.212350891561085890e-03
9.677689262480931864e-01 2.260845215177941046e-03
9.662931793322639962e-01 2.309457838783166624e-03
9.647860094124272035e-01 2.358363441811147602e-03
9.632475573175065531e-01 2.407733539214583583e-03
9.616779667994103109e-01 2.457735036625625664e-03
9.600773845196002299e-01 2.508529026799505117e-03
9.584459600353862907e-01 2.560269829291653143e-03
9.567838457859535461e-01 2.613104269818590421e-03
9.550911970781172933e-01 2.667171190732083204e-03
9.533681720718116814e-01 2.722601179613481481e-03
9.516149317653116446e-01 2.779516499265598586e-03
9.498316399801884913e-01 2.838031199403877932e-03
9.480184633460039256e-01 2.898251388166765349e-03
9.461755712847386146e-01 2.960275640176376379e-03
9.443031359949628500e-01 3.024195517261785843e-03
9.424013324357455312e-01 3.090096178052417070e-03
9.404703383103070191e-01 3.158057053391826689e-03
9.385103340494138635e-01 3.228152565810596484e-03
9.365215027945196224e-01 3.300452873040979947e-03
9.345040303806528836e-01 3.375024617638932960e-03
9.324581053190518221e-01 3.451931667100158196e-03
9.303839187795511778e-01 3.531235831307654848e-03
9.282816645727181015e-01 3.612997546640964001e-03
9.261515391317441948e-01 3.697276518520927792e-03
9.239937414940890825e-01 3.784132316493844534e-03
9.218084732828841776e-01 3.873624918115469492e-03
9.195959386880924180e-01 3.965815199837950146e-03
9.173563444474284179e-01 4.060765374799492691e-03
9.150898998270420304e-01 4.158539378855866109e-03
9.127968166019638785e-01 4.259203207366521991e-03
9.104773090363177390e-01 4.362825206162531354e-03
9.081315938632993356e-01 4.469476320792895724e-03
9.057598902649258710e-01 4.579230308587061392e-03
9.033624198515545212e-01 4.692163918313443580e-03
9.009394066411762214e-01 4.808357042276160953e-03
8.984910770384834100e-01 4.927892845612488575e-03
8.960176598137148396e-01 5.050857877350844495e-03
8.935193860812794542e-01 5.177342167499238146e-03
8.909964892781611079e-01 5.307439314078363744e-03
8.884492051421067904e-01 5.441246563616090708e-03
8.858777716895985810e-01 5.578864888202503085e-03
8.832824291936148819e-01 5.720399061783943556e-03
8.806634201611779345e-01 5.865957737966025730e-03
8.780209893106958319e-01 6.015653531206461777e-03
8.753553835490942570e-01 6.169603102924110273e-03
8.726668519487473796e-01 6.327927253728858788e-03
8.699556457242039187e-01 6.490751022698072054e-03
8.672220182087135854e-01 6.658203794383306222e-03
8.644662248305566843e-01 6.830419414034220003e-03
8.616885230891760949e-01 7.007536311363507867e-03
8.588891725311170733e-01 7.189697633052352828e-03
8.560684347257759841e-01 7.377051384103746126e-03
8.532265732409584080e-01 7.569750578085687916e-03
8.503638536182520635e-01 7.767953396265696656e-03
8.474805433482150985e-01 7.971823355620941826e-03
8.445769118453813062e-01 8.181529485702566593e-03
8.416532304230867068e-01 8.397246514344961291e-03
8.387097722681181589e-01 8.619155062229539102e-03
8.357468124151863353e-01 8.847441846342838853e-03
8.327646277212279458e-01 9.082299892397152977e-03
8.297634968395348753e-01 9.323928756321750444e-03
8.267437001937185670e-01 9.572534754967131077e-03
8.237055199515058712e-01 9.828331206203737291e-03
8.206492399983751351e-01 1.009153867863245464e-02
8.175751459110284225e-01 1.036238525116161581e-02
8.144835249307089686e-01 1.064110678273865428e-02
8.113746659363603175e-01 1.092794719255781900e-02
8.082488594176345797e-01 1.122315875109673733e-02
8.051063974477490337e-01 1.152700238236432570e-02
8.019475736561944013e-01 1.183974797776962511e-02
7.987726832012992384e-01 1.216167472204846001e-02
7.955820227426496638e-01 1.249307143171107803e-02
7.923758904133706427e-01 1.283423690649736042e-02
7.891545857922680485e-01 1.318548029435118001e-02
7.859184098758357218e-01 1.354712147045131036e-02
7.826676650501318555e-01 1.391949143085804454e-02
7.794026550625231531e-01 1.430293270136199883e-02
7.761236849933031978e-01 1.469779976214545363e-02
7.728310612271862556e-01 1.510445948889289035e-02
7.695250914246785090e-01 1.552329161101417658e-02
7.662060844933309411e-01 1.595468918767125113e-02
7.628743505588742035e-01 1.639905910232648811e-02
7.595302009362421281e-01 1.685682257655908220e-02
7.561739481004816632e-01 1.732841570392393976e-02
7.528059056575555630e-01 1.781429000465953663e-02
7.494263883150394934e-01 1.831491300208086537e-02
7.460357118527158882e-01 1.883076882153377971e-02
7.426341930930677737e-01 1.936235881282462670e-02
7.392221498716746719e-01 1.991020219708601255e-02
7.357999010075149116e-01 2.047483673908301327e-02
7.323677662731752358e-01 2.105681944600704125e-02
7.289260663649708150e-01 2.165672729384000850e-02
7.254751228729801049e-01 2.227515798239775024e-02
7.220152582509962169e-01 2.291273072018724238e-02
7.185467957863964639e-01 2.357008704023489873e-02
7.150700595699339690e-01 2.424789164809244141e-02
7.115853744654564439e-01 2.494683330330129539e-02
7.080930660795496934e-01 2.566762573571089792e-02
7.045934607311137299e-01 2.641100859819226279e-02
7.010868854208720524e-01 2.717774845742640735e-02
6.975736678008164215e-01 2.796863982454858913e-02
6.940541361435914602e-01 2.878450622742725201e-02
6.905286193118210791e-01 2.962620132623799973e-02
6.869974467273798346e-01 3.049461007377790231e-02
6.834609483406118846e-01 3.139064992174300101e-02
6.799194545995008720e-01 3.231527207411828695e-02
6.763732964187925134e-01 3.326946278907848970e-02
6.728228051490752204e-01 3.425424473146803511e-02
6.692683125458176452e-01 3.527067837898802821e-02
6.657101507383704764e-01 3.631986348638936019e-02
6.621486521989328189e-01 3.740294061277238402e-02
6.585841497114848231e-01 3.852109271695153270e-02
6.550169763406941126e-01 3.967554682431918833e-02
6.514474654007937904e-01 4.086757576575673206e-02
6.478759504244375744e-01 4.209849998559536677e-02
6.443027651315351712e-01 4.336968941286616780e-02
6.407282433980694414e-01 4.468256538998112426e-02
6.371527192248991334e-01 4.603860265718476286e-02
6.335765267065507356e-01 4.743933140008688848e-02
6.300000000000000044e-01 4.888633937978019428e-02
6.264234732934492733e-01 5.038127417653141121e-02
6.228472807751008755e-01 5.192584558307787590e-02
6.192717566019306785e-01 5.352182817638133361e-02
6.156972348684648377e-01 5.517106407406782015e-02
6.121240495755624345e-01 5.687546584592263754e-02
6.085525345992062185e-01 5.863701951109467903e-02
6.049830236593058963e-01 6.045778752410749940e-02
6.014158502885152968e-01 6.233991165621488584e-02
5.978513478010671900e-01 6.428561572782562350e-02
5.942898492616294215e-01 6.629720824485844932e-02
5.907316874541823637e-01 6.837708511954043722e-02
5.871771948509247885e-01 7.052773277522451922e-02
5.836267035812074955e-01 7.275173199069247254e-02
5.800805454004991368e-01 7.505176277760662595e-02
5.765390516593881243e-01 7.743061037338748454e-02
5.730025532726202853e-01 7.989117208505483458e-02
5.694713806881789298e-01 8.243646431309122058e-02
5.659458638564085486e-01 8.506962875266976809e-02
5.624263321991834763e-01 8.779393667913666655e-02
5.589131145791279565e-01 9.061279052334718365e-02
5.554065392688862790e-01 9.352972269472571709e-02
5.519069339204503155e-01 9.654839273659746035e-02
5.484146255345436760e-01 9.967258514596205599e-02
5.449299404300660399e-01 1.029062111516999556e-01
5.414532042136036560e-01 1.062533179465569300e-01
5.379847417490037920e-01 1.097181079090796124e-01
5.345248771270201260e-01 1.133049680771500006e-01
5.310739336350294160e-01 1.170185067839828313e-01
5.276322337268248841e-01 1.208635906423302098e-01
5.242000989924848753e-01 1.248453720657849708e-01
5.207778501283253370e-01 1.289692965347757903e-01
5.173658069069322352e-01 1.332410809696202292e-01
5.139642881472841207e-01 1.376666603989701587e-01
5.105736116849606265e-01 1.422521091838702956e-01
5.071940943424444459e-01 1.470035537901026867e-01
5.038260518995184567e-01 1.519271038434744647e-01
5.004697990637578808e-01 1.570288336863743806e-01
4.971256494411258609e-01 1.623148447647536630e-01
4.937939155066692898e-01 1.677914278985556118e-01
4.904749085753214999e-01 1.734653238031126088e-01
4.871689387728137532e-01 1.793440526754647713e-01
4.838763150066968111e-01 1.854362543753174386e-01
4.805973449374769113e-01 1.917519568267405661e-01
4.773323349498681534e-01 1.983026795705036815e-01
4.740815901241642871e-01 2.051012887035104926e-01
4.708454142077319604e-01 2.121615525496389487e-01
4.676241095866292552e-01 2.194974033258444424e-01
4.644179772573504561e-01 2.271219819114081717e-01
4.612273167987009370e-01 2.350466179295694069e-01
4.580524263438056076e-01 2.432799589958640485e-01
4.548936025522509752e-01 2.518274937241785638e-01
4.517511405823653181e-01 2.606916989350896996e-01
4.486253340636397469e-01 2.698729759069865008e-01
4.455164750692910958e-01 2.793714266232923960e-01
4.424248540889715864e-01 2.891893717649617890e-01
4.393507600016249848e-01 2.993343483931959481e-01
4.362944800484940822e-01 3.098221722335987027e-01
4.332562998062814419e-01 3.206795342336876686e-01
4.302365031604651890e-01 3.319455498649301339e-01
4.272353722787721741e-01 3.436717154726948720e-01
4.242531875848136735e-01 3.559198647632532131e-01
4.212902277318819055e-01 3.687579629920790247e-01
4.183467695769131911e-01 3.822539085899909761e-01
4.154230881546188137e-01 3.964678876164812182e-01
4.125194566517850214e-01 4.114441769625173384e-01
4.096361463817479454e-01 4.272035378975156950e-01
4.067734267590417119e-01 4.437374148704547605e-01
4.039315652742240803e-01 4.610050251336715865e-01
4.011108274688828246e-01 4.789341135337628064e-01
3.983114769108240250e-01 4.974257194359314460e-01
3.955337751694433246e-01 5.163628454382893640e-01
3.927779817912864235e-01 5.356225062082513588e-01
3.900443542757961457e-01 5.550903136128325643e-01
3.873331480512526293e-01 5.746765261959368987e-01
3.846446164509057519e-01 5.943323338449150173e-01
3.819790106893042880e-01 6.140650299965244585e-01
3.793365798388219634e-01 6.339506227484767997e-01
3.767175708063851824e-01 6.541423589449771869e-01
3.741222283104014834e-01 6.748736254822023106e-01
3.715507948578933850e-01 6.964538316843216226e-01
3.690035107218389010e-01 7.192562701052752638e-01
3.664806139187206657e-01 7.436976883850170417e-01
3.639823401862851138e-01 7.702103911149628113e-01
3.615089229615165989e-01 7.992089945831138964e-01
3.590605933588237875e-01 8.310551806467505465e-01
3.566375801484454877e-01 8.660245435847373496e-01
3.542401097350741379e-01 9.042795646188160896e-01
3.518684061367005622e-01 9.458517982663040558e-01
3.495226909636822699e-01 9.906347566213745681e-01
3.472031833980362414e-01 1.038387211525856113e+00
3.449101001729580340e-01 1.088745195426891632e+00
3.426436555525715910e-01 1.141240172480141979e+00
3.404040613119077019e-01 1.195320705375941595e+00
3.381915267171157202e-01 1.250375288191504897e+00
3.360062585059109819e-01 1.305754603615111087e+00
3.338484608682559251e-01 1.360792080966866546e+00
3.317183354272818518e-01 1.414822150747085949e+00
3.296160812204489421e-01 1.467195964940070319e+00
3.275418946809481868e-01 1.517294587068312550e+00
3.254959696193471252e-01 1.564539783745928503e+00
3.234784972054803864e-01 1.608402606102073973e+00
3.214896659505861454e-01 1.648409964768236868e+00
3.195296616896929343e-01 1.684149396975665569e+00
3.175986675642545332e-01 1.715272211345705289e+00
3.156968640050372144e-01 1.741495181815744919e+00
3.138244287152613943e-01 1.762600949637997738e+00
3.119815366539960833e-01 1.778437282201942748e+00
3.101683600198114621e-01 1.788915329268850662e+00
3.083850682346884753e-01 1.794007010470828778e+00
3.066318279281883830e-01 1.793741662059841424e+00
3.049088029218827711e-01 1.788202065506243610e+00
3.032161542140464627e-01 1.777519975426229637e+00
3.015540399646137182e-01 1.761871259366561526e+00
2.999226154803998345e-01 1.741470757142322912e+00
2.983220332005895870e-01 1.716566962642872785e+00
2.967524426824934558e-01 1.687436626171348930e+00
2.952139905875727499e-01 1.654379370277715644e+00
2.937068206677360682e-01 1.617712406447573414e+00
2.922310737519067669e-01 1.577765433665968775e+00
2.907868877328645407e-01 1.534875792560587593e+00
2.893743975543603963e-01 1.489383940385667460e+00
2.879937351985076832e-01 1.441629302483929065e+00
2.866450296734500136e-01 1.391946545130434032e+00
2.853284070013065166e-01 1.340662303017464918e+00
2.840439902063965905e-01 1.288092382395654267e+00
2.827918993037444872e-01 1.234539448440281850e+00
2.815722512878653383e-01 1.180291193210355916e+00
2.803851601218332323e-01 1.125618969067594843e+00
2.792307367266324558e-01 1.070776862049642064e+00
2.781090889707932279e-01 1.016001170811729803e+00
2.770203216603123741e-01 9.615102496420869782e-01
2.759645365288608265e-01 9.075046688978163356e-01
2.749418322282767835e-01 8.541676430747623394e-01
2.739523043193488050e-01 8.016656755938098566e-01
2.729960452628860113e-01 7.501493701444860163e-01
2.720731444110785491e-01 6.997543608853326047e-01
2.711836879991489924e-01 6.506023176991372337e-01
2.703277591372945654e-01 6.028019876978838454e-01
2.695054378029208553e-01 5.564502397974931958e-01
2.687168008331693447e-01 5.116330848003961540e-01
2.679619219177375444e-01 4.684266483543444992e-01
2.672408715919935562e-01 4.268980781000271674e-01
2.665537172303852342e-01 3.871063699358103793e-01
2.659005230401447206e-01 3.491031033930009908e-01
2.652813500552891890e-01 3.129330846896176688e-01
2.646962561309176287e-01 2.786349087755420895e-01
2.641452959378050025e-01 2.462414664236672879e-01
2.636285209572938326e-01 2.157804342603539816e-01
2.631459794764838822e-01 1.872747889295225954e-01
2.626977165837200423e-01 1.607433778163123717e-01
2.622837741643795906e-01 1.362015585236826809e-01
2.619041908969583221e-01 1.136618924628742533e-01
2.615590022494562739e-01 9.313485189919099017e-02
2.612482404760639310e-01 7.462948195840332644e-02
2.609719346141483043e-01 5.815395443884897181e-02
2.607301104815395454e-01 4.371596008522039140e-02
2.605227906741187649e-01 3.132290779414523968e-02
2.603499945637064994e-01 2.098192781735639875e-02
2.602117382962528813e-01 1.269970505829911070e-02
2.601080347903286238e-01 6.482192242412050838e-03
2.600388937359182084e-01 2.334267117842003629e-03
2.600043215935143870e-01 2.594012867525568450e-04
