3.891043371986989234e-03 1.126242503656503356e-30
7.782086743973978468e-03 -1.017156296832577440e-29
1.167313011596096683e-02 6.170513416035756940e-29
1.556417348794795694e-02 -2.841692381246432833e-28
1.945521685993494704e-02 8.024439262172863414e-28
2.334626023192193367e-02 1.267312822495454911e-27
2.723730360390892377e-02 -3.407162677789705126e-26
3.112834697589591387e-02 2.211557190318246007e-25
3.501939034788290050e-02 -6.045329310587534129e-25
3.891043371986989408e-02 4.134429695636049853e-24
4.280147709185688071e-02 3.573117038086117119e-22
4.669252046384386734e-02 1.299959684585768004e-20
5.058356383583086091e-02 3.860039959965044526e-19
5.447460720781784754e-02 8.125891711925702189e-18
5.836565057980484111e-02 2.216315264310267755e-16
6.225669395179182775e-02 1.174366796397939597e-15
6.614773732377882132e-02 1.423202039579949436e-14
7.003878069576580101e-02 3.287463270051634911e-14
7.392982406775279458e-02 1.310335965366750307e-13
7.782086743973978815e-02 4.731435821854134281e-13
8.171191081172676784e-02 1.335602339615089134e-12
8.560295418371376142e-02 2.233460393473709641e-12
8.949399755570075499e-02 3.210366497066856908e-12
9.338504092768773468e-02 4.114770423001078557e-12
9.727608429967472825e-02 7.518073080663846464e-12
1.011671276716617218e-01 7.151104667542011527e-12
1.050581710436487154e-01 6.985628663300401072e-12
1.089492144156356951e-01 7.736878370796561273e-12
1.128402577876226887e-01 7.151807674732701783e-12
1.167313011596096822e-01 8.322205971586798779e-12
1.206223445315966619e-01 7.324476543489548504e-12
1.245133879035836555e-01 6.096392021146959582e-12
1.284044312755706352e-01 7.097652877572685789e-12
1.322954746475576426e-01 6.812913686515331959e-12
1.361865180195446223e-01 7.060994560653574136e-12
1.400775613915316020e-01 6.530386244149656733e-12
1.439686047635186095e-01 6.450839784044074019e-12
1.478596481355055892e-01 7.799751939126008548e-12
1.517506915074925689e-01 4.414636294392934714e-11
1.556417348794795763e-01 6.300680496474493679e-12
1.595327782514665560e-01 6.153909349408649071e-12
1.634238216234535357e-01 5.432692247048346574e-12
1.673148649954405431e-01 6.354402549346885495e-12
1.712059083674275228e-01 6.127220416942208744e-12
1.750969517394145025e-01 1.286483704561671364e-11
1.789879951114015100e-01 5.982082949367031115e-12
1.828790384833884897e-01 5.678574713428074029e-12
1.867700818553754694e-01 6.005467556901151347e-12
1.906611252273624768e-01 5.902463015462869670e-12
1.945521685993494565e-01 5.386226793851941255e-12
1.984432119713364640e-01 5.129667811309624335e-12
2.023342553433234436e-01 5.555830999122628283e-12
2.062252987153104233e-01 5.003705824107463137e-12
2.101163420872974308e-01 5.286311557675524828e-12
2.140073854592844105e-01 3.769719046374900830e-12
2.178984288312713902e-01 5.180474212952735625e-12
2.217894722032583976e-01 5.337856901401999916e-12
2.256805155752453773e-01 4.439105335693459139e-12
2.295715589472323570e-01 5.378649204895612566e-12
2.334626023192193645e-01 4.587383328478556694e-12
2.373536456912063441e-01 4.820285534778157045e-12
2.412446890631933238e-01 5.691582254598073220e-12
2.451357324351803313e-01 5.298421504142449838e-12
2.490267758071673110e-01 4.768894676503887218e-12
2.529178191791542907e-01 5.353121845550475499e-12
2.568088625511412704e-01 4.653929009074275899e-12
2.606999059231283056e-01 5.196433180777437856e-12
2.645909492951152853e-01 4.749331026359036446e-12
2.684819926671022650e-01 4.234725565611152233e-12
2.723730360390892447e-01 4.656971738118159473e-12
2.762640794110762243e-01 4.359290638072892511e-12
2.801551227830632040e-01 4.249323227799399878e-12
2.840461661550502392e-01 4.552501998751847244e-12
2.879372095270372189e-01 4.362354090967166133e-12
2.918282528990241986e-01 4.065162537501436124e-12
2.957192962710111783e-01 4.324232228800288782e-12
2.996103396429981580e-01 5.100869047748700039e-12
3.035013830149851377e-01 4.045125394283246059e-12
3.073924263869721729e-01 4.212027232689343131e-12
3.112834697589591526e-01 4.082624262618632828e-12
3.151745131309461323e-01 4.328543944968620519e-12
3.190655565029331120e-01 3.945940025283684641e-12
3.229565998749200917e-01 5.246619210311868237e-12
3.268476432469070714e-01 3.717288413931251973e-12
3.307386866188941066e-01 3.588043058266943481e-12
3.346297299908810863e-01 4.139868006122753196e-12
3.385207733628680660e-01 3.678080896597923401e-12
3.424118167348550457e-01 4.080165035728259841e-12
3.463028601068420254e-01 4.029267555245389003e-12
3.501939034788290050e-01 3.732433251840043420e-12
3.540849468508160403e-01 3.636691101701633058e-12
3.579759902228030199e-01 3.698238276966098472e-12
3.618670335947899996e-01 3.867209630337215915e-12
3.657580769667769793e-01 3.610587099295137720e-12
3.696491203387639590e-01 3.391774736068408151e-12
3.735401637107509387e-01 3.987429368162053050e-12
3.774312070827379739e-01 3.312711752680781019e-12
3.813222504547249536e-01 3.540471868885004748e-12
3.852132938267119333e-01 3.510967295395045130e-12
3.891043371986989130e-01 3.469101065260614359e-12
3.929953805706858927e-01 3.748940165682010407e-12
3.968864239426729279e-01 3.404849300864064443e-12
4.007774673146599076e-01 3.812808766074801452e-12
4.046685106866468873e-01 3.486094788876752544e-12
4.085595540586338670e-01 3.224718312816789022e-12
4.124505974306208467e-01 3.890072323388304343e-12
4.163416408026078264e-01 3.254541948564540632e-12
4.202326841745948616e-01 3.837931898597349544e-12
4.241237275465818413e-01 2.972719981273980633e-12
4.280147709185688210e-01 3.212338881069182259e-12
4.319058142905558006e-01 3.591836354006765229e-12
4.357968576625427803e-01 3.117631767202060252e-12
4.396879010345297600e-01 3.369533099090539003e-12
4.435789444065167952e-01 3.492592921942062552e-12
4.474699877785037749e-01 3.207609352925112523e-12
4.513610311504907546e-01 3.449068505006870839e-12
4.552520745224777343e-01 3.320487090824864645e-12
4.591431178944647140e-01 3.311222884236406706e-12
4.630341612664516937e-01 3.059700257015897682e-12
4.669252046384387289e-01 3.560951023409438184e-12
4.708162480104257086e-01 3.151005318614395132e-12
4.747072913824126883e-01 3.379239514233857573e-12
4.785983347543996680e-01 2.943730215086126205e-12
4.824893781263866477e-01 4.088685946441870179e-12
4.863804214983736274e-01 3.192383641254127963e-12
4.902714648703606626e-01 2.699225317770601922e-12
4.941625082423476423e-01 3.426748922879918217e-12
4.980535516143346220e-01 3.376475702220394001e-12
5.019445949863216017e-01 3.350441157037489343e-12
5.058356383583085814e-01 2.905374286984644082e-12
5.097266817302955610e-01 2.766740246360027384e-12
5.136177251022825407e-01 3.183688882641129674e-12
5.175087684742695204e-01 2.824927166594322836e-12
5.213998118462566111e-01 3.127056828227481834e-12
5.252908552182435908e-01 3.429051256995978308e-12
5.291818985902305705e-01 3.939937257774712481e-12
5.330729419622175502e-01 3.143917563558303684e-12
5.369639853342045299e-01 2.885936839062462905e-12
5.408550287061915096e-01 2.934011580107156926e-12
5.447460720781784893e-01 2.987207832237884591e-12
5.486371154501654690e-01 2.728203696240559579e-12
5.525281588221524487e-01 3.210565372656881947e-12
5.564192021941394284e-01 3.016791697288546668e-12
5.603102455661264081e-01 2.702932235272007755e-12
5.642012889381133878e-01 2.693961789759169381e-12
5.680923323101004785e-01 2.948406291561710286e-12
5.719833756820874582e-01 3.225316096421212777e-12
5.758744190540744379e-01 4.923412499545007597e-12
5.797654624260614176e-01 3.122251916157281984e-12
5.836565057980483973e-01 2.866220917447328066e-12
5.875475491700353770e-01 3.106401434596174981e-12
5.914385925420223566e-01 3.423742245205187193e-12
5.953296359140093363e-01 3.246903620742495632e-12
5.992206792859963160e-01 4.459632067421878561e-12
6.031117226579832957e-01 5.313913228861124171e-12
6.070027660299702754e-01 8.364839791376874370e-12
6.108938094019572551e-01 1.195178371824249452e-11
6.147848527739443458e-01 1.693199215066827597e-11
6.186758961459313255e-01 2.319608112073423614e-11
6.225669395179183052e-01 2.707532979299177102e-11
6.264579828899052849e-01 3.751239451869297406e-11
6.303490262618922646e-01 4.802763372520990145e-11
6.342400696338792443e-01 6.709541108932056534e-11
6.381311130058662240e-01 1.075163153057052163e-10
6.420221563778532037e-01 1.777990749459329275e-10
6.459131997498401834e-01 2.860892801061967450e-10
6.498042431218271631e-01 4.480193390269102346e-10
6.536952864938141428e-01 6.519595670702135772e-10
6.575863298658012335e-01 8.814357382381476416e-10
6.614773732377882132e-01 1.113566483202588712e-09
6.653684166097751929e-01 1.335782699393896171e-09
6.692594599817621726e-01 1.630384002138997601e-09
6.731505033537491522e-01 2.335994142030011809e-09
6.770415467257361319e-01 4.060166139590311320e-09
6.809325900977231116e-01 7.186600869961752747e-09
6.848236334697100913e-01 1.227464246518108869e-08
6.887146768416970710e-01 1.981864541712213553e-08
6.926057202136840507e-01 2.951993608807573498e-08
6.964967635856710304e-01 4.057753039471247324e-08
7.003878069576580101e-01 5.128923383324548265e-08
7.042788503296451008e-01 5.918296973910584348e-08
7.081698937016320805e-01 6.294919683746847589e-08
7.120609370736190602e-01 7.437618541617383601e-08
7.159519804456060399e-01 1.278241388315279476e-07
7.198430238175930196e-01 2.408921099565776627e-07
7.237340671895799993e-01 4.371710520719965243e-07
7.276251105615669790e-01 7.337540434133681894e-07
7.315161539335539587e-01 1.145329879177976588e-06
7.354071973055409384e-01 1.679268960789302372e-06
7.392982406775279181e-01 2.322506912117637502e-06
7.431892840495148977e-01 3.034749495489462232e-06
7.470803274215018774e-01 3.730973005719503407e-06
7.509713707934889682e-01 4.307915927439499714e-06
7.548624141654759478e-01 4.752130567074830512e-06
7.587534575374629275e-01 5.643380406167192773e-06
7.626445009094499072e-01 8.618769078764680408e-06
7.665355442814368869e-01 1.507412563026695369e-05
7.704265876534238666e-01 2.618766609018979174e-05
7.743176310254108463e-01 4.331475299275603752e-05
7.782086743973978260e-01 6.785428237318496538e-05
7.820997177693848057e-01 1.012827906677972770e-04
7.859907611413717854e-01 1.452478494524262734e-04
7.898818045133587651e-01 2.005375330166261514e-04
7.937728478853458558e-01 2.672718699639784292e-04
7.976638912573328355e-01 3.442514532785475169e-04
8.015549346293198152e-01 4.364552185332642737e-04
8.054459780013067949e-01 5.590772503467745071e-04
8.093370213732937746e-01 6.666829931533400965e-04
8.132280647452807543e-01 7.693178483259469720e-04
8.171191081172677340e-01 8.678714004849278664e-04
8.210101514892547137e-01 9.615047605445299845e-04
8.249011948612416933e-01 1.042986039510408920e-03
8.287922382332286730e-01 1.112518181337494774e-03
8.326832816052156527e-01 1.165090324028206963e-03
8.365743249772026324e-01 1.203223797111356531e-03
8.404653683491897231e-01 1.223646270716170076e-03
8.443564117211767028e-01 1.231416772086474116e-03
8.482474550931636825e-01 1.222772163406016374e-03
8.521384984651506622e-01 1.202135736841927110e-03
8.560295418371376419e-01 1.168859721286630640e-03
8.599205852091246216e-01 1.123596424646939717e-03
8.638116285811116013e-01 1.070630008816625964e-03
8.677026719530985810e-01 1.009466364608691859e-03
8.715937153250855607e-01 9.415921548626733509e-04
8.754847586970725404e-01 8.690712616808248100e-04
8.793758020690595201e-01 7.945424736896844519e-04
8.832668454410466108e-01 7.189534851708409341e-04
8.871578888130335905e-01 6.434263807908420030e-04
8.910489321850205702e-01 5.694363368311181062e-04
8.949399755570075499e-01 4.981887931820324191e-04
8.988310189289945296e-01 4.306672492879499037e-04
9.027220623009815093e-01 3.676312503740549755e-04
9.066131056729684889e-01 3.096218874392734841e-04
9.105041490449554686e-01 2.570409472367386912e-04
9.143951924169424483e-01 2.104239421615784105e-04
9.182862357889294280e-01 1.693364211397455738e-04
9.221772791609164077e-01 1.336465680760345778e-04
9.260683225329033874e-01 1.034662835485000433e-04
9.299593659048904781e-01 7.819852411462359430e-05
9.338504092768774578e-01 5.760242154151735863e-05
9.377414526488644375e-01 4.114347174184258593e-05
9.416324960208514172e-01 2.851044338060837468e-05
9.455235393928383969e-01 1.926007262100576506e-05
9.494145827648253766e-01 1.324396012166820167e-05
9.533056261368123563e-01 1.022214536065301850e-05
9.571966695087993360e-01 8.680679882455943683e-06
9.610877128807863157e-01 7.725019222901465191e-06
9.649787562527732954e-01 6.928007306857551003e-06
9.688697996247602751e-01 6.107160686180612473e-06
9.727608429967472548e-01 5.192970943800868201e-06
9.766518863687343455e-01 4.224750339763435177e-06
9.805429297407213252e-01 3.268593336830408972e-06
9.844339731127083049e-01 2.394007942560360238e-06
9.883250164846952845e-01 1.639267453256945445e-06
9.922160598566822642e-01 1.014927202027544252e-06
9.961071032286692439e-01 4.886479924986153610e-07
