6.328981116322921797e-03 2.075082963339740618e-04
1.265796223264584359e-02 3.396210575852847595e-04
1.898694334896876626e-02 4.689476304727713154e-04
2.531592446529168719e-02 5.947449675974868580e-04
3.164490558161461159e-02 7.165356242991692418e-04
3.797388669793753252e-02 8.364054315916025434e-04
4.430286781426045345e-02 9.566572008757319272e-04
5.063184893058337438e-02 1.079951458978386332e-03
5.696083004690629531e-02 1.212536996009506160e-03
6.328981116322922318e-02 1.359430362870346415e-03
6.961879227955214411e-02 1.526582316509035846e-03
7.594777339587506504e-02 1.718867235639005061e-03
8.227675451219798597e-02 1.941727528174660338e-03
8.860573562852090690e-02 2.195374641428665327e-03
9.493471674484382783e-02 2.480567595820571628e-03
1.012636978611667488e-01 2.796205393518681141e-03
1.075926789774896697e-01 3.139081464396520100e-03
1.139216600938125906e-01 3.503954493747266693e-03
1.202506412101355115e-01 3.885601927938910852e-03
1.265796223264584464e-01 4.275100932824133469e-03
1.329086034427813534e-01 4.662989798708487565e-03
1.392375845591042882e-01 5.006434558408575167e-03
1.455665656754271953e-01 5.458255624444885087e-03
1.518955467917501301e-01 5.869835502013955909e-03
1.582245279080730371e-01 6.190406159465331425e-03
1.645535090243959719e-01 6.449545077459843331e-03
1.708824901407188790e-01 6.654807472073222957e-03
1.772114712570418138e-01 6.812210766326726868e-03
1.835404523733647209e-01 6.924034853579673007e-03
1.898694334896876557e-01 6.991578648926239162e-03
1.961984146060105627e-01 7.020377139351570601e-03
2.025273957223334975e-01 7.015678985915885409e-03
2.088563768386564323e-01 6.974877837170834378e-03
2.151853579549793394e-01 6.901052141993099104e-03
2.215143390713022742e-01 6.797281778877694615e-03
2.278433201876251812e-01 6.675317832839085946e-03
2.341723013039481160e-01 6.534807426772730986e-03
2.405012824202710231e-01 6.376102689377599088e-03
2.468302635365939579e-01 6.202776220887577449e-03
2.531592446529168927e-01 6.025171577821979672e-03
2.594882257692397998e-01 5.845284380543978343e-03
2.658172068855627068e-01 5.662538232826857566e-03
2.721461880018856139e-01 5.480799078801079985e-03
2.784751691182085764e-01 5.315443334702562965e-03
2.848041502345314835e-01 5.163176790470256315e-03
2.911331313508543905e-01 5.030654290136028772e-03
2.974621124671772976e-01 4.932464650520547271e-03
3.037910935835002602e-01 4.871656336481402019e-03
3.101200746998231672e-01 4.837897442887655226e-03
3.164490558161460743e-01 4.825298226860342578e-03
3.227780369324690368e-01 4.828227723504193228e-03
3.291070180487919439e-01 4.834485975608690533e-03
3.354359991651148509e-01 4.845001568486888462e-03
3.417649802814377580e-01 4.857706901341688616e-03
3.480939613977607205e-01 4.864019937526298590e-03
3.544229425140836276e-01 4.870832803023230663e-03
3.607519236304065346e-01 4.871519963563914792e-03
3.670809047467294417e-01 4.862858421658487057e-03
3.734098858630524043e-01 4.853299198416912395e-03
3.797388669793753113e-01 4.831312524171479592e-03
3.860678480956982184e-01 4.804879306814671507e-03
3.923968292120211254e-01 4.769711598462999039e-03
3.987258103283440880e-01 4.724462550540009000e-03
4.050547914446669950e-01 4.674826738436583563e-03
4.113837725609899021e-01 4.611907586393247487e-03
4.177127536773128647e-01 4.547755077753636542e-03
4.240417347936357717e-01 4.469924774434956387e-03
4.303707159099586788e-01 4.390458539729045172e-03
4.366996970262815858e-01 4.299282126324103712e-03
4.430286781426045484e-01 4.205648097851531764e-03
4.493576592589274554e-01 4.102125259330766799e-03
4.556866403752503625e-01 3.996642577220057245e-03
4.620156214915732695e-01 3.882128562352285279e-03
4.683446026078962321e-01 3.767188031517494217e-03
4.746735837242191391e-01 3.643210339175769093e-03
4.810025648405420462e-01 3.521319449650559593e-03
4.873315459568649533e-01 3.391585888192301737e-03
4.936605270731879158e-01 3.262862173204139453e-03
4.999895081895108229e-01 3.129824294298142948e-03
5.063184893058337854e-01 2.995896406688240872e-03
5.126474704221566370e-01 2.861700564646897822e-03
5.189764515384795995e-01 2.724393738745690356e-03
5.253054326548025621e-01 2.590944535987237639e-03
5.316344137711254136e-01 2.455546249739790771e-03
5.379633948874483762e-01 2.321005864800199450e-03
5.442923760037712277e-01 2.189360828692487465e-03
5.506213571200941903e-01 2.057686645795280510e-03
5.569503382364171529e-01 1.928808852074514199e-03
5.632793193527400044e-01 1.803235886572174870e-03
5.696083004690629670e-01 1.679317102172672282e-03
5.759372815853859295e-01 1.558631270155451604e-03
5.822662627017087811e-01 1.442685403462907806e-03
5.885952438180317436e-01 1.329706300965286057e-03
5.949242249343545952e-01 1.220370607710893895e-03
6.012532060506775577e-01 1.116203477870556134e-03
6.075821871670005203e-01 1.016942922618247272e-03
6.139111682833233719e-01 9.224816180803710160e-04
6.202401493996463344e-01 8.334405898676724642e-04
6.265691305159692970e-01 7.501713308381590577e-04
6.328981116322921485e-01 6.730097999167607798e-04
6.392270927486151111e-01 6.009993932417806743e-04
6.455560738649380736e-01 5.343673526184246955e-04
6.518850549812609252e-01 4.732717205127542665e-04
6.582140360975838878e-01 4.179747458481034321e-04
6.645430172139067393e-01 3.687898033803883196e-04
6.708719983302297019e-01 3.261769318327855912e-04
6.772009794465526644e-01 2.905653187539926092e-04
6.835299605628755160e-01 2.623861988114684594e-04
6.898589416791984785e-01 2.422430995230154304e-04
6.961879227955214411e-01 2.305408971290139519e-04
7.025169039118442926e-01 2.271000658665831202e-04
7.088458850281672552e-01 2.307203407342915983e-04
7.151748661444902178e-01 2.390240187435187073e-04
7.215038472608130693e-01 2.494114624290369583e-04
7.278328283771360319e-01 2.601136520549276522e-04
7.341618094934588834e-01 2.701214887219613491e-04
7.404907906097818460e-01 2.788012768867569741e-04
7.468197717261048085e-01 2.860107784110423913e-04
7.531487528424276601e-01 2.914677114376840530e-04
7.594777339587506226e-01 2.950674105268862339e-04
7.658067150750735852e-01 2.967897922571579293e-04
7.721356961913964367e-01 2.966546048004480951e-04
7.784646773077193993e-01 2.947372225541329939e-04
7.847936584240422508e-01 2.914878911230251390e-04
7.911226395403652134e-01 2.866593445146634685e-04
7.974516206566881760e-01 2.803180028782688532e-04
8.037806017730110275e-01 2.728673888614444975e-04
8.101095828893339901e-01 2.643715992783100344e-04
8.164385640056569526e-01 2.546987941334120584e-04
8.227675451219798042e-01 2.445266924807577499e-04
8.290965262383027667e-01 2.334489877046120601e-04
8.354255073546257293e-01 2.219987509781669115e-04
8.417544884709485808e-01 2.099858120567216332e-04
8.480834695872715434e-01 1.979025474869506218e-04
8.544124507035943950e-01 1.855236912472982443e-04
8.607414318199173575e-01 1.732168630611732180e-04
8.670704129362403201e-01 1.610537915160546892e-04
8.733993940525631716e-01 1.490573948287595503e-04
8.797283751688861342e-01 1.373885200741902630e-04
8.860573562852090967e-01 1.261618052433703967e-04
8.923863374015319483e-01 1.154991438167544580e-04
8.987153185178549109e-01 1.054553534648591063e-04
9.050442996341777624e-01 9.610859728468447536e-05
9.113732807505007250e-01 8.748321908126451192e-05
9.177022618668236875e-01 7.959387685797843378e-05
9.240312429831465391e-01 7.238764062154118999e-05
9.303602240994695016e-01 6.592446561812008389e-05
9.366892052157924642e-01 6.000978911228675245e-05
9.430181863321153157e-01 5.464686298961563931e-05
9.493471674484382783e-01 4.959364435116915277e-05
9.556761485647612409e-01 4.468451305031682442e-05
9.620051296810840924e-01 3.975895010524061807e-05
9.683341107974070550e-01 3.459349439705475471e-05
9.746630919137299065e-01 2.902955637804413021e-05
9.809920730300528691e-01 2.290777996098525222e-05
9.873210541463758316e-01 1.607896068398030460e-05
9.936500352626986832e-01 8.457559563403840839e-06
