2.272719570687149915e+00 2.322292691680790918e-06
2.272657955789874507e+00 2.295824490673649759e-06
2.272534733588230882e+00 2.240243460439010671e-06
2.272349919267099949e+00 2.150826894528080738e-06
2.272103535601464053e+00 2.022130397571258210e-06
2.271795612953598109e+00 1.850218281258165073e-06
2.271426189269332596e+00 1.635455510090145931e-06
2.270995310073372409e+00 1.384964045710739196e-06
2.270503028463690676e+00 1.113507494031820366e-06
2.269949405104983775e+00 8.418549589594101020e-07
2.269334508221195090e+00 5.926255984314666718e-07
2.268658413587108846e+00 3.848457200965702203e-07
2.267921204519010914e+00 2.292732399781984719e-07
2.267122971864422798e+00 1.263931891562755502e-07
2.266263813990905707e+00 6.782757038335371047e-08
2.265343836773939135e+00 4.033365125418517116e-08
2.264363153583872634e+00 3.047743660563614970e-08
2.263321885271956102e+00 2.805528000912028698e-08
2.262220160155445914e+00 2.729512274662471845e-08
2.261058114001793129e+00 2.611325157256592742e-08
2.259835890011913317e+00 2.448065115382761263e-08
2.258553638802536678e+00 2.295472787621883568e-08
2.257211518387650884e+00 2.189910767527450543e-08
2.255809694159026435e+00 2.133797787742514271e-08
2.254348338865836077e+00 2.111379208637551598e-08
2.252827632593366491e+00 2.105910607045380591e-08
2.251247762740826275e+00 2.106965157347868459e-08
2.249608923998251075e+00 2.109907953886532897e-08
2.247911318322513896e+00 2.113080599348982731e-08
2.246155154912435670e+00 2.115876322302186088e-08
2.244340650183006769e+00 2.118061294114335840e-08
2.242468027738715897e+00 2.119642451380643984e-08
2.240537518345997459e+00 2.120788466713324397e-08
2.238549359904791647e+00 2.121713747447787473e-08
2.236503797419228778e+00 2.122587591962485946e-08
2.234401082967437002e+00 2.123502647378546326e-08
2.232241475670477371e+00 2.124487556229859929e-08
2.230025241660412938e+00 2.125535053376801562e-08
2.227752654047512770e+00 2.126626358693921315e-08
2.225423992886595315e+00 2.127745113384094394e-08
2.223039545142517337e+00 2.128881894668189462e-08
2.220599604654811099e+00 2.130033227006176328e-08
2.218104472101472879e+00 2.131198844095756891e-08
2.215554454961911279e+00 2.132379400224539508e-08
2.212949867479054866e+00 2.133575314290075531e-08
2.210291030620628927e+00 2.134786497890486643e-08
2.207578272039599998e+00 2.136012501342048349e-08
2.204811926033799718e+00 2.137252715381727923e-08
2.201992333504730226e+00 2.138506503099063610e-08
2.199119841915551543e+00 2.139773232277340372e-08
2.196194805248265158e+00 2.141052275395312082e-08
2.193217583960090700e+00 2.142342992643724068e-08
2.190188544939047244e+00 2.143644721080422400e-08
2.187108061458741481e+00 2.144956769884652609e-08
2.183976513132367181e+00 2.146278423451303147e-08
2.180794285865926163e+00 2.147608935915120274e-08
2.177561771810670344e+00 2.148947535803477905e-08
2.174279369314779942e+00 2.150293423245475187e-08
2.170947482874270751e+00 2.151645769446604347e-08
2.167566523083149121e+00 2.153003718598075786e-08
2.164136906582813324e+00 2.154366385951193227e-08
2.160659056010710177e+00 2.155732857187284949e-08
2.157133399948253594e+00 2.157102191523743493e-08
2.153560372868008166e+00 2.158473418664934034e-08
2.149940415080149325e+00 2.159845541277798384e-08
2.146273972678203634e+00 2.161217533819618630e-08
2.142561497484074984e+00 2.162588343644288162e-08
2.138803446992365576e+00 2.163956891877198101e-08
2.135000284313999686e+00 2.165322071796443849e-08
2.131152478119151983e+00 2.166682751394048578e-08
2.127260502579493728e+00 2.168037772875776039e-08
2.123324837309758628e+00 2.169385951593615607e-08
2.119345967308640777e+00 2.170726080021517367e-08
2.115324382899025579e+00 2.172056922690681690e-08
2.111260579667567860e+00 2.173377222600556396e-08
2.107155058403619385e+00 2.174685695110658172e-08
2.103008325037515114e+00 2.175981034063440557e-08
2.098820890578227072e+00 2.177261906915105195e-08
2.094593271050392946e+00 2.178526958877118144e-08
2.090325987430723398e+00 2.179774809323916018e-08
2.086019565583802748e+00 2.181004055300759258e-08
2.081674536197285263e+00 2.182213268941777526e-08
2.077291434716497243e+00 2.183400998542169812e-08
2.072870801278454245e+00 2.184565768185726659e-08
2.068413180645298333e+00 2.185706078508433673e-08
2.063919122137165996e+00 2.186820404445259002e-08
2.059389179564494299e+00 2.187907197917481821e-08
2.054823911159775918e+00 2.188964885417577072e-08
2.050223879508763503e+00 2.189991868707588174e-08
2.045589651481145133e+00 2.190986524660098901e-08
2.040921798160685530e+00 2.191947205271786902e-08
2.036220894774850798e+00 2.192872236373007389e-08
2.031487520623923348e+00 2.193759918567872982e-08
2.026722259009612337e+00 2.194608527013702544e-08
2.021925697163172941e+00 2.195416309910732650e-08
2.017098426173042025e+00 2.196181489148003368e-08
2.012241040911995071e+00 2.196902261570975825e-08
2.007354139963840378e+00 2.197576794270707183e-08
2.002438325549654508e+00 2.198203230838913667e-08
1.997494203453569206e+00 2.198779684209706053e-08
1.992522382948120008e+00 2.199304242439866899e-08
1.987523476719164295e+00 2.199774963827177662e-08
1.982498100790378581e+00 2.200189880995902123e-08
1.977446874447346126e+00 2.200546995526953516e-08
1.972370420161239535e+00 2.200844283829078924e-08
1.967269363512114344e+00 2.201079691365053562e-08
1.962144333111816463e+00 2.201251136402448222e-08
1.956995960526518141e+00 2.201356507347052422e-08
1.951824880198888001e+00 2.201393665058774320e-08
1.946631729369908470e+00 2.201360439946781259e-08
1.941417148000347703e+00 2.201254634183352387e-08
1.936181778691895117e+00 2.201074020364534949e-08
1.930926266607972952e+00 2.200816342293774493e-08
1.925651259394232095e+00 2.200479314051214598e-08
1.920357407098741032e+00 2.200060621192782844e-08
1.915045362091879699e+00 2.199557919414662722e-08
1.909715778985946910e+00 2.198968836352892219e-08
1.904369314554490433e+00 2.198290969495404114e-08
1.899006627651373069e+00 2.197521889831453864e-08
1.893628379129580042e+00 2.196659137500514585e-08
1.888235231759780586e+00 2.195700226489876780e-08
1.882827850148655280e+00 2.194642641471865036e-08
1.877406900656993782e+00 2.193483841161095788e-08
1.871973051317578296e+00 2.192221255447001136e-08
1.866526971752861641e+00 2.190852288895392237e-08
1.861069333092447708e+00 2.189374318417703898e-08
1.855600807890387616e+00 2.187784695656710181e-08
1.850122070042299338e+00 2.186080745782822093e-08
1.844633794702322138e+00 2.184259769004682181e-08
1.839136658199917118e+00 2.182319040121324971e-08
1.833631337956521001e+00 2.180255809299215547e-08
1.828118512402066687e+00 2.178067302095282235e-08
1.822598860891379902e+00 2.175750722003258439e-08
1.817073063620459727e+00 2.173303247267339584e-08
1.811541801542658536e+00 2.170722037522829435e-08
1.806005756284765118e+00 2.168004231318676261e-08
1.800465610063008315e+00 2.165146951512791800e-08
1.794922045598985605e+00 2.162147306234789900e-08
1.789375746035529957e+00 2.159002397038269011e-08
1.783827394852525838e+00 2.155709320653252885e-08
1.778277675782681699e+00 2.152265180947801255e-08
1.772727272727272929e+00 2.148667093972792484e-08
1.767176869671864381e+00 2.144912202604276072e-08
1.761627150602020020e+00 2.140997686052488849e-08
1.756078799419015901e+00 2.136920777202533505e-08
1.750532499855560475e+00 2.132678774345684981e-08
1.744988935391537765e+00 2.128269061362350590e-08
1.739448789169780962e+00 2.123689117875705085e-08
1.733912743911887544e+00 2.118936538939789641e-08
1.728381481834086131e+00 2.114009039271556801e-08
1.722855684563166179e+00 2.108904465088434503e-08
1.717336033052479172e+00 2.103620784506099537e-08
1.711823207498025079e+00 2.098156082541532731e-08
1.706317887254628740e+00 2.092508528326082521e-08
1.700820750752223720e+00 2.086676339460747214e-08
1.695332475412246520e+00 2.080657712455218782e-08
1.689853737564158243e+00 2.074450745914378432e-08
1.684385212362098150e+00 2.068053321119187127e-08
1.678927573701684217e+00 2.061462967957701892e-08
1.673481494136967562e+00 2.054676689616827980e-08
1.668047644797552298e+00 2.047690761465521084e-08
1.662626695305890578e+00 2.040500491921926987e-08
1.657219313694765273e+00 2.033099961890114821e-08
1.651826166324966039e+00 2.025481720215598640e-08
1.646447917803172789e+00 2.017636473707504595e-08
1.641085230900055425e+00 2.009552744057274084e-08
1.635738766468599170e+00 2.001216526431997676e-08
1.630409183362666159e+00 1.992610942711599396e-08
1.625097138355804827e+00 1.983715910432073523e-08
1.619803286060313985e+00 1.974507838320321188e-08
1.614528278846573128e+00 1.964959362409102331e-08
1.609272766762650742e+00 1.955039136762064562e-08
1.604037397454197933e+00 1.944711703240847279e-08
1.598822816084637388e+00 1.933937437157145892e-08
1.593629665255658079e+00 1.922672612823906707e-08
1.588458584928027939e+00 1.910869563231619108e-08
1.583310212342729395e+00 1.898476988435689829e-08
1.578185181942431736e+00 1.885440376187860157e-08
1.573084125293306546e+00 1.871702579603424772e-08
1.568007671007199955e+00 1.857204519934351339e-08
1.562956444664167277e+00 1.841886028018800640e-08
1.557931068735381563e+00 1.825686810817563672e-08
1.552932162506425851e+00 1.808547529520583698e-08
1.547960342000976652e+00 1.790410962334278335e-08
1.543016219904891351e+00 1.771223243874693125e-08
1.538100405490705480e+00 1.750935138906186750e-08
1.533213504542550787e+00 1.729503325265314727e-08
1.528356119281503611e+00 1.706891654495878867e-08
1.523528848291372695e+00 1.683072350070779844e-08
1.518732286444933743e+00 1.658027119996546421e-08
1.513967024830622732e+00 1.631748128505491365e-08
1.509233650679695282e+00 1.604238834017650515e-08
1.504532747293860329e+00 1.575514625434041744e-08
1.499864893973400726e+00 1.545603277513892797e-08
1.495230665945782356e+00 1.514545178623892346e-08
1.490630634294769941e+00 1.482393349604922450e-08
1.486065365890051559e+00 1.449213234060189979e-08
1.481535423317380085e+00 1.415082278222857235e-08
1.477041364809247526e+00 1.380089294594140235e-08
1.472583744176091614e+00 1.344333647356414281e-08
1.468163110738048616e+00 1.307924236777764613e-08
1.463780009257260817e+00 1.270978345525508235e-08
1.459434979870743110e+00 1.233620317354146576e-08
1.455128558023822460e+00 1.195980133550772909e-08
1.450861274404152912e+00 1.158191852324071919e-08
1.446633654876318786e+00 1.120391994184028750e-08
1.442446220417030744e+00 1.082717824581471228e-08
1.438299487050926473e+00 1.045305625438068559e-08
1.434193965786977776e+00 1.008288917026974850e-08
1.430130162555520279e+00 9.717967326890297611e-09
1.426108578145905303e+00 9.359518986957947144e-09
1.422129708144787452e+00 9.008694457932399871e-09
1.418194042875052574e+00 8.666551137127081928e-09
1.414302067335393875e+00 8.334040530257624969e-09
1.410454261140546173e+00 8.011997276498412452e-09
1.406651098462180283e+00 7.701130615631755686e-09
1.402893047970470874e+00 7.402018893142963172e-09
1.399180572776342224e+00 7.115106752942125565e-09
1.395514130374396533e+00 6.840705789616963790e-09
1.391894172586537914e+00 6.578998110640068000e-09
1.388321145506292487e+00 6.330043019117242365e-09
1.384795489443835681e+00 6.093786359796795868e-09
1.381317638871732978e+00 5.870072344226287287e-09
1.377888022371396959e+00 5.658657229778787756e-09
1.374507062580274885e+00 5.459224478585253347e-09
1.371175176139765695e+00 5.271400777442974184e-09
1.367892773643875293e+00 5.094772524211266074e-09
1.364660259588619917e+00 4.928901970242440533e-09
1.361478032322178677e+00 4.773343005364789159e-09
1.358346483995804377e+00 4.627655742915268790e-09
1.355266000515498614e+00 4.491419973933965793e-09
1.352236961494455381e+00 4.364247137495302666e-09
1.349259740206280922e+00 4.245790978165049840e-09
1.346334703538994315e+00 4.135757489631221771e-09
1.343462211949815632e+00 4.033914084087140102e-09
1.340642619420746140e+00 3.940098160151165338e-09
1.337876273414946082e+00 3.854222734964244536e-09
1.335163514833916931e+00 3.776275534436329947e-09
1.332504677975490992e+00 3.706307519307683235e-09
1.329900090492634579e+00 3.644412300958403450e-09
1.327350073353072979e+00 3.590709716944657752e-09
1.324854940799734981e+00 3.545364294327031963e-09
1.322415000312028521e+00 3.508681374753716433e-09
1.320030552567950544e+00 3.481316336832186899e-09
1.317701891407033088e+00 3.464587839301530986e-09
1.315429303794132920e+00 3.460808082843344736e-09
1.313213069784068487e+00 3.473447560835738336e-09
1.311053462487108856e+00 3.506891159781637008e-09
1.308950748035317080e+00 3.565568232285724092e-09
1.306905185549754211e+00 3.652390927217488337e-09
1.304917027108548400e+00 3.766699025299880610e-09
1.302986517715829962e+00 3.902214771884287100e-09
1.301113895271539089e+00 4.045737708688053565e-09
1.299299390542109967e+00 4.177338523544408535e-09
1.297543227132031962e+00 4.272570309173657112e-09
1.295845621456294783e+00 4.306733987395421525e-09
1.294206782713719583e+00 4.260626504043073670e-09
1.292626912861179367e+00 4.126657707166282946e-09
1.291106206588709782e+00 3.913921502506396265e-09
1.289644851295519645e+00 3.650868388192654917e-09
1.288243027066895197e+00 3.384658473614906438e-09
1.286900906652009180e+00 3.176965151378730733e-09
1.285618655442632763e+00 3.096779015131912961e-09
1.284396431452752507e+00 3.211416495220336782e-09
1.283234385299099944e+00 3.577321414579712844e-09
1.282132660182589756e+00 4.232272166307399421e-09
1.281091391870673224e+00 5.190289605007553887e-09
1.280110708680606724e+00 6.439981562601812086e-09
1.279190731463640152e+00 7.946386356483946607e-09
1.278331573590123060e+00 9.655750794547846329e-09
1.277533340935534945e+00 1.150222820372195473e-08
1.276796131867437012e+00 1.341524804223555851e-08
1.276120037233350546e+00 1.532637229800900831e-08
1.275505140349562083e+00 1.717469572900718645e-08
1.274951516990854961e+00 1.891025941653572944e-08
1.274459235381173450e+00 2.049536485215195724e-08
1.274028356185213484e+00 2.190409162263086569e-08
1.273658932500947749e+00 2.312052051662888470e-08
1.273351009853082028e+00 2.413630004593340050e-08
1.273104626187445909e+00 2.494816089366898074e-08
1.272919811866314976e+00 2.555570549585393694e-08
1.272796589664671574e+00 2.595981298738300631e-08
1.272734974767395721e+00 2.616156498364326100e-08
