3.546087273412574115e-03 7.350478067724382418e-25
7.092174546825148231e-03 5.148807106161074903e-24
1.063826182023772278e-02 2.085390507294367321e-23
1.418434909365029646e-02 5.300326225500022855e-23
1.773043636706287188e-02 2.883996230871646772e-19
2.127652364047544556e-02 3.756867032821267192e-17
2.482261091388801924e-02 1.410717138285522739e-15
2.836869818730059292e-02 1.891290583900581976e-14
3.191478546071317007e-02 1.414220584273467407e-13
3.546087273412574375e-02 6.053365751764893290e-13
3.900696000753831744e-02 1.335766201453233450e-12
4.255304728095089112e-02 1.894458134636833987e-12
4.609913455436346480e-02 2.287844043947654752e-12
4.964522182777603848e-02 2.860816521252007016e-12
5.319130910118861216e-02 3.416571998478855844e-12
5.673739637460118584e-02 3.713343176346032300e-12
6.028348364801375953e-02 3.924684771289426225e-12
6.382957092142634015e-02 4.189384677413424584e-12
6.737565819483891383e-02 4.387213138476859547e-12
7.092174546825148751e-02 4.049031012723902548e-12
7.446783274166406119e-02 3.762425885119494763e-12
7.801392001507663487e-02 3.640092186451701391e-12
8.156000728848920855e-02 1.243496595009187961e-12
8.510609456190178224e-02 3.626315242890775552e-12
8.865218183531435592e-02 3.288958410713999569e-12
9.219826910872692960e-02 3.000640714668164011e-12
9.574435638213950328e-02 3.056688338139866839e-12
9.929044365555207696e-02 3.093714135675662567e-12
1.028365309289646506e-01 2.964654724072234342e-12
1.063826182023772243e-01 3.200289179422440584e-12
1.099287054757897980e-01 3.153071805630044333e-12
1.134747927492023717e-01 3.235945903897032664e-12
1.170208800226149454e-01 1.601016601419775584e-12
1.205669672960275191e-01 3.404373734174906906e-12
1.241130545694400927e-01 2.684341485106613382e-12
1.276591418428526803e-01 2.618742748914297354e-12
1.312052291162652540e-01 2.598363309998252964e-12
1.347513163896778277e-01 2.496429843343216775e-12
1.382974036630904013e-01 2.583170096674478923e-12
1.418434909365029750e-01 2.486499162043888933e-12
1.453895782099155487e-01 2.418155071787056272e-12
1.489356654833281224e-01 2.310050723697485230e-12
1.524817527567406961e-01 2.343977594156648026e-12
1.560278400301532697e-01 2.297395842450790173e-12
1.595739273035658434e-01 2.394216023423068614e-12
1.631200145769784171e-01 2.539279251002260207e-12
1.666661018503909908e-01 2.257987769455550609e-12
1.702121891238035645e-01 2.022256064976421292e-12
1.737582763972161382e-01 2.234541955967081215e-12
1.773043636706287118e-01 2.166063740993743021e-12
1.808504509440412855e-01 2.085986214088254949e-12
1.843965382174538592e-01 2.369652477215099127e-12
1.879426254908664329e-01 2.078229845308719509e-12
1.914887127642790066e-01 2.047379053417249883e-12
1.950348000376915802e-01 2.094791922430968165e-12
1.985808873111041539e-01 2.015135300738755437e-12
2.021269745845167276e-01 2.034987020738778160e-12
2.056730618579293013e-01 1.953558680743941013e-12
2.092191491313418750e-01 1.895954474093001277e-12
2.127652364047544487e-01 1.974733318260734487e-12
2.163113236781670223e-01 1.855690128408347443e-12
2.198574109515795960e-01 4.051083639488015330e-12
2.234034982249921697e-01 1.924705634715801027e-12
2.269495854984047434e-01 1.862059957628975532e-12
2.304956727718173171e-01 2.045055396110695252e-12
2.340417600452298907e-01 1.995952956090830015e-12
2.375878473186424644e-01 1.769183491041124593e-12
2.411339345920550381e-01 1.755875719043748414e-12
2.446800218654676118e-01 1.792475713101676355e-12
2.482261091388801855e-01 1.719290636900536800e-12
2.517721964122927591e-01 1.799146094687779295e-12
2.553182836857053606e-01 1.730774824098993784e-12
2.588643709591179065e-01 1.843325483092071042e-12
2.624104582325305079e-01 1.845860348646147042e-12
2.659565455059430539e-01 1.667211885136699148e-12
2.695026327793556553e-01 1.666450427851453005e-12
2.730487200527682012e-01 1.596269103219161881e-12
2.765948073261808027e-01 1.519805391669661490e-12
2.801408945995933486e-01 1.646492608095468093e-12
2.836869818730059500e-01 1.715721341285170858e-12
2.872330691464184960e-01 1.811524633006595162e-12
2.907791564198310974e-01 1.688049925266205764e-12
2.943252436932436433e-01 1.680656443543747277e-12
2.978713309666562448e-01 1.694532922734376256e-12
3.014174182400687907e-01 1.595762340265967562e-12
3.049635055134813921e-01 1.578758907328590007e-12
3.085095927868939381e-01 1.623556788923792469e-12
3.120556800603065395e-01 1.645916032863224792e-12
3.156017673337190854e-01 1.592094173198367629e-12
3.191478546071316869e-01 1.614244851644519037e-12
3.226939418805442328e-01 1.488890884883773163e-12
3.262400291539568342e-01 1.644890156154845312e-12
3.297861164273693801e-01 1.602092398790466120e-12
3.333322037007819816e-01 1.799394866553626107e-12
3.368782909741945275e-01 2.072925578863974306e-12
3.404243782476071289e-01 2.639860707394562529e-12
3.439704655210196749e-01 3.106896862195074716e-12
3.475165527944322763e-01 4.111644871976217465e-12
3.510626400678448222e-01 4.491103798974694576e-12
3.546087273412574237e-01 7.592581611825309879e-12
3.581548146146699696e-01 1.038300631763725254e-11
3.617009018880825710e-01 1.463037680906954739e-11
3.652469891614951170e-01 2.113361898821978243e-11
3.687930764349077184e-01 3.028526118489735337e-11
3.723391637083202643e-01 4.294460671682462347e-11
3.758852509817328658e-01 5.954893926855023981e-11
3.794313382551454117e-01 7.975441232300015775e-11
3.829774255285580131e-01 1.053083446841419657e-10
3.865235128019705590e-01 1.372961364917517647e-10
3.900696000753831605e-01 1.806585919739729311e-10
3.936156873487957064e-01 2.458140118395963585e-10
3.971617746222083079e-01 3.465886713158723108e-10
4.007078618956208538e-01 5.007948139519071863e-10
4.042539491690334552e-01 7.221771091099309456e-10
4.078000364424460011e-01 1.024659089546231810e-09
4.113461237158586026e-01 1.399670913721029496e-09
4.148922109892711485e-01 1.848270171974159590e-09
4.184382982626837499e-01 2.340142840051031649e-09
4.219843855360962959e-01 2.899019096062731857e-09
4.255304728095088973e-01 3.601095218573532524e-09
4.290765600829214432e-01 4.710448459615439771e-09
4.326226473563340447e-01 6.588896794568060922e-09
4.361687346297465906e-01 9.626360653517952449e-09
4.397148219031591920e-01 1.409672477184496602e-08
4.432609091765717380e-01 2.003368436526201209e-08
4.468069964499843394e-01 2.719417959846484165e-08
4.503530837233968853e-01 3.489680496882086159e-08
4.538991709968094868e-01 4.253588698907166519e-08
4.574452582702220882e-01 4.970450590490942981e-08
4.609913455436346341e-01 5.790202593988251779e-08
4.645374328170472356e-01 7.391213353089482686e-08
4.680835200904597815e-01 1.048554187324473120e-07
4.716296073638723829e-01 1.568649692863482647e-07
4.751756946372849288e-01 2.315371022236311142e-07
4.787217819106975303e-01 3.277817426220369689e-07
4.822678691841100762e-01 4.337127623633195337e-07
4.858139564575226776e-01 5.374949785358614538e-07
4.893600437309352236e-01 6.213590231827571021e-07
4.929061310043478250e-01 6.734227275957525205e-07
4.964522182777603709e-01 7.207160371076477050e-07
4.999983055511729724e-01 9.578078219887054103e-07
5.035443928245855183e-01 1.590919799211918769e-06
5.070904800979980642e-01 2.589856696348795049e-06
5.106365673714107212e-01 4.007741558616349407e-06
5.141826546448232671e-01 5.788965205999416569e-06
5.177287419182358130e-01 7.693998209394747962e-06
5.212748291916483590e-01 9.326400782696001737e-06
5.248209164650610159e-01 1.010124665891596238e-05
5.283670037384735618e-01 9.445799981123179854e-06
5.319130910118861078e-01 8.377014537764458367e-06
5.354591782852986537e-01 1.294880931649114859e-05
5.390052655587113106e-01 2.647543351199684166e-05
5.425513528321238566e-01 4.935057462747856870e-05
5.460974401055364025e-01 8.202640408134479096e-05
5.496435273789489484e-01 1.250524440978756965e-04
5.531896146523616054e-01 1.782507148797084857e-04
5.567357019257741513e-01 2.413370678670153085e-04
5.602817891991866972e-01 3.082793004626294478e-04
5.638278764725992431e-01 4.010664007815698223e-04
5.673739637460119001e-01 4.797336143444886746e-04
5.709200510194244460e-01 5.545395797599117884e-04
5.744661382928369919e-01 6.266092848113335653e-04
5.780122255662495379e-01 6.949315348120044472e-04
5.815583128396621948e-01 7.597160624757986385e-04
5.851044001130747407e-01 8.176901801256020825e-04
5.886504873864872867e-01 8.685664850506210656e-04
5.921965746598998326e-01 9.137090315529092276e-04
5.957426619333124895e-01 9.523782328011067694e-04
5.992887492067250355e-01 9.834436319546993686e-04
6.028348364801375814e-01 1.007350133663983266e-03
6.063809237535501273e-01 1.026099684632200693e-03
6.099270110269627843e-01 1.038891125956768356e-03
6.134730983003753302e-01 1.044978765636352504e-03
6.170191855737878761e-01 1.045002605258527279e-03
6.205652728472004220e-01 1.039641810786029030e-03
6.241113601206130790e-01 1.030574606237569290e-03
6.276574473940256249e-01 1.015410882631655924e-03
6.312035346674381708e-01 9.946255643507562975e-04
6.347496219408507168e-01 9.687491166611270250e-04
6.382957092142633737e-01 9.383213013270932587e-04
6.418417964876759196e-01 9.052570958151014277e-04
6.453878837610884656e-01 8.686009218862105700e-04
6.489339710345010115e-01 8.286951801469851723e-04
6.524800583079136684e-01 7.862777722524399949e-04
6.560261455813262144e-01 7.420304452563960661e-04
6.595722328547387603e-01 6.965922643749762307e-04
6.631183201281513062e-01 6.505558206253922188e-04
6.666644074015639632e-01 6.049257522621036016e-04
6.702104946749765091e-01 5.598117490877731585e-04
6.737565819483890550e-01 5.153740941157630099e-04
6.773026692218016009e-01 4.720680166943714380e-04
6.808487564952142579e-01 4.302761000794763343e-04
6.843948437686268038e-01 3.903181181407032333e-04
6.879409310420393497e-01 3.524406835769501242e-04
6.914870183154520067e-01 3.168474914269921281e-04
6.950331055888645526e-01 2.836724495942603169e-04
6.985791928622770985e-01 2.530034872144190541e-04
7.021252801356896445e-01 2.248779586450706694e-04
7.056713674091023014e-01 1.992889049148850158e-04
7.092174546825148473e-01 1.761899619952810318e-04
7.127635419559273933e-01 1.554967212956206199e-04
7.163096292293399392e-01 1.370956648265400125e-04
7.198557165027525961e-01 1.208443539649033647e-04
7.234018037761651421e-01 1.065782205823731358e-04
7.269478910495776880e-01 9.411794431491183623e-05
7.304939783229902339e-01 8.327142370174385228e-05
7.340400655964028909e-01 7.384451128422159130e-05
7.375861528698154368e-01 6.564706756760131136e-05
7.411322401432279827e-01 5.849749473144255255e-05
7.446783274166405286e-01 5.223121422418105977e-05
7.482244146900531856e-01 4.674613650124290843e-05
7.517705019634657315e-01 4.190562710245806203e-05
7.553165892368782774e-01 3.758112377916302422e-05
7.588626765102908234e-01 3.369014121178647692e-05
7.624087637837034803e-01 3.016866267720471232e-05
7.659548510571160262e-01 2.696648439168095339e-05
7.695009383305285722e-01 2.406823882517470132e-05
7.730470256039411181e-01 2.146045930031352918e-05
7.765931128773537750e-01 1.908712162822350983e-05
7.801392001507663210e-01 1.692911366328996516e-05
7.836852874241788669e-01 1.497339712892440796e-05
7.872313746975914128e-01 1.324462888535829140e-05
7.907774619710040698e-01 1.169017320272320382e-05
7.943235492444166157e-01 1.029491770752974993e-05
7.978696365178291616e-01 9.065625095903216799e-06
8.014157237912417076e-01 7.982904424877154499e-06
8.049618110646543645e-01 7.018559266294943927e-06
8.085078983380669104e-01 6.176714224567327860e-06
8.120539856114794564e-01 5.436935948366013046e-06
8.156000728848920023e-01 4.778906321953934915e-06
8.191461601583046592e-01 4.209874338688082983e-06
8.226922474317172052e-01 3.700985114073036488e-06
8.262383347051297511e-01 3.256616229731050188e-06
8.297844219785422970e-01 2.860817655337938598e-06
8.333305092519549540e-01 2.512383048830758685e-06
8.368765965253674999e-01 2.202193701573081508e-06
8.404226837987800458e-01 1.929345985229340677e-06
8.439687710721925917e-01 1.685230915504426325e-06
8.475148583456052487e-01 1.472919081071089766e-06
8.510609456190177946e-01 1.283160953859098905e-06
8.546070328924303405e-01 1.117271240362992525e-06
8.581531201658428865e-01 9.717026619724869610e-07
8.616992074392555434e-01 8.432471740211877379e-07
8.652452947126680893e-01 7.315521418166080998e-07
8.687913819860806353e-01 6.344121658341047823e-07
8.723374692594931812e-01 5.493145042422600717e-07
8.758835565329058381e-01 4.750415487478661426e-07
8.794296438063183841e-01 4.103603827370842980e-07
8.829757310797309300e-01 3.544794601537934247e-07
8.865218183531434759e-01 3.057907131215057972e-07
8.900679056265561329e-01 2.633691078524829145e-07
8.936139928999686788e-01 2.264423353661893181e-07
8.971600801733812247e-01 1.943362158208668154e-07
9.007061674467937706e-01 1.664485860366969522e-07
9.042522547202064276e-01 1.422562884327622478e-07
9.077983419936189735e-01 1.213123017365337948e-07
9.113444292670315194e-01 1.033618530352525638e-07
9.148905165404441764e-01 8.786924644943226378e-08
9.184366038138567223e-01 7.449713013978982145e-08
9.219826910872692682e-01 6.301383331682041910e-08
9.255287783606818142e-01 5.325542440290895504e-08
9.290748656340944711e-01 4.482183402507068893e-08
9.326209529075070170e-01 3.771939669927302159e-08
9.361670401809195630e-01 3.160511752311396097e-08
9.397131274543321089e-01 2.641125372507645063e-08
9.432592147277447658e-01 2.201417917730442253e-08
9.468053020011573118e-01 1.827362456080024644e-08
9.503513892745698577e-01 1.510560578414905537e-08
9.538974765479824036e-01 1.242960436003479758e-08
9.574435638213950606e-01 1.017359017548370573e-08
9.609896510948076065e-01 8.298889114003869772e-09
9.645357383682201524e-01 6.720619144784931921e-09
9.680818256416326983e-01 5.414295468867475685e-09
9.716279129150453553e-01 4.321945623545229394e-09
9.751740001884579012e-01 3.410431104514821802e-09
9.787200874618704471e-01 2.664088873593116018e-09
9.822661747352829931e-01 2.057470854819404255e-09
9.858122620086956500e-01 1.578803614210499369e-09
9.893583492821081959e-01 1.204348379421719381e-09
9.929044365555207419e-01 8.684243272624904725e-10
9.964505238289332878e-01 4.882441936740972394e-10
