9.999966111023459447e-01 4.075052212717345462e-06
9.999695005475446319e-01 3.667573937341636392e-05
9.999152827788214681e-01 1.018788479954666685e-04
9.998339644775239288e-01 1.996884836726931000e-04
9.997255556646440500e-01 3.301090874200766911e-04
9.995900696995831947e-01 4.931351653453146027e-04
9.994275232785061469e-01 6.887268656085333840e-04
9.992379364322837576e-01 9.167674357479090822e-04
9.990213325240239195e-01 1.177002686965216392e-03
9.987777382461928699e-01 1.468968022614492493e-03
9.985071836173258220e-01 1.791913997769434795e-03
9.982097019783278125e-01 2.144745122387772211e-03
9.978853299883647665e-01 2.525987209786187924e-03
9.975341076203458890e-01 2.933795173955327899e-03
9.971560781559984932e-01 3.366006045662968144e-03
9.967512881805331570e-01 3.820232583004470016e-03
9.963197875769038703e-01 4.293983618541601967e-03
9.958616295196606183e-01 4.784790899058829691e-03
9.953768704683960689e-01 5.290320691809536138e-03
9.948655701607889146e-01 5.808452497903865246e-03
9.943277916052416510e-01 6.337315729703490823e-03
9.937636010731160097e-01 6.875285631562034518e-03
9.931730680905661579e-01 7.420948927043910515e-03
9.925562654299714405e-01 7.973055053476025417e-03
9.919132691009677760e-01 8.530469200994910545e-03
9.912441583410811496e-01 9.092139253505399782e-03
9.905490156059634232e-01 9.657082069186870635e-03
9.898279265592304643e-01 1.022438781927853015e-02
9.890809800619060344e-01 1.079323639430783237e-02
9.883082681614716591e-01 1.136291817377267817e-02
9.875098860805229251e-01 1.193285249753829949e-02
9.866859322050349768e-01 1.250259986010824990e-02
9.858365080722387708e-01 1.307186680334639084e-02
9.849617183581083069e-01 1.364050465901178386e-02
9.840616708644605026e-01 1.420850425641903211e-02
9.831364765056721522e-01 1.477598861340515858e-02
9.821862492950099721e-01 1.534320494758990676e-02
9.812111063305816172e-01 1.591051657902225677e-02
9.802111677809055568e-01 1.647839476240803638e-02
9.791865568701019207e-01 1.704741027260855621e-02
9.781373998627075350e-01 1.761822459142819985e-02
9.770638260481168125e-01 1.819158067087681477e-02
9.759659677246479426e-01 1.876829336955626593e-02
9.748439601832408208e-01 1.934923972570925729e-02
9.736979416907841633e-01 1.993534924346840320e-02
9.725280534730766924e-01 2.052759435095292614e-02
9.713344396974238348e-01 2.112698116252057987e-02
9.701172474548718228e-01 2.173454065466627616e-02
9.688766267420813039e-01 2.235132034803985132e-02
9.676127304428426834e-01 2.297837657444857032e-02
9.663257143092365276e-01 2.361676739475598169e-02
9.650157369424396947e-01 2.426754621994910849e-02
9.636829597731806363e-01 2.493175617331399099e-02
9.623275470418461985e-01 2.561042521720855586e-02
9.609496657782414797e-01 2.630456205394008859e-02
9.595494857810074052e-01 2.701515279713370341e-02
9.581271795966950222e-01 2.774315839794774113e-02
9.566829224985031743e-01 2.848951279969639053e-02
9.552168924646791126e-01 2.925512178499035248e-02
9.537292701565855957e-01 3.004086247148660821e-02
9.522202388964376985e-01 3.084758340580707331e-02
9.506899846447123270e-01 3.167610520015338993e-02
9.491386959772314391e-01 3.252722165259921278e-02
9.475665640619235219e-01 3.340170128992209220e-02
9.459737826352656587e-01 3.430028927106000547e-02
9.443605479784096257e-01 3.522370958974124083e-02
9.427270588929929085e-01 3.617266751640608319e-02
9.410735166766408533e-01 3.714785222208072391e-02
9.394001250981598439e-01 3.814993953022226270e-02
9.377070903724267215e-01 3.917959474658129493e-02
9.359946211349770007e-01 4.023747552166462293e-02
9.342629284162937697e-01 4.132423470527993997e-02
9.325122256158018264e-01 4.244052315776337958e-02
9.307427284755711572e-01 4.358699248769708212e-02
9.289546550537298719e-01 4.476429769109687568e-02
9.271482256975924763e-01 4.597309967208879078e-02
9.253236630165064813e-01 4.721406762990380118e-02
9.234811918544199028e-01 4.848788130153475207e-02
9.216210392621728698e-01 4.979523305355666035e-02
9.197434344695182284e-01 5.113682982037590086e-02
9.178486088568731383e-01 5.251339488951689560e-02
9.159367959268054360e-01 5.392566953746569941e-02
9.140082312752586535e-01 5.537441452206496445e-02
9.120631525625197966e-01 5.686041143950321120e-02
9.101017994839311065e-01 5.838446395557540802e-02
9.081244137403527983e-01 5.994739892212532645e-02
9.061312390083775536e-01 6.155006739043410863e-02
9.041225209103013194e-01 6.319334553381047992e-02
9.020985069838558523e-01 6.487813549177991190e-02
9.000594466517037873e-01 6.660536614809781097e-02
8.980055911907014465e-01 6.837599385433640320e-02
8.959371937009342757e-01 7.019100311006629123e-02
8.938545090745261268e-01 7.205140720972373625e-02
8.917577939642292728e-01 7.395824886519397623e-02
8.896473067517960409e-01 7.591260081205231103e-02
8.875233075161385043e-01 7.791556640639486775e-02
8.853860580012777870e-01 7.996828021840347855e-02
8.832358215840897531e-01 8.207190862833595169e-02
8.810728632418478590e-01 8.422765043062649393e-02
8.788974495195703840e-01 8.643673745227430094e-02
8.767098484971727057e-01 8.870043519265236043e-02
8.745103297564321698e-01 9.102004349315966081e-02
8.722991643477664425e-01 9.339689724649556657e-02
8.700766247568321177e-01 9.583236715637247216e-02
8.678429848709452443e-01 9.832786055871364783e-02
8.655985199453302137e-01 1.008848223142793238e-01
8.633435065691992261e-01 1.035047357797540396e-01
8.610782226316678889e-01 1.061891238592915232e-01
8.588029472875107206e-01 1.089395501313679543e-01
8.565179609227596691e-01 1.117576200369678335e-01
8.542235451201529717e-01 1.146449821056024082e-01
8.519199826244338025e-01 1.176033291869993808e-01
8.496075573075080323e-01 1.206343996505633565e-01
8.472865541334619888e-01 1.237399785142765801e-01
8.449572591234459917e-01 1.269218984719500121e-01
8.426199593204269922e-01 1.301820408045433752e-01
8.402749427538165339e-01 1.335223361885061188e-01
8.379224984039757018e-01 1.369447654510178858e-01
8.355629161666040527e-01 1.404513603657832621e-01
8.331964868170151917e-01 1.440442046284662880e-01
8.308235019743033245e-01 1.477254351903635465e-01
8.284442540654082254e-01 1.514972441531195479e-01
8.260590362890771754e-01 1.553618814259082048e-01
8.236681425797343081e-01 1.593216583098989447e-01
8.212718675712590288e-01 1.633789520959483821e-01
8.188705065606769473e-01 1.675362116379243427e-01
8.164643554717705420e-01 1.717959637002469953e-01
8.140537108186116644e-01 1.761608196868732490e-01
8.116388696690217675e-01 1.806334821617993358e-01
8.092201296079635231e-01 1.852167503985247543e-01
8.067977887008691562e-01 1.899135240843966566e-01
8.043721454569092710e-01 1.947268042944866329e-01
8.019434987922070546e-01 1.996596909747934967e-01
7.995121479930022979e-01 2.047153764627274442e-01
7.970783926787696760e-01 2.098971350339055020e-01
7.946425327652966164e-01 2.152083090849711833e-01
7.922048684277235298e-01 2.206522933009932297e-01
7.897657000635536217e-01 2.262325189416085069e-01
7.873253282556331722e-01 2.319524411131798358e-01
7.848840537351112756e-01 2.378155324545814520e-01
7.824421773443799299e-01 2.438252869222661545e-01
7.800000000000000266e-01 2.499852371930975092e-01
7.775578226556202344e-01 2.562989885136715551e-01
7.751159462648887777e-01 2.627702705600847843e-01
7.726746717443668810e-01 2.694030070428630741e-01
7.702342999364465426e-01 2.762014004848330484e-01
7.677951315722765235e-01 2.831700269845135454e-01
7.653574672347035479e-01 2.903139331037448145e-01
7.629216073212303773e-01 2.976387246025457567e-01
7.604878520069978665e-01 3.051506349470676782e-01
7.580565012077929987e-01 3.128565607083000910e-01
7.556278545430907823e-01 3.207640514876129445e-01
7.532022112991308971e-01 3.288812441073464821e-01
7.507798703920366412e-01 3.372167346176045410e-01
7.483611303309783969e-01 3.457793871466554037e-01
7.459462891813883889e-01 3.545780855075706950e-01
7.435356445282295113e-01 3.636214412947737507e-01
7.411294934393231060e-01 3.729174802845832137e-01
7.387281324287410245e-01 3.824733364610764519e-01
7.363318574202657452e-01 3.922949890121661953e-01
7.339409637109228779e-01 4.023870812930167573e-01
7.315557459345918279e-01 4.127528612805794195e-01
7.291764980256967288e-01 4.233942799241561250e-01
7.268035131829849727e-01 4.343122768208130258e-01
7.244370838333960005e-01 4.455072719409187698e-01
7.220775015960243515e-01 4.569798681577970090e-01
7.197250572461835194e-01 4.687317528366947705e-01
7.173800406795730611e-01 4.807667686616830527e-01
7.150427408765540616e-01 4.930921053117259256e-01
7.127134458665380645e-01 5.057195457091492319e-01
7.103924426924921320e-01 5.186666845827779815e-01
7.080800173755662508e-01 5.319580242997032915e-01
7.057764548798470816e-01 5.456258446770955173e-01
7.034820390772403842e-01 5.597107411986349534e-01
7.011970527124894437e-01 5.742617311282528503e-01
6.989217773683321644e-01 5.893358406690140106e-01
6.966564934308008272e-01 6.049971093600785554e-01
6.944014800546698396e-01 6.213149803642161739e-01
6.921570151290548090e-01 6.383620860442403844e-01
6.899233752431679356e-01 6.562114846899778087e-01
6.877008356522336108e-01 6.749334523658605534e-01
6.854896702435677724e-01 6.945919783177487705e-01
6.832901515028273476e-01 7.152411474040722972e-01
6.811025504804296693e-01 7.369216133088464238e-01
6.789271367581521943e-01 7.596573682085326906e-01
6.767641784159104112e-01 7.834529970350694317e-01
6.746139419987222663e-01 8.082915694263864692e-01
6.724766924838615489e-01 8.341332745130067838e-01
6.703526932482040124e-01 8.609148492635663175e-01
6.682422060357707805e-01 8.885497970807957335e-01
6.661454909254740375e-01 9.169293457373194345e-01
6.640628062990658886e-01 9.459240567932905019e-01
6.619944088092986068e-01 9.753859743412907068e-01
6.599405533482962660e-01 1.005151189168610015e+00
6.579014930161442010e-01 1.035042693516268208e+00
6.558774790896987339e-01 1.064873408950708589e+00
6.538687609916226107e-01 1.094449282605888918e+00
6.518755862596471440e-01 1.123572362604275066e+00
6.498982005160689468e-01 1.152043779758069375e+00
6.479368474374802567e-01 1.179666578243217190e+00
6.459917687247413998e-01 1.206248351967306842e+00
6.440632040731947283e-01 1.231603655426521948e+00
6.421513911431269150e-01 1.255556167906222820e+00
6.402565655304818248e-01 1.277940598069062350e+00
6.383789607378271835e-01 1.298604322541595080e+00
6.365188081455801505e-01 1.317408757335512659e+00
6.346763369834935720e-01 1.334230465091786222e+00
6.328517743024075770e-01 1.348962004449838492e+00
6.310453449462701814e-01 1.361512530511620023e+00
6.292572715244288961e-01 1.371808157541793527e+00
6.274877743841982269e-01 1.379792096832128667e+00
6.257370715837063946e-01 1.385424584141503379e+00
6.240053788650230526e-01 1.388682612358123070e+00
6.222929096275733318e-01 1.389559486054190884e+00
6.205998749018403204e-01 1.388064215437068594e+00
6.189264833233592000e-01 1.384220767855855350e+00
6.172729411070071448e-01 1.378067195501298414e+00
6.156394520215905386e-01 1.369654658237920986e+00
6.140262173647343946e-01 1.359046360624555527e+00
6.124334359380766424e-01 1.346316422106456745e+00
6.108613040227686142e-01 1.331548699092431898e+00
6.093100153552877263e-01 1.314835577159438440e+00
6.077797611035624659e-01 1.296276750953792023e+00
6.062707298434145686e-01 1.275978008485294524e+00
6.047831075353209407e-01 1.254050035446492517e+00
6.033170775014968790e-01 1.230607253946899293e+00
6.018728204033050311e-01 1.205766708650176211e+00
6.004505142189927591e-01 1.179647011764170639e+00
5.990503342217585736e-01 1.152367356686984534e+00
5.976724529581538548e-01 1.124046608387704538e+00
5.963170402268194170e-01 1.094802476830589066e+00
5.949842630575603586e-01 1.064750777970357554e+00
5.936742856907635257e-01 1.034004785086487965e+00
5.923872695571574809e-01 1.002674671518417604e+00
5.911233732579188604e-01 9.708670442402932421e-01
5.898827525451282305e-01 9.386845662000365964e-01
5.886655603025762185e-01 9.062256639655983381e-01
5.874719465269234719e-01 8.735843159902115795e-01
5.863020583092160010e-01 8.408499157427895554e-01
5.851560398167592325e-01 8.081072030595072286e-01
5.840340322753521107e-01 7.754362563637271499e-01
5.829361739518833518e-01 7.429125378737786445e-01
5.818626001372925183e-01 7.106069835655004496e-01
5.808134431298982436e-01 6.785861294643638075e-01
5.797888322190944965e-01 6.469122657877455218e-01
5.787888936694184361e-01 6.156436105124245550e-01
5.778137507049901922e-01 5.848344940777866485e-01
5.768635234943279011e-01 5.545355471367038325e-01
5.759383291355394396e-01 5.247938835488775711e-01
5.750382816418918575e-01 4.956532712337567981e-01
5.741634919277612825e-01 4.671542841675541680e-01
5.733140677949650765e-01 4.393344298598444997e-01
5.724901139194772393e-01 4.122282482174079443e-01
5.716917318385283941e-01 3.858673798828556878e-01
5.709190199380940189e-01 3.602806049070159111e-01
5.701720734407697000e-01 3.354938558208401256e-01
5.694509843940366300e-01 3.115302125129336130e-01
5.687558416589187926e-01 2.884098893777065076e-01
5.680867308990322773e-01 2.661502275165439357e-01
5.674437345700286128e-01 2.447657059320629269e-01
5.668269319094337844e-01 2.242679853622877029e-01
5.662363989268840436e-01 2.046659965555591709e-01
5.656722083947584023e-01 1.859660815005825252e-01
5.651344298392110277e-01 1.681721917105766517e-01
5.646231295316039844e-01 1.512861425770112012e-01
5.641383704803394350e-01 1.353079175978409987e-01
5.636802124230961830e-01 1.202360114935314278e-01
5.632487118194668962e-01 1.060677973356060760e-01
5.628439218440015601e-01 9.279990019912326416e-02
5.624658923796541643e-01 8.042855874167463559e-02
5.621146700116353978e-01 6.894995658274602479e-02
5.617902980216722408e-01 5.836050733495715820e-02
5.614928163826742313e-01 4.865708041808151224e-02
5.612222617538071834e-01 3.983715905881823893e-02
5.609786674759761338e-01 3.189892676363056956e-02
5.607620635677162957e-01 2.484128363342531787e-02
5.605724767214939064e-01 1.866379875360074311e-02
5.604099303004169697e-01 1.336660916280960412e-02
5.602744443353560033e-01 8.950279263967603205e-03
5.601660355224761245e-01 5.415636761562283436e-03
5.600847172211785852e-01 2.763602156406583417e-03
5.600304994524554214e-01 9.950284685244664175e-04
5.600033888976541085e-01 1.105662514100947807e-04
