1.000000000000000000e+00 2.414543306351195440e-17 3.479508905529681307e-27 2.414543306699146270e-17
9.999952596281679318e-01 9.310295328161316026e-11 8.336022204763924024e-11 1.764631753292524005e-10
9.999573389982923111e-01 7.487441368870223534e-09 6.751872392344093235e-09 1.423931376121431677e-08
9.998815102431796165e-01 5.695309358676319501e-08 5.209028695253337949e-08 1.090433805392965679e-07
9.997677983679839064e-01 2.141386766070562829e-07 2.000405136033895230e-07 4.141791902104458058e-07
9.996162408701282365e-01 5.685838821435990042e-07 5.462477618050851117e-07 1.114831643948684116e-06
9.994268877269405493e-01 1.223898431676376951e-06 1.217427095563704781e-06 2.441325527240081944e-06
9.991998013791725253e-01 2.286090571890728212e-06 2.370031634987055486e-06 4.656122206877783275e-06
9.989350567104096079e-01 3.851119306569438871e-06 4.187870975198482287e-06 8.038990281767920311e-06
9.986327410223774237e-01 5.992839518846948270e-06 6.878321916704223352e-06 1.287116143555117162e-05
9.982929540061529217e-01 8.752503493980208889e-06 1.066681776646047544e-05 1.941932126044068602e-05
9.979158077092914469e-01 1.213087054796660707e-05 1.578940152603470188e-05 2.792027207400130895e-05
9.975014264988769641e-01 1.608376322306957122e-05 2.248328127114040660e-05 3.856704449420997782e-05
9.970499470205118620e-01 2.052160741840509665e-05 3.097552535186756618e-05 5.149713277027266622e-05
9.965615181532562206e-01 2.531312888126172809e-05 4.147026568981106154e-05 6.678339457107278286e-05
9.960363009605346374e-01 3.029298182841851141e-05 5.413501721058410930e-05 8.442799903900261732e-05
9.954744686370232687e-01 3.527269686162811199e-05 6.908694242996996928e-05 1.043596392915980880e-04
9.948762064515380699e-01 4.005399441569082767e-05 8.638006164536502418e-05 1.264340560610558383e-04
9.942417116859408877e-01 4.444325809937000932e-05 1.059945013691155919e-04 1.504377594684856148e-04
9.935711935700836106e-01 4.826582868144755164e-05 1.278288624922834546e-04 1.760946911737309994e-04
9.928648732128135812e-01 5.137878597366742463e-05 1.516966611910462693e-04 2.030754471647136939e-04
9.921229835290608090e-01 5.368103461200814130e-05 1.773275494606013040e-04 2.310085840726094453e-04
9.913457691630322977e-01 5.511978825532364262e-05 2.043736736422220178e-04 2.594934618975456740e-04
9.905334864075387991e-01 5.569292382155420257e-05 2.324211089046266797e-04 2.881140327261808823e-04
9.896864031194798628e-01 5.544711005218946794e-05 2.610058582948174602e-04 3.164529683470069079e-04
9.888047986315163795e-01 5.447205027323892356e-05 2.896334769876305693e-04 3.441055272608694996e-04
9.878889636599577084e-01 5.289156604149105570e-05 3.178010267079616228e-04 3.706925927494526514e-04
9.869392002088961391e-01 5.085253908023344910e-05 3.450198263242958922e-04 3.958723654045293548e-04
9.859558214706178880e-01 4.851289191308209267e-05 3.708373733710540725e-04 4.193502652841361584e-04
9.849391517223262671e-01 4.602980636517640251e-05 3.948568806181259076e-04 4.408866869833023101e-04
9.838895262192077773e-01 4.354925971809826401e-05 4.167530942553170515e-04 4.603023539734153020e-04
9.828072910838796528e-01 4.119772293910417549e-05 4.362834088453067683e-04 4.774811317844109438e-04
9.816928031922524944e-01 3.907655291137353596e-05 4.532937264972497406e-04 4.923702794086233037e-04
9.805464300558478508e-01 3.725926602033502271e-05 4.677189721417719724e-04 5.049782381621070087e-04
9.793685497006081597e-01 3.579155143421393456e-05 4.795786201705304168e-04 5.153701716047443242e-04
9.781595505422399084e-01 3.469360889253844172e-05 4.889679627719228233e-04 5.236615716644612379e-04
9.769198312581297561e-01 3.396420704804404249e-05 4.960461218752520648e-04 5.300103289232960735e-04
9.756498006558780300e-01 3.358576782969898306e-05 5.010219555331360541e-04 5.346077233628350033e-04
9.743498775384904498e-01 3.352978839237143053e-05 5.041390337780279202e-04 5.376688221703992965e-04
9.730204905662751536e-01 3.376199980301272994e-05 5.056607719655504098e-04 5.394227717685631330e-04
9.716620781154875486e-01 3.424680613091747524e-05 5.058566365882601360e-04 5.401034427191776181e-04
9.702750881337731670e-01 3.495072033455272380e-05 5.049901113755205428e-04 5.399408317100732463e-04
9.688599779924522704e-01 3.584468637185104264e-05 5.033088633081254535e-04 5.391535496799764555e-04
9.674172143356984943e-01 3.690532703562115851e-05 5.010373086071489169e-04 5.379426356427701025e-04
9.659472729266589397e-01 3.811526905690198542e-05 4.983715705608149056e-04 5.364868396177169046e-04
9.644506384905675578e-01 3.946276402873132288e-05 4.954766583953601608e-04 5.349394224240914836e-04
9.629278045549026777e-01 4.094084708368146263e-05 4.924855847942412150e-04 5.334264318779226776e-04
9.613792732866425217e-01 4.254626209959945222e-05 4.895000772811620732e-04 5.320463393807615526e-04
9.598055553266713336e-01 4.427834367034513743e-05 4.865925184144335525e-04 5.308708620847786899e-04
9.582071696213917411e-01 4.613799394036272223e-05 4.838087616504232460e-04 5.299467555907860089e-04
9.565846432515975328e-01 4.812683758448681409e-05 4.811715032214832193e-04 5.292983408059700199e-04
9.549385112586645796e-01 5.024658931369506491e-05 4.786839358471921507e-04 5.289305251608872631e-04
9.532693164681165232e-01 5.249862996112413660e-05 4.763334599686809903e-04 5.288320899298051608e-04
9.515776093106238509e-01 5.488376216182095605e-05 4.740952772176362231e-04 5.289790393794572198e-04
9.498639476404943105e-01 5.740210364029429415e-05 4.719357359309265371e-04 5.293378395712208719e-04
9.481288965517166156e-01 6.005307359593257336e-05 4.698153383156834654e-04 5.298684119116159981e-04
9.463730281916153952e-01 6.283543196518477647e-05 4.676913530773494265e-04 5.305267850425341488e-04
9.445969215721814471e-01 6.574733983551886234e-05 4.655200062197370481e-04 5.312673460552559375e-04
9.428011623791371365e-01 6.878641890891925995e-05 4.632582467477433063e-04 5.320446656566625663e-04
9.409863427788026646e-01 7.194979706426369713e-05 4.608651035209005375e-04 5.328149005851642210e-04
9.391530612228234931e-01 7.523413441013607531e-05 4.583026647576329501e-04 5.335367991677689983e-04
9.373019222508263137e-01 7.863562951978422355e-05 4.555367228206924982e-04 5.341723523404767488e-04
9.354335362910676244e-01 8.215000864020696270e-05 4.525371340626183547e-04 5.346871427028253038e-04
9.335485194591389702e-01 8.577250227717825521e-05 4.492779468985077249e-04 5.350504491756860343e-04
9.316474933547989057e-01 8.949781377996430024e-05 4.457373512655741685e-04 5.352351650455384417e-04
9.297310848569944053e-01 9.332008424211466174e-05 4.418974997420601941e-04 5.352175839841748694e-04
9.277999259171432200e-01 9.723285725729483421e-05 4.377442454756271320e-04 5.349771027329219527e-04
9.258546533507419074e-01 1.012290463381439231e-04 4.332668354254330645e-04 5.344958817635769334e-04
9.238959086273716981e-01 1.053009070969443634e-04 4.284575899661352788e-04 5.337584970630796692e-04
9.219243376591673700e-01 1.094400157453747399e-04 4.233115922868062970e-04 5.327516080321810640e-04
9.199405905878237366e-01 1.136372550884509960e-04 4.178264037814000196e-04 5.314636588698510699e-04
9.179453215702050306e-01 1.178828089130083614e-04 4.120018151696680422e-04 5.298846240826763764e-04
9.159391885626320118e-01 1.221661654350233962e-04 4.058396376591871324e-04 5.280058030942105015e-04
9.139228531039149672e-01 1.264761304002055397e-04 3.993435341753516585e-04 5.258196645755571982e-04
9.118969800972065443e-01 1.308008501519250218e-04 3.925188875466639423e-04 5.233197376985890183e-04
9.098622375907435833e-01 1.351278449828514526e-04 3.853727004505200508e-04 5.205005454333715576e-04
9.078192965575534457e-01 1.394440527944778435e-04 3.779135207583123523e-04 5.173575735527901958e-04
9.057688306741948914e-01 1.437358830017452138e-04 3.701513854957317858e-04 5.138872684974770538e-04
9.037115160986077811e-01 1.479892804118413795e-04 3.620977767782195727e-04 5.100870571900609522e-04
9.016480312471440994e-01 1.521897986061229388e-04 3.537655836239519806e-04 5.059553822300749465e-04
8.995790565708553510e-01 1.563226822328121800e-04 3.451690643423846526e-04 5.014917465751968055e-04
8.975052743311073833e-01 1.603729573514505987e-04 3.363238051235543317e-04 4.966967624750049303e-04
8.954273683745999080e-01 1.643255289358217604e-04 3.272466714208949060e-04 4.915722003567166935e-04
8.933460239078617748e-01 1.681652843681376124e-04 3.179557496607664344e-04 4.861210340289040467e-04
8.912619272712988261e-01 1.718772017490464998e-04 3.084702776824105731e-04 4.803474794314571000e-04
8.891757657128674941e-01 1.754464616682508023e-04 2.988105630870368438e-04 4.742570247552876190e-04
8.870882271614491943e-01 1.788585610296725896e-04 2.889978893439810385e-04 4.678564503736536281e-04
8.850000000000000089e-01 1.820994275186247962e-04 2.790544100639329931e-04 4.611538375825577894e-04
8.829117728385508235e-01 1.851555331881864989e-04 2.690030323105050466e-04 4.541585654986915726e-04
8.808242342871325237e-01 1.880140057536847662e-04 2.588672901913241227e-04 4.468812959450088888e-04
8.787380727287011917e-01 1.906627361525557143e-04 2.486712102598559178e-04 4.393339464124116321e-04
8.766539760921382429e-01 1.930904810463323078e-04 2.384391704809469170e-04 4.315296515272792248e-04
8.745726316254001098e-01 1.952869590200830192e-04 2.281957546782763257e-04 4.234827136983593449e-04
8.724947256688926345e-01 1.972429393939796030e-04 2.179656045000602288e-04 4.152085438940398589e-04
8.704209434291446668e-01 1.989503227084866261e-04 2.077732710197435848e-04 4.067235937282302110e-04
8.683519687528559183e-01 2.004022121501079160e-04 1.976430681374905819e-04 3.980452802875984980e-04
8.662884839013922367e-01 2.015929753902948496e-04 1.875989299711762676e-04 3.891919053614711172e-04
8.642311693258051264e-01 2.025182965456633251e-04 1.776642744243675466e-04 3.801825709700308717e-04
8.621807034424465721e-01 2.031752182078033265e-04 1.678618750923764624e-04 3.710370933001798160e-04
8.601377624092564345e-01 2.035621737246557685e-04 1.582137436111897253e-04 3.617759173358454667e-04
8.581030199027934735e-01 2.036790101540970313e-04 1.487410244583781170e-04 3.524200346124751484e-04
8.560771468960850505e-01 2.035270024963214595e-04 1.394639040657590123e-04 3.429909065620804446e-04
8.540608114373681170e-01 2.031088599511648508e-04 1.304015358817502026e-04 3.335103958329150263e-04
8.520546784297950982e-01 2.024287250401265092e-04 1.215719827040588255e-04 3.240007077441853212e-04
8.500594094121762812e-01 2.014921663614601722e-04 1.129921771661808330e-04 3.144843435276409782e-04
8.480756623408326478e-01 2.003061656314166525e-04 1.046779006805362305e-04 3.049840663119528965e-04
8.461040913726284307e-01 1.988790993134262753e-04 9.664378039892175716e-05 2.955228797123480460e-04
8.441453466492581104e-01 1.972207146700127704e-04 8.890330284067891116e-05 2.861240175106916951e-04
8.422000740828569088e-01 1.953420994335464806e-04 8.146884176961656228e-05 2.768109412031630428e-04
8.402689151430056125e-01 1.932556434371176114e-04 7.435169670525652245e-05 2.676073401423741203e-04
8.383525066452011121e-01 1.909749896373921947e-04 6.756213719153458255e-05 2.585371268289267908e-04
8.364514805408610476e-01 1.885149709272579226e-04 6.110944670688055213e-05 2.496244176341384747e-04
8.345664637089323934e-01 1.858915281567685230e-04 5.500195900251318140e-05 2.408934871592817179e-04
8.326980777491737040e-01 1.831216039167513348e-04 4.924707884479965136e-05 2.323686827615509861e-04
8.308469387771766357e-01 1.802230060549311322e-04 4.385127877121718087e-05 2.240742848261483130e-04
8.290136572211973531e-01 1.772142347416391054e-04 3.882006370656783715e-05 2.160342984482069425e-04
8.271988376208628813e-01 1.741142672676287441e-04 3.415789626694375750e-05 2.082721635345725084e-04
8.254030784278186816e-01 1.709422958934987398e-04 2.986807740285522581e-05 2.008103732963539758e-04
8.236269718083846225e-01 1.677174158488615649e-04 2.595257973732979906e-05 1.936699955861913606e-04
8.218711034482834021e-01 1.644582633449929239e-04 2.241183449418173966e-05 1.868700978391746737e-04
8.201360523595057073e-01 1.611826067995026832e-04 1.924447714460164859e-05 1.804270839441043386e-04
8.184223906893762779e-01 1.579068985780064931e-04 1.644706158339768337e-05 1.743539601614041900e-04
8.167306835318834946e-01 1.546457990112853789e-04 1.401375744066508113e-05 1.686595564519504482e-04
8.150614887413354381e-01 1.514116890070086512e-04 1.193604962435975370e-05 1.633477386313684099e-04
8.134153567484024849e-01 1.482141919047436161e-04 1.020246291226286511e-05 1.584166548170064812e-04
8.117928303786082767e-01 1.450597288889752807e-04 8.798336902436793220e-06 1.538580657914120756e-04
8.101944446733286842e-01 1.419511347947122811e-04 7.705677468991853325e-06 1.496568122637041242e-04
8.086207267133574961e-01 1.388873623439638614e-04 6.903109730949166868e-06 1.457904720749130401e-04
8.070721954450973401e-01 1.358633021576997771e-04 6.365954246553431801e-06 1.422292564042531996e-04
8.055493615094324600e-01 1.328697433847405695e-04 6.066442695206142865e-06 1.389361860799467115e-04
8.040527270733410781e-01 1.298934952004923043e-04 5.974081909351174380e-06 1.358675771098434668e-04
8.025827856643016345e-01 1.269176831119523579e-04 6.056166178670371155e-06 1.329738492906227349e-04
8.011400220075477474e-01 1.239222258667850433e-04 6.278427862889107144e-06 1.302006537296741470e-04
7.997249118662268508e-01 1.208844898500392647e-04 6.605806253170646701e-06 1.274902961032099182e-04
7.983379218845124692e-01 1.177801077432469692e-04 7.003305132500474412e-06 1.247834128757474537e-04
7.969795094337249752e-01 1.145839387054242069e-04 7.436901426716819194e-06 1.220208401321410210e-04
7.956501224615095680e-01 1.112711378470768240e-04 7.874461461654854317e-06 1.191455993087316818e-04
7.943501993441219877e-01 1.078182949885950236e-04 8.286618251020160892e-06 1.161049132396151811e-04
7.930801687418702617e-01 1.042045962617042706e-04 8.647563322679444671e-06 1.128521595843837220e-04
7.918404494577601094e-01 1.004129581767146346e-04 8.935709976600457878e-06 1.093486681533150891e-04
7.906314502993918580e-01 9.643108217817917736e-05 9.134191402541683161e-06 1.055652735807208588e-04
7.894535699441521670e-01 9.225237869023534892e-05 9.231166341248824825e-06 1.014835450314841687e-04
7.883071968077475233e-01 8.787671345269023378e-05 9.219916279133009469e-06 9.709662973182323987e-05
7.871927089161203650e-01 8.331093487457390018e-05 9.098730669529754727e-06 9.240966554410364982e-05
7.861104737807922405e-01 7.856914962183901997e-05 8.870589413236247507e-06 8.743973903507527086e-05
7.850608482776737507e-01 7.367272351725010838e-05 8.542663827750270164e-06 8.221538734500037854e-05
7.840441785293821297e-01 6.864999644200708503e-05 8.125667679144754694e-06 7.677566412115183973e-05
7.830607997911039897e-01 6.353571187668388340e-05 7.633097785582753305e-06 7.116880966226664179e-05
7.821110363400423093e-01 5.837017449002551538e-05 7.080408687588492094e-06 6.545058317761400662e-05
7.811952013684836382e-01 5.319816116311535894e-05 6.484167639611833635e-06 5.968232880272719427e-05
7.803135968805201550e-01 4.806762243815871261e-05 5.861234710876811887e-06 5.392885714903552195e-05
7.794665135924613297e-01 4.302822138244001056e-05 5.228008360710288379e-06 4.825622974315029893e-05
7.786542308369677201e-01 3.812976529416660045e-05 4.599769976714344309e-06 4.272953527088094731e-05
7.778770164709392088e-01 3.342059185462246940e-05 3.990152211864186958e-06 3.741074406648665636e-05
7.771351267871864366e-01 2.894597490343612503e-05 3.410746312252862292e-06 3.235672121568899029e-05
7.764288064299164072e-01 2.474661610421224732e-05 2.870853801865473628e-06 2.761746990607771968e-05
7.757582883140591301e-01 2.085728659739697529e-05 2.377378647768729026e-06 2.323466524516570474e-05
7.751237935484619479e-01 1.730567802580037538e-05 1.934848018369993733e-06 1.924052604417037039e-05
7.745255313629767491e-01 1.411151455530483094e-05 1.545543455831560667e-06 1.565705801113639076e-05
7.739636990394653804e-01 1.128596739533136227e-05 1.209720005642849594e-06 1.249568740097421208e-05
7.734384818467437972e-01 8.831401021073579264e-06 9.258886752689756291e-07 9.757289696342554152e-06
7.729500529794881558e-01 6.741466412695154311e-06 6.911374351551671117e-07 7.432603847850320999e-06
7.724985735011230537e-01 5.001541754778874689e-06 5.014675763240343578e-07 5.503009331102909152e-06
7.720841922907085708e-01 3.589505850037992333e-06 3.521252304442707119e-07 3.941631080482263044e-06
7.717070459938469851e-01 2.476814828440530982e-06 2.379118043387076143e-07 2.714726632779238623e-06
7.713672589776225941e-01 1.629838975714318001e-06 1.534615269369159038e-07 1.783300502651233931e-06
7.710649432895904098e-01 1.011404803358857495e-06 9.347882385582107883e-08 1.104883627214678601e-06
7.708001986208274925e-01 5.824779218598399672e-07 5.293245485494251402e-08 6.354103767147824482e-07
7.705731122730594684e-01 3.039156707832715368e-07 2.720698757667485939e-08 3.311226583599464094e-07
7.703837591298717813e-01 1.382149139608573134e-07 1.221504647125369573e-08 1.504299604321110174e-07
7.702322016320161113e-01 5.118027428724050624e-08 4.475770903075692044e-09 5.565604519031619663e-08
7.701184897568204013e-01 1.344115799276792363e-08 1.166026288435994785e-09 1.460718428120391925e-08
7.700000000000000178e-01 8.884394690420860709e-20 5.533352808532324401e-30 8.884394690974196030e-20
