9.999911113906136961e-01 3.655738722321128891e-07
9.999200048000569385e-01 3.290304463433243653e-06
9.997778038026917669e-01 9.140490572147763292e-06
9.995645327639269828e-01 1.791736302512126017e-05
9.992802282266571856e-01 2.962171389997546791e-05
9.989249389050010031e-01 4.425146906330721194e-05
9.984987256759549901e-01 6.179719968034778227e-05
9.980016615689617510e-01 8.223562490870516017e-05
9.974338317533969489e-01 1.055220708950414755e-04
9.967953335239763124e-01 1.315837016389569266e-04
9.960862762840845264e-01 1.603157002748539317e-04
9.953067815270294494e-01 1.915821300020094657e-04
9.944569828152248769e-01 2.252219247299322533e-04
9.935370257573049591e-01 2.610587512484189893e-04
9.925470679831760457e-01 2.989120596821045550e-04
9.914872791170062927e-01 3.386061887755048615e-04
9.903578407481620216e-01 3.799751941100389216e-04
9.891589464000934973e-01 4.228627820428306990e-04
9.878908014971751195e-01 4.671185597480224916e-04
9.865536233295078006e-01 5.125929262987436287e-04
9.851476410156866370e-01 5.591329247230553438e-04
9.836730954635430901e-01 6.065804401992559627e-04
9.821302393288666721e-01 6.547728730892476805e-04
9.805193369721132424e-01 7.035454770836534807e-04
9.788406644131087964e-01 7.527342653202297824e-04
9.770945092837544088e-01 8.021786756326951522e-04
9.752811707787423234e-01 8.517237147000799105e-04
9.734009596042900725e-01 9.012217293511872026e-04
9.714541979249033954e-01 9.505341192939086850e-04
9.694412193081740625e-01 9.995332466565239136e-04
9.673623686676249278e-01 1.048104650496022505e-03
9.652180022036114249e-01 1.096149556067913759e-03
9.630084873422879443e-01 1.143587620857749705e-03
9.607342026726514161e-01 1.190359862558194133e-03
9.583955378816719772e-01 1.236431731107723916e-03
9.559928936875218275e-01 1.281796294088481192e-03
9.535266817709150411e-01 1.326477498080234126e-03
9.509973247045673261e-01 1.370533453625594504e-03
9.484052558807909428e-01 1.414059673840992832e-03
9.457509194372346606e-01 1.457192178458896481e-03
9.430347701807836325e-01 1.500110356110777397e-03
9.402572735096301759e-01 1.543039457953554808e-03
9.374189053335302280e-01 1.586252576542393706e-03
9.345201519922589073e-01 1.630071947738379826e-03
9.315615101722783953e-01 1.674869404100936795e-03
9.285434868216333459e-01 1.721065810166891828e-03
9.254665990630881467e-01 1.769129328161047525e-03
9.223313741055203518e-01 1.819572401501818757e-03
9.191383491535861650e-01 1.872947405824584681e-03
9.158880713156734021e-01 1.929841002924790900e-03
9.125810975101572575e-01 1.990867337376732351e-03
9.092179943699748579e-01 2.056660328823164529e-03
9.057993381455358151e-01 2.127865420604397283e-03
9.023257146059852074e-01 2.205131230391134921e-03
8.987977189388339783e-01 2.289101594434570126e-03
8.952159556479777347e-01 2.380408492370137807e-03
8.915810384501171582e-01 2.479666280889007528e-03
8.878935901696017874e-01 2.587467558569946785e-03
8.841542426317112735e-01 2.704380846151283307e-03
8.803636365543960896e-01 2.830950117332179175e-03
8.765224214384934598e-01 2.967696076245137943e-03
8.726312554564389368e-01 3.115118966456295688e-03
8.686908053394916118e-01 3.273702623096037302e-03
8.647017462634936091e-01 3.443919446963310694e-03
8.606647617331819600e-01 3.626235982902453660e-03
8.565805434650732852e-01 3.821118815782973809e-03
8.524497912689424917e-01 4.029040545711502254e-03
8.482732129279129119e-01 4.250485659920215722e-03
8.440515240771824246e-01 4.485956174322429900e-03
8.397854480814020972e-01 4.735976967745829901e-03
8.354757159107321085e-01 5.001100773522282328e-03
8.311230660155933814e-01 5.281912825569258507e-03
8.267282442001379072e-01 5.579035179838022496e-03
8.222920034944590784e-01 5.893130748300816173e-03
8.178151040255641213e-01 6.224907093091962100e-03
8.132983128871298373e-01 6.575120034580273810e-03
8.087424040080650744e-01 6.944577130391092409e-03
8.041481580199026924e-01 7.334141083758102635e-03
7.995163621230413353e-01 7.744733139759535714e-03
7.948478099518635487e-01 8.177336527343887634e-03
7.901433014387500009e-01 8.633000003667654770e-03
7.854036426770154566e-01 9.112841555049325942e-03
7.806296457827891500e-01 9.618052305602073360e-03
7.758221287558617618e-01 1.014990068017972147e-02
7.709819153395274238e-01 1.070973686263962908e-02
7.661098348794370683e-01 1.129899758382750877e-02
7.612067221814959872e-01 1.191921126667567186e-02
7.562734173688239192e-01 1.257200354927779685e-02
7.513107657378034210e-01 1.325910320193609063e-02
7.463196176132441684e-01 1.398234845228848999e-02
7.413008282026825047e-01 1.474369373493116496e-02
7.362552574498472113e-01 1.554521688925977752e-02
7.311837698873119296e-01 1.638912684162211961e-02
7.260872344883625429e-01 1.727777182429941771e-02
7.209665245181027249e-01 1.821364820207054327e-02
7.158225173838244082e-01 1.919940999369031120e-02
7.106560944846684880e-01 2.023787918617941245e-02
7.054681410606019609e-01 2.133205693982392209e-02
7.002595460407363692e-01 2.248513576754844825e-02
6.950312018910143053e-01 2.370051274240343037e-02
6.897840044612905119e-01 2.498180374356533465e-02
6.845188528318318921e-01 2.633285870178567883e-02
6.792366491592648492e-01 2.775777776278772965e-02
6.739382985219961597e-01 2.926092827058445617e-02
6.686247087651310261e-01 3.084696250525924624e-02
6.632967903449203950e-01 3.252083621586282502e-02
6.579554561727570805e-01 3.428782818973145213e-02
6.526016214587543329e-01 3.615356140606000579e-02
6.472362035549287240e-01 3.812402672863701714e-02
6.418601217980166584e-01 4.020561057134289934e-02
6.364742973519514901e-01 4.240512846249876872e-02
6.310796530500252244e-01 4.472986685143448549e-02
6.256771132367677790e-01 4.718763572503507919e-02
6.202676036095633449e-01 4.978683449567228303e-02
6.148520510600387068e-01 5.253653304207839964e-02
6.094313835152433967e-01 5.544656860594088243e-02
6.040065297786560983e-01 5.852765738910575832e-02
5.985784193710371737e-01 6.179151715625628982e-02
5.931479823711607313e-01 6.525099403195382120e-02
5.877161492564509926e-01 6.892018323191796692e-02
5.822838507435490474e-01 7.281453008186321296e-02
5.768520176288391976e-01 7.695089489731607446e-02
5.714215806289629773e-01 8.134756378490169693e-02
5.659934702213438307e-01 8.602418788794258253e-02
5.605686164847566433e-01 9.100163668849708953e-02
5.551479489399614442e-01 9.630175715653364887e-02
5.497323963904366950e-01 1.019470399389356546e-01
5.443228867632323720e-01 1.079602061003325508e-01
5.389203469499748156e-01 1.143637423699264410e-01
5.335257026480485498e-01 1.211794281753853231e-01
5.281398782019833815e-01 1.284279124161386010e-01
5.227637964450712049e-01 1.361284103116115751e-01
5.173983785412457070e-01 1.442985992507827830e-01
5.120445438272429595e-01 1.529547961520259514e-01
5.067032096550796449e-01 1.621124965333799739e-01
5.013752912348690138e-01 1.717873466559771412e-01
4.960617014780038803e-01 1.819966041613583496e-01
4.907633508407351908e-01 1.927611188600670267e-01
4.854811471681681478e-01 2.041078327738392040e-01
4.802159955387095280e-01 2.160727560557096361e-01
4.749687981089857347e-01 2.287043221246058688e-01
4.697404539592637818e-01 2.420669614042019191e-01
4.645318589393980790e-01 2.562446608217140986e-01
4.593439055153315520e-01 2.713442017157523534e-01
4.541774826161756318e-01 2.874977029271096329e-01
4.490334754818972041e-01 3.048640547054295435e-01
4.439127655116373861e-01 3.236288323097789021e-01
4.388162301126881104e-01 3.440023445186932149e-01
4.337447425501528286e-01 3.662156121712111800e-01
4.286991717973175353e-01 3.905142793740217222e-01
4.236803823867557606e-01 4.171507074897503609e-01
4.186892342621965635e-01 4.463747423715860863e-01
4.137265826311761208e-01 4.784238238316653735e-01
4.087932778185039973e-01 5.135131791745930485e-01
4.038901651205630827e-01 5.518267937274680124e-01
3.990180846604726717e-01 5.935096988694978926e-01
3.941778712441381671e-01 6.386619068765500007e-01
3.893703542172109455e-01 6.873341055030446345e-01
3.845963573229844723e-01 7.395250474594131651e-01
3.798566985612500946e-01 7.951804539242443015e-01
3.751521900481364913e-01 8.541931985710723430e-01
3.704836378769585936e-01 9.164045360231456439e-01
3.658518419800972921e-01 9.816061669481792595e-01
3.612575959919348545e-01 1.049542973143779534e+00
3.567016871128702582e-01 1.119916296891984464e+00
3.521848959744360297e-01 1.192387672252535946e+00
3.477079965055409616e-01 1.266582939185743051e+00
3.432717557998621327e-01 1.342096684868965717e+00
3.388769339844066586e-01 1.418496962269912398e+00
3.345242840892679870e-01 1.495330236418450420e+00
3.302145519185980538e-01 1.572126506181286576e+00
3.259484759228176154e-01 1.648404545554631673e+00
3.217267870720870171e-01 1.723677204893095727e+00
3.175502087310576593e-01 1.797456709943199060e+00
3.134194565349267547e-01 1.869259895491601320e+00
3.093352382668180800e-01 1.938613310997058470e+00
3.052982537365063198e-01 2.005058137646979155e+00
3.013091946605084837e-01 2.068154859610868535e+00
2.973687445435611587e-01 2.127487636525827508e+00
2.934775785615065802e-01 2.182668329100971860e+00
2.896363634456040059e-01 2.233340134867133564e+00
2.858457573682887110e-01 2.279180796303815981e+00
2.821064098303981971e-01 2.319905348731709616e+00
2.784189615498827708e-01 2.355268380465815881e+00
2.747840443520224163e-01 2.385065782887523245e+00
2.712022810611660617e-01 2.409135973502499972e+00
2.676742853940148881e-01 2.427360580939533552e+00
2.642006618544641694e-01 2.439664587446794375e+00
2.607820056300252931e-01 2.446015931943245736e+00
2.574189024898427824e-01 2.446424585177270572e+00
2.541119286843266378e-01 2.440941117999957388e+00
2.508616508464138750e-01 2.429654793997917839e+00
2.476686258944797436e-01 2.412691228421035561e+00
2.445334009369118655e-01 2.390209666021915869e+00
2.414565131783666385e-01 2.362399940529866349e+00
2.384384898277215892e-01 2.329479187389918327e+00
2.354798480077411327e-01 2.291688388478902993e+00
2.325810946664698120e-01 2.249288832190895704e+00
2.297427264903698918e-01 2.202558574093697263e+00
2.269652298192164075e-01 2.151788981979026349e+00
2.242490805627654626e-01 2.097281444428065189e+00
2.215947441192092082e-01 2.039344314058634922e+00
2.190026752954327138e-01 1.978290145680862588e+00
2.164733182290849156e-01 1.914433276119084537e+00
2.140071063124781847e-01 1.848087777069485460e+00
2.116044621183280905e-01 1.779565795777809933e+00
2.092657973273485683e-01 1.709176281329742420e+00
2.069915126577120956e-01 1.637224077754595886e+00
2.047819977963886151e-01 1.564009349728255893e+00
2.026376313323751677e-01 1.489827293124735830e+00
2.005587806918260052e-01 1.414968071590206211e+00
1.985458020750966168e-01 1.339716912121587278e+00
1.965990403957099120e-01 1.264354287526595177e+00
1.947188292212577443e-01 1.189156111519832804e+00
1.929054907162456312e-01 1.114393872568730348e+00
1.911593355868912714e-01 1.040334634602221531e+00
1.894806630278867698e-01 9.672408355782102785e-01
1.878697606711333401e-01 8.953698189151093612e-01
1.863269045364568666e-01 8.249730402470916157e-01
1.848523589843133474e-01 7.562949076606301224e-01
1.834463766704922116e-01 6.895712435751771840e-01
1.821091985028248650e-01 6.250274049911958008e-01
1.808410535999065427e-01 5.628761644983127921e-01
1.796421592518379629e-01 5.033155274927283429e-01
1.785127208829936918e-01 4.465267241619074179e-01
1.774529320168238833e-01 3.926726474184362714e-01
1.764629742426949421e-01 3.418969930902914789e-01
1.755430171847752463e-01 2.943242892194107285e-01
1.746932184729705351e-01 2.500608837447029220e-01
1.739137237159154581e-01 2.091968137251080662e-01
1.732046664760237276e-01 1.718083330875021519e-01
1.725661682466031188e-01 1.379607604534358600e-01
1.719983384310383445e-01 1.077112497220993337e-01
1.715012743240449944e-01 8.111109843418855270e-02
1.710750610949989814e-01 5.820729239359665602e-02
1.707197717733429099e-01 3.904312441999012451e-02
1.704354672360730572e-01 2.365789345657261927e-02
1.702221961973082454e-01 1.208585461738161983e-02
1.700799951999431014e-01 4.354719270294529765e-03
1.700088886093863716e-01 4.840726489309521560e-04
