9.999955393248123325e-01 6.396042968869079045e-11 6.224510129947469280e-11 1.262055309881654832e-10
9.999598552877080326e-01 5.094666602025373131e-09 5.041577449763373292e-09 1.013624405178874642e-08
9.998884944899735228e-01 3.801809533701267525e-08 3.888610958462653411e-08 7.690420492163920936e-08
9.997814714830731697e-01 1.388628238944672263e-07 1.491987225520601643e-07 2.880615464465273906e-07
9.996388080904943241e-01 3.545598413782080713e-07 4.065346731133521050e-07 7.610945144915601233e-07
9.994605334032974353e-01 7.261789572144308739e-07 9.022793131410444849e-07 1.628458270355475359e-06
9.992466837741835750e-01 1.276326044667690229e-06 1.744254275041734387e-06 3.020580319709424615e-06
9.989973028100820329e-01 1.999467827082969368e-06 3.049249247148451827e-06 5.048717074231420771e-06
9.987124413632580966e-01 2.857507129860533472e-06 4.932098119046942803e-06 7.789605248907476698e-06
9.983921575209433463e-01 3.781965260051323567e-06 7.491635890749634265e-06 1.127360115080095783e-05
9.980365165934911298e-01 4.682785683497371105e-06 1.079478386966689128e-05 1.547756955316426238e-05
9.976455911010589928e-01 5.462310738002037939e-06 1.486091995570812881e-05 2.032323069371016591e-05
9.972194607588202864e-01 6.031732731283754800e-06 1.964933824465316012e-05 2.568107097593691322e-05
9.967582124607097249e-01 6.326610840198074480e-06 2.505272744553640500e-05 3.137933828573447948e-05
9.962619402617038933e-01 6.318108376940471282e-06 3.089902723072511103e-05 3.721713560766557892e-05
9.957307453586425883e-01 6.017490609613067742e-06 3.696275102227755997e-05 4.298024163189062856e-05
9.951647360695934363e-01 5.472952920205129621e-06 4.298509957014384677e-05 4.845805249034897724e-05
9.945640278117637845e-01 4.759643294854625599e-06 4.870032559818603823e-05 5.345996889304066552e-05
9.939287430779660815e-01 3.965319298466259750e-06 5.386432953843385839e-05 5.782964883690011983e-05
9.932590114116395252e-01 3.174998544118017843e-06 5.828079848612103853e-05 6.145579703023906315e-05
9.925549693804343043e-01 2.457972524029459677e-06 6.182057283447440891e-05 6.427854535850386351e-05
9.918167605483642069e-01 1.859683597851819807e-06 6.443127519400985320e-05 6.629095879186167766e-05
9.910445354465309276e-01 1.399511366739253135e-06 6.613621785874599529e-05 6.753572922548524990e-05
9.902384515424293987e-01 1.073942699198775118e-06 6.702369434253614309e-05 6.809763704173492393e-05
9.893986732078372537e-01 8.633775825297221855e-07 6.722942539759676280e-05 6.809280298012648054e-05
9.885253716852985262e-01 7.402637025535458462e-07 6.691579910186548109e-05 6.765606280441903170e-05
9.876187250532031392e-01 6.764207741294762585e-07 6.625151119151911395e-05 6.692793196564859328e-05
9.866789181894751737e-01 6.481331722096374114e-07 6.539443651238926807e-05 6.604256968459890813e-05
9.857061427338740245e-01 6.385319994114327408e-07 6.447938327424168029e-05 6.511791527365311260e-05
9.847005970489153270e-01 6.376204542528065326e-07 6.361117554973521465e-05 6.424879600398802383e-05
9.836624861794229790e-01 6.407938172152365628e-07 6.286256502334609938e-05 6.350335884056134209e-05
9.825920218107173643e-01 6.468069293565758139e-07 6.227592267453810077e-05 6.292272960389467997e-05
9.814894222254495482e-01 6.559348116054532276e-07 6.186748470678452483e-05 6.252341951838998155e-05
9.803549122590903275e-01 6.687208426880736148e-07 6.163300971848634853e-05 6.230173056117442056e-05
9.791887232540837926e-01 6.853731277581111800e-07 6.155391028017621283e-05 6.223928340793432581e-05
9.779910930126727298e-01 7.056538860919136465e-07 6.160315086074389995e-05 6.230880474683580693e-05
9.767622657484074100e-01 7.290323632239044836e-07 6.175040899621433413e-05 6.247944135943823702e-05
9.755024920363475349e-01 7.549040372082121299e-07 6.196617388315312489e-05 6.272107792036133692e-05
9.742120287619661090e-01 7.827596423859103029e-07 6.222461885635035346e-05 6.300737849873626112e-05
9.728911390687668970e-01 8.122666338837231544e-07 6.250523835329348135e-05 6.331750498717720037e-05
9.715400923046257908e-01 8.432763944947096589e-07 6.279337858333677858e-05 6.363665497783149131e-05
9.701591639668671885e-01 8.757893338819615139e-07 6.307989725455061649e-05 6.395568658843257207e-05
9.687486356460860426e-01 9.099071352118655019e-07 6.336024560976233561e-05 6.427015274497420026e-05
9.673087949687277920e-01 9.457898276205775855e-07 6.363327005033584500e-05 6.457905987795642703e-05
9.658399355384372775e-01 9.836243638092262277e-07 6.389998804189332996e-05 6.488361240570256043e-05
9.643423568761886333e-01 1.023604708830683689e-06 6.416252070080350595e-05 6.518612540963418392e-05
9.628163643592088095e-01 1.065920897470590889e-06 6.442328267661187092e-05 6.548920357408245969e-05
9.612622691587071611e-01 1.110754334678350745e-06 6.468445618073300569e-05 6.579521051541135305e-05
9.596803881764230937e-01 1.158277221626948638e-06 6.494772141724081908e-05 6.610599863886777153e-05
9.580710439800054212e-01 1.208654554744115972e-06 6.521418422719380567e-05 6.642283878193791741e-05
9.564345647372362036e-01 1.262047505606636742e-06 6.548443158018668012e-05 6.674647908579332237e-05
9.547712841491129421e-01 1.318617253133353240e-06 6.575865118400389827e-05 6.707726843713724600e-05
9.530815413818019000e-01 1.378528576144387690e-06 6.603676625704845630e-05 6.741529483319284399e-05
9.513656809974782025e-01 1.441952811632555679e-06 6.631855430808274881e-05 6.776050711971530873e-05
9.496240528840635964e-01 1.509070028790899010e-06 6.660373509966650753e-05 6.811280512845740824e-05
9.478570121838802987e-01 1.580070475857439874e-06 6.689202529672787017e-05 6.847209577258531491e-05
9.460649192212327030e-01 1.655155478104366014e-06 6.718316484367402688e-05 6.883832032177838675e-05
9.442481394289309327e-01 1.734537990261369414e-06 6.747692336310279117e-05 6.921146135336416101e-05
9.424070432737754466e-01 1.818443006016801079e-06 6.777309499771779812e-05 6.959153800373459877e-05
9.405420061810130239e-01 1.907107962565638651e-06 6.807148845910431987e-05 6.997859642166995894e-05
9.386534084577822235e-01 2.000783241931933658e-06 6.837191674889580369e-05 7.037269999082773565e-05
9.367416352155631953e-01 2.099732809781973929e-06 6.867418886269330682e-05 7.077392167247528710e-05
9.348070762916491638e-01 2.204235012489785322e-06 6.897810417744352986e-05 7.118233918993331264e-05
9.328501261696517943e-01 2.314583523884768568e-06 6.928344925552531227e-05 7.159803277941007406e-05
9.308711838990614273e-01 2.431088435754615704e-06 6.958999637952909575e-05 7.202108481528370976e-05
9.288706530138749473e-01 2.554077481412836003e-06 6.989750308540633992e-05 7.245158056681917592e-05
9.268489414503094936e-01 2.683897390755129767e-06 7.020571211105920315e-05 7.288960950181433461e-05
9.248064614636186676e-01 2.820915374077628490e-06 7.051435138638428694e-05 7.333526676046192051e-05
9.227436295440279990e-01 2.965520744702912932e-06 7.082313387762224097e-05 7.378865462232515686e-05
9.206608663318065489e-01 3.118126684276688895e-06 7.113175722889421944e-05 7.424988391317090155e-05
9.185585965314928547e-01 3.279172165859887539e-06 7.143990321480143144e-05 7.471907538066132194e-05
9.164372488252909843e-01 3.449124029856990205e-06 7.174723704340292129e-05 7.519636107325991742e-05
9.142972557856574589e-01 3.628479233306298993e-06 7.205340654720834262e-05 7.568188578051464712e-05
9.121390537870922577e-01 3.817767256261159652e-06 7.235804128569639287e-05 7.617580854195755676e-05
9.099630829171572177e-01 4.017552677061260436e-06 7.266075156743443894e-05 7.667830424449569937e-05
9.077697868867351527e-01 4.228437889912571006e-06 7.296112738691481353e-05 7.718956527682739046e-05
9.055596129395514504e-01 4.451065966276207317e-06 7.325873726339624350e-05 7.770980322967245590e-05
9.033330117609746912e-01 4.686123617600169775e-06 7.355312696487176769e-05 7.823925058247193493e-05
9.010904373861156058e-01 4.934344242471821599e-06 7.384381809904451313e-05 7.877816234151633896e-05
8.988323471072429127e-01 5.196511005919576378e-06 7.413030655370708472e-05 7.932681755962666618e-05
8.965592013805352423e-01 5.473459901602172983e-06 7.441206076998793748e-05 7.988552067159011047e-05
8.942714637321872440e-01 5.766082733100880447e-06 7.468851983387192570e-05 8.045460256697281208e-05
8.919696006638907493e-01 6.075329938734431835e-06 7.495909137358502050e-05 8.103442131231944725e-05
8.896540815577078654e-01 6.402213166364999192e-06 7.522314925309810216e-05 8.162536241946309796e-05
8.873253785803582039e-01 6.747807504602640346e-06 7.548003105574163955e-05 8.222783856034427481e-05
8.849839665869364547e-01 7.113253247538622810e-06 7.572903535618002611e-05 8.284228860371864553e-05
8.826303230240838404e-01 7.499757071420114353e-06 7.596941878464421444e-05 8.346917585606432625e-05
8.802649278326293292e-01 7.908592484347466703e-06 7.620039289395574129e-05 8.410898537830320629e-05
8.778882633497235854e-01 8.341099400505920080e-06 7.642112084775850949e-05 8.476222024826442279e-05
8.755008142104827584e-01 8.798682682545669423e-06 7.663071395747228802e-05 8.542939664001796083e-05
8.731030672491659761e-01 9.282809491036446238e-06 7.682822810580242534e-05 8.611103759683886650e-05
8.706955113999015339e-01 9.795005280011452644e-06 7.701266010589052219e-05 8.680766538590197314e-05
8.682786375969877568e-01 1.033684826715876758e-05 7.718294405761172818e-05 8.751979232477049067e-05
8.658529386747834122e-01 1.090996223615826595e-05 7.733794777532813089e-05 8.824791001148639684e-05
8.634189092672130972e-01 1.151600750419407690e-05 7.747646937508937521e-05 8.899247687928344872e-05
8.609770457069031435e-01 1.215666993406754113e-05 7.759723412273882405e-05 8.975390405680636519e-05
8.585278459239736870e-01 1.283364787545856877e-05 7.769889165788763507e-05 9.053253953334620214e-05
8.560718093445031096e-01 1.354863693816326488e-05 7.778001372129640135e-05 9.132865065945966455e-05
8.536094367886880585e-01 1.430331254335334847e-05 7.783909252489460426e-05 9.214240506824795951e-05
8.511412303687193592e-01 1.509931022881390109e-05 7.787453991347755358e-05 9.297385014229144959e-05
8.486676933863945838e-01 1.593820372440366169e-05 7.788468747460926484e-05 9.382289119901292653e-05
8.461893302304870357e-01 1.682148085634658282e-05 7.786778775817775912e-05 9.468926861452434194e-05
8.437066462738948003e-01 1.775051739112633900e-05 7.782201676824662326e-05 9.557253415937296903e-05
8.412201477705870678e-01 1.872654899400363529e-05 7.774547788721864329e-05 9.647202688122227181e-05
8.387303417523729321e-01 1.975064150806619018e-05 7.763620738521723479e-05 9.738684889328341819e-05
8.362377359255096509e-01 2.082365984269450858e-05 7.749218165539967576e-05 9.831584149809418434e-05
8.337428385671750153e-01 2.194623581526906176e-05 7.731132629874040664e-05 9.925756211400947517e-05
8.312461584218215904e-01 2.311873533299991232e-05 7.709152715873950979e-05 1.002102624917394221e-04
8.287482045974376987e-01 2.434122538906482308e-05 7.683064337834389506e-05 1.011718687674087181e-04
8.262494864617321300e-01 2.561344137381546350e-05 7.652652251731476777e-05 1.021399638911302347e-04
8.237505135382678922e-01 2.693475527899756404e-05 7.617701772941206750e-05 1.031117730084096383e-04
8.212517954025623235e-01 2.830414540571848388e-05 7.578000695505878522e-05 1.040841523607772623e-04
8.187538415781784318e-01 2.972016821037354762e-05 7.533341403764121352e-05 1.050535822480147611e-04
8.162571614328251179e-01 3.118093299271932001e-05 7.483523162101664837e-05 1.060161646137359684e-04
8.137622640744903713e-01 3.268408008194995616e-05 7.428354563350931519e-05 1.069676257154592714e-04
8.112696582476272011e-01 3.422676323967241879e-05 7.367656111061825957e-05 1.079033243502906716e-04
8.087798522294129544e-01 3.580563692706790460e-05 7.301262905671886323e-05 1.088182659837867678e-04
8.062933537261053329e-01 3.741684908472555949e-05 7.229027399644616511e-05 1.097071230811717314e-04
8.038106697695128755e-01 3.905603999668568496e-05 7.150822182071772573e-05 1.105642618174034039e-04
8.013323066136055495e-01 4.071834773985982814e-05 7.066542749261853608e-05 1.113837752324783642e-04
7.988587696312805519e-01 4.239842063357862373e-05 6.976110214527137909e-05 1.121595227788500028e-04
7.963905632113119637e-01 4.409043696654133302e-05 6.879473907963172953e-05 1.128851760461730693e-04
7.939281906554969126e-01 4.578813217192359575e-05 6.776613815547195439e-05 1.135542703273955501e-04
7.914721540760263352e-01 4.748483347381048472e-05 6.667542806483437367e-05 1.141602615386448584e-04
7.890229542930969897e-01 4.917350183242148878e-05 6.552308598483085750e-05 1.146965878172523530e-04
7.865810907327870360e-01 5.084678094537766803e-05 6.430995412591739046e-05 1.151567350712950585e-04
7.841470613252166100e-01 5.249705278554512265e-05 6.303725272319226725e-05 1.155343055087373899e-04
7.817213624030122654e-01 5.411649912488304112e-05 6.170658906111178691e-05 1.158230881859948348e-04
7.793044886000984883e-01 5.569716823715722964e-05 6.031996217659252681e-05 1.160171304137497565e-04
7.768969327508341571e-01 5.723104595116413305e-05 5.887976294986813520e-05 1.161108089010322682e-04
7.744991857895172638e-01 5.871013002839776306e-05 5.738876936664811509e-05 1.160988993950458781e-04
7.721117366502765478e-01 6.012650682404543272e-05 5.585013681694036127e-05 1.159766436409857940e-04
7.697350721673706930e-01 6.147242909355341055e-05 5.426738338415492205e-05 1.157398124777083326e-04
7.673696769759161818e-01 6.274039380270191339e-05 5.264437017083696205e-05 1.153847639735388687e-04
7.650160334130635675e-01 6.392321876976779515e-05 5.098527680267119134e-05 1.149084955724389797e-04
7.626746214196419293e-01 6.501411701892209735e-05 4.929457234806535100e-05 1.143086893669874484e-04
7.603459184422920458e-01 6.600676774441474582e-05 4.757698198449151735e-05 1.135837497289062632e-04
7.580303993361092729e-01 6.689538286147845788e-05 4.583744983258317162e-05 1.127328326940616295e-04
7.557285362678127782e-01 6.767476820470890038e-05 4.408109846225440233e-05 1.117558666669632959e-04
7.534407986194648910e-01 6.834037851031373573e-05 4.231318564996453078e-05 1.106535641602782665e-04
7.511676528927571095e-01 6.888836544337163087e-05 4.053905902999795714e-05 1.094274244733695880e-04
7.489095626138844164e-01 6.931561801639546123e-05 3.876410933384227630e-05 1.080797273502377307e-04
7.466669882390253310e-01 6.961979489795016858e-05 3.699372294824203225e-05 1.066135178461922008e-04
7.444403870604485718e-01 6.979934816430840552e-05 3.523323454327936978e-05 1.050325827075877685e-04
7.422302131132648695e-01 6.985353824850372060e-05 3.348788052543952157e-05 1.033414187739432422e-04
7.400369170828429155e-01 6.978243987911994907e-05 3.176275405707377900e-05 1.015451939361937281e-04
7.378609462129077645e-01 6.958693898425076692e-05 3.006276235235951486e-05 9.964970133661028178e-05
7.357027442143425633e-01 6.926872063797979257e-05 2.839258691178335928e-05 9.766130754976314846e-05
7.335627511747089269e-01 6.883024824173581877e-05 2.675664729312338740e-05 9.558689553485920278e-05
7.314414034685071675e-01 6.827473427910034961e-05 2.515906893882888611e-05 9.343380321792923234e-05
7.293391336681933623e-01 6.760610310834400929e-05 2.360365548980945227e-05 9.120975859815346495e-05
7.272563704559720232e-01 6.682894635819493830e-05 2.209386591738496912e-05 8.892281227557990064e-05
7.251935385363812436e-01 6.594847165069922231e-05 2.063279670198151197e-05 8.658126835268073766e-05
7.231510585496905286e-01 6.497044545668734803e-05 1.922316918353988752e-05 8.419361464022723555e-05
7.211293469861250749e-01 6.390113102446250322e-05 1.786732210835694493e-05 8.176845313281945493e-05
7.191288161009385949e-01 6.274722239603302740e-05 1.656720930299756048e-05 7.931443169903058788e-05
7.171498738303483389e-01 6.151577560583264791e-05 1.532440231860671056e-05 7.684017792443935846e-05
7.151929237083508584e-01 6.021413822761360326e-05 1.414009780582436457e-05 7.435423603343796614e-05
7.132583647844368269e-01 5.884987838716867738e-05 1.301512929668169856e-05 7.186500768385037255e-05
7.113465915422179098e-01 5.743071440245338377e-05 1.194998297995243871e-05 6.938069738240582756e-05
7.094579938189868873e-01 5.596444604593644144e-05 1.094481696040603151e-05 6.690926300634247295e-05
7.075929567262245756e-01 5.445888834188960441e-05 9.999483401569550002e-06 6.445837174345916119e-05
7.057518605710690895e-01 5.292180863594693675e-05 9.113552895525931430e-06 6.203536153147286140e-05
7.039350807787674302e-01 5.136086752825226142e-05 8.286340431723287779e-06 5.964720795997554751e-05
7.021429878161196125e-01 4.978356426163279414e-05 7.516932512021425875e-06 5.730049677365421916e-05
7.003759471159365368e-01 4.819718719734547422e-05 6.804215336643744775e-06 5.500140253398921815e-05
6.986343190025218197e-01 4.660877038598184636e-05 6.146904580233446154e-06 5.275567496621528997e-05
6.969184586181981222e-01 4.502505763563114798e-05 5.543578025138458516e-06 5.056863566076960734e-05
6.952287158508871912e-01 4.345247603923453101e-05 4.992713045887369780e-06 4.844518908512190333e-05
6.935654352627638186e-01 4.189712118118803832e-05 4.492731352995519098e-06 4.638985253418355403e-05
6.919289560199947120e-01 4.036475607359141151e-05 4.042053133472291962e-06 4.440680920706370347e-05
6.903196118235769285e-01 3.886082478160234022e-05 3.639161403423566969e-06 4.249998618502590889e-05
6.887377308412928612e-01 3.739047941502987750e-05 3.282674785447886716e-06 4.067315420047776676e-05
6.871836356407912128e-01 3.595861592612460732e-05 2.971423092284509428e-06 3.893003901840911760e-05
6.856576431238113889e-01 3.456990966983883220e-05 2.704515488200775149e-06 3.727442515803960904e-05
6.841600644615626337e-01 3.322883750121205195e-05 2.481386491819483932e-06 3.571022399303153588e-05
6.826912050312721192e-01 3.193966950069586982e-05 2.301801902256800109e-06 3.424147140295266992e-05
6.812513643539139796e-01 3.070641209589260753e-05 2.165806218291542793e-06 3.287221831418414694e-05
6.798408360331329447e-01 2.953268639243118883e-05 2.073596412280665261e-06 3.160628280471185409e-05
6.784599076953743424e-01 2.842153134179882469e-05 2.025314577376755757e-06 3.044684591917558129e-05
6.771088609312331252e-01 2.737513163220335507e-05 2.020763672455683109e-06 2.939589530465903903e-05
6.757879712380338022e-01 2.639448323351449113e-05 2.059065011203052997e-06 2.845354824471754498e-05
6.744975079636523763e-01 2.547902421404100093e-05 2.138291023281256519e-06 2.761731523732225872e-05
6.732377342515926122e-01 2.462627185819324908e-05 2.255119317530079886e-06 2.688139117572332939e-05
6.720089069873272924e-01 2.383151688012694213e-05 2.404561319660302628e-06 2.623607819978724645e-05
6.708112767459162296e-01 2.308762903600175136e-05 2.579818445844188345e-06 2.566744748184594013e-05
6.696450877409096947e-01 2.238502442799288584e-05 2.772309770463440300e-06 2.515733419845632657e-05
6.685105777745505851e-01 2.171183271293028981e-05 2.971897837079610051e-06 2.468373055000989817e-05
6.674079781892826579e-01 2.105428350463308475e-05 3.167315624306320224e-06 2.422159912893940328e-05
6.663375138205770432e-01 2.039730784972309120e-05 3.346771016406315965e-06 2.374407886612940843e-05
6.652994029510846952e-01 1.972532563565062780e-05 3.498679518051377297e-06 2.322400515370200594e-05
6.642938572661261087e-01 1.902316697906689951e-05 3.612455513780468882e-06 2.263562249284736797e-05
6.633210818105248485e-01 1.827705782189181397e-05 3.679280518282280004e-06 2.195633834017409229e-05
6.623812749467969940e-01 1.747558951060261681e-05 3.692765679301311372e-06 2.116835518990392860e-05
6.614746283147014960e-01 1.661059043170585496e-05 3.649435670912692569e-06 2.026002610261854668e-05
6.606013267921626575e-01 1.567782422347130644e-05 3.548980693601929543e-06 1.922680491707323556e-05
6.597615484575707345e-01 1.467745326683153580e-05 3.394249734654600440e-06 1.807170300148613624e-05
6.589554645534690946e-01 1.361422525475341839e-05 3.190987716608151380e-06 1.680521297136157061e-05
6.581832394516358153e-01 1.249736328664824702e-05 2.947347527496395891e-06 1.544471081414464206e-05
6.574450306195656069e-01 1.134016298091735472e-05 2.673231385272008866e-06 1.401339436618936401e-05
6.567409885883606080e-01 1.015932205420250190e-05 2.379531658425427915e-06 1.253885371262793024e-05
6.560712569220339407e-01 8.974046930949477089e-06 2.077347563505889002e-06 1.105139449445536524e-05
6.554359721882362377e-01 7.804995920512474672e-06 1.777250949921649520e-06 9.582246870434123345e-06
6.548352639304065859e-01 6.673129049008102218e-06 1.488662872309058427e-06 8.161791921317159798e-06
6.542692546413574339e-01 5.598540141705504415e-06 1.219385096723454083e-06 6.817925238428958498e-06
6.537380597382962399e-01 4.599347148842877071e-06 9.753099552232484623e-07 5.574657104066125745e-06
6.532417875392902973e-01 3.690712647394716836e-06 7.603110440073457729e-07 4.451023691402062715e-06
6.527805392411797358e-01 2.884057338676928069e-06 5.762988129331228587e-07 3.460356151610050716e-06
6.523544088989410294e-01 2.186516819163994336e-06 4.234110993565258758e-07 2.609927918520520424e-06
6.519634834065088924e-01 1.600675670063985742e-06 3.003002173087447819e-07 1.900975887372730471e-06
6.516078424790567869e-01 1.124594797180351391e-06 2.044755079815206522e-07 1.329070305161872096e-06
6.512875586367420366e-01 7.521283620960827982e-07 1.326626682419693757e-07 8.847910303380521739e-07
6.510026971899179893e-01 4.735076136850214117e-07 8.114749416445606298e-08 5.546551078494774350e-07
6.507533162258164472e-01 2.761510941276309170e-07 4.608039028623661130e-08 3.222314844138675284e-07
6.505394665967025869e-01 1.456458720833928470e-07 2.372755139130434162e-08 1.693734234746971853e-07
6.503611919095056981e-01 6.683325739241605044e-08 1.066376398116729075e-08 7.749702137358334450e-08
6.502185285169268525e-01 2.492587543908046334e-08 3.909284551745790502e-09 2.883515999082625384e-08
6.501115055100264994e-01 6.581342907458069303e-09 1.018623411799142064e-09 7.599966319257210747e-09
6.500401447122919896e-01 8.610663170439935159e-10 1.320790366001659441e-10 9.931453536441594858e-10
6.500044606751876897e-01 1.068105015764890449e-11 1.630929061317838203e-12 1.231197921896674350e-11
