9.999955393248123325e-01 9.649412493949882861e-06
9.999598552877080326e-01 8.684486244445424239e-05
9.998884944899735228e-01 2.412365664959156668e-04
9.997814714830731697e-01 4.728259031902070459e-04
9.996388080904943241e-01 7.816132650965707928e-04
9.994605334032974353e-01 1.167593143633730750e-03
9.992466837741835750e-01 1.630743248420442673e-03
9.989973028100820329e-01 2.171004925149391373e-03
9.987124413632580966e-01 2.788252545007997244e-03
9.983921575209433463e-01 3.482250491606725049e-03
9.980365165934911298e-01 4.252597805279157914e-03
9.976455911010589928e-01 5.098662321427267080e-03
9.972194607588202864e-01 6.019508051700932401e-03
9.967582124607097249e-01 7.013821343111468869e-03
9.962619402617038933e-01 8.079842723757757125e-03
9.957307453586425883e-01 9.215312030742500368e-03
9.951647360695934363e-01 1.041743420134748355e-02
9.945640278117637845e-01 1.168287188387990075e-02
9.939287430779660815e-01 1.300776882477982371e-02
9.932590114116395252e-01 1.438780501051007896e-02
9.925549693804343043e-01 1.581828113563698082e-02
9.918167605483642069e-01 1.729422659273953389e-02
9.910445354465309276e-01 1.881052233780710486e-02
9.902384515424293987e-01 2.036202813466212250e-02
9.893986732078372537e-01 2.194370315017698386e-02
9.885253716852985262e-01 2.355070978440705620e-02
9.876187250532031392e-01 2.517849286687046453e-02
9.866789181894751737e-01 2.682282959804619879e-02
9.857061427338740245e-01 2.847984936075208598e-02
9.847005970489153270e-01 3.014602618828245498e-02
9.836624861794229790e-01 3.181814970285855304e-02
9.825920218107173643e-01 3.349328230626050229e-02
9.814894222254495482e-01 3.516871109316498795e-02
9.803549122590903275e-01 3.684190237621810804e-02
9.791887232540837926e-01 3.851046508264466955e-02
9.779910930126727298e-01 4.017212698214552707e-02
9.767622657484074100e-01 4.182472518268355588e-02
9.755024920363475349e-01 4.346621001368522474e-02
9.742120287619661090e-01 4.509465963982439013e-02
9.728911390687668970e-01 4.670830170446635399e-02
9.715400923046257908e-01 4.830553802419017967e-02
9.701591639668671885e-01 4.988496873977928125e-02
9.687486356460860426e-01 5.144541317392044288e-02
9.673087949687277920e-01 5.298592570985845990e-02
9.658399355384372775e-01 5.450580605935088224e-02
9.643423568761886333e-01 5.600460415712486123e-02
9.628163643592088095e-01 5.748212050303878190e-02
9.612622691587071611e-01 5.893840305020143361e-02
9.596803881764230937e-01 6.037374174815136191e-02
9.580710439800054212e-01 6.178866167415035526e-02
9.564345647372362036e-01 6.318391541422943569e-02
9.547712841491129421e-01 6.456047507069387348e-02
9.530815413818019000e-01 6.591952403275433414e-02
9.513656809974782025e-01 6.726244848216654526e-02
9.496240528840635964e-01 6.859082852149123166e-02
9.478570121838802987e-01 6.990642879660984021e-02
9.460649192212327030e-01 7.121118851683674866e-02
9.442481394289309327e-01 7.250721083430199110e-02
9.424070432737754466e-01 7.379675161303472786e-02
9.405420061810130239e-01 7.508220768828696712e-02
9.386534084577822235e-01 7.636610478587145534e-02
9.367416352155631953e-01 7.765108534236411786e-02
9.348070762916491638e-01 7.893989654507962972e-02
9.328501261696517943e-01 8.023537900089183772e-02
9.308711838990614273e-01 8.154045654852316860e-02
9.288706530138749473e-01 8.285812785011638371e-02
9.268489414503094936e-01 8.419146053133134966e-02
9.248064614636186676e-01 8.554358877765422253e-02
9.227436295440279990e-01 8.691771542700262032e-02
9.206608663318065489e-01 8.831711971031315500e-02
9.185585965314928547e-01 8.974517186443196903e-02
9.164372488252909843e-01 9.120535585405348256e-02
9.142972557856574589e-01 9.270130136805262988e-02
9.121390537870922577e-01 9.423682607525112054e-02
9.099630829171572177e-01 9.581598881036086646e-02
9.077697868867351527e-01 9.744315388932033029e-02
9.055596129395514504e-01 9.912306610562790499e-02
9.033330117609746912e-01 1.008609351242118618e-01
9.010904373861156058e-01 1.026625269668170887e-01
8.988323471072429127e-01 1.045342590885750544e-01
8.965592013805352423e-01 1.064832942158594475e-01
8.942714637321872440e-01 1.085176267129874667e-01
8.919696006638907493e-01 1.106461538622179885e-01
8.896540815577078654e-01 1.128787232027556320e-01
8.873253785803582039e-01 1.152261461362752426e-01
8.849839665869364547e-01 1.177001675492632266e-01
8.826303230240838404e-01 1.203133814160987497e-01
8.802649278326293292e-01 1.230790834068608841e-01
8.778882633497235854e-01 1.260110535593897685e-01
8.755008142104827584e-01 1.291232651313931057e-01
8.731030672491659761e-01 1.324295197509620936e-01
8.706955113999015339e-01 1.359430137142195461e-01
8.682786375969877568e-01 1.396758453716634707e-01
8.658529386747834122e-01 1.436384785159313948e-01
8.634189092672130972e-01 1.478391809904908427e-01
8.609770457069031435e-01 1.522834608656527255e-01
8.585278459239736870e-01 1.569735240807966226e-01
8.560718093445031096e-01 1.619077772352452704e-01
8.536094367886880585e-01 1.670803972721119912e-01
8.511412303687193592e-01 1.724809864203278587e-01
8.486676933863945838e-01 1.780943263965850121e-01
8.461893302304870357e-01 1.839002410625889816e-01
8.437066462738948003e-01 1.898735720102387448e-01
8.412201477705870678e-01 1.959842673352428510e-01
8.387303417523729321e-01 2.021975804351684447e-01
8.362377359255096509e-01 2.084743731453484739e-01
8.337428385671750153e-01 2.147715158781985101e-01
8.312461584218215904e-01 2.210423765309210142e-01
8.287482045974376987e-01 2.272373895937061794e-01
8.262494864617321300e-01 2.333046969365551171e-01
8.237505135382678922e-01 2.391908520107731972e-01
8.212517954025623235e-01 2.448415795433384612e-01
8.187538415781784318e-01 2.502025831454660065e-01
8.162571614328251179e-01 2.552203935582144090e-01
8.137622640744903713e-01 2.598432505068437037e-01
8.112696582476272011e-01 2.640220113407925062e-01
8.087798522294129544e-01 2.677110798143387260e-01
8.062933537261053329e-01 2.708693485270280421e-01
8.038106697695128755e-01 2.734611486898524402e-01
8.013323066136055495e-01 2.754572009821136258e-01
7.988587696312805519e-01 2.768355612422432332e-01
7.963905632113119637e-01 2.775825544620706409e-01
7.939281906554969126e-01 2.776936898164931167e-01
7.914721540760263352e-01 2.771745479412204838e-01
7.890229542930969897e-01 2.760416289159600689e-01
7.865810907327870360e-01 2.743231447997092620e-01
7.841470613252166100e-01 2.720597332986551264e-01
7.817213624030122654e-01 2.693050582667771420e-01
7.793044886000984883e-01 2.661262472314601113e-01
7.768969327508341571e-01 2.626040951913624633e-01
7.744991857895172638e-01 2.588329374552367224e-01
7.721117366502765478e-01 2.549200637642869416e-01
7.697350721673706930e-01 2.509845157041614705e-01
7.673696769759161818e-01 2.471550881512259989e-01
7.650160334130635675e-01 2.435673573400646830e-01
7.626746214196419293e-01 2.403596020260199972e-01
7.603459184422920458e-01 2.376675896097348584e-01
7.580303993361092729e-01 2.356183764318157681e-01
7.557285362678127782e-01 2.343235083386078776e-01
7.534407986194648910e-01 2.338722569103704463e-01
7.511676528927571095e-01 2.343257078807414462e-01
7.489095626138844164e-01 2.357125420279018169e-01
7.466669882390253310e-01 2.380271619327418431e-01
7.444403870604485718e-01 2.412304440074578837e-01
7.422302131132648695e-01 2.452529391383898305e-01
7.400369170828429155e-01 2.499999498990444491e-01
7.378609462129077645e-01 2.553576901168759239e-01
7.357027442143425633e-01 2.611997183551368340e-01
7.335627511747089269e-01 2.673929872079728320e-01
7.314414034685071675e-01 2.738030811559950539e-01
7.293391336681933623e-01 2.802984466684591003e-01
7.272563704559720232e-01 2.867535989353904857e-01
7.251935385363812436e-01 2.930514034694228775e-01
7.231510585496905286e-01 2.990845846794061846e-01
7.211293469861250749e-01 3.047566245273878871e-01
7.191288161009385949e-01 3.099822003858821451e-01
7.171498738303483389e-01 3.146872861136755239e-01
7.151929237083508584e-01 3.188090130933415312e-01
7.132583647844368269e-01 3.222953632804753110e-01
7.113465915422179098e-01 3.251047461191685639e-01
7.094579938189868873e-01 3.272054957458754298e-01
7.075929567262245756e-01 3.285753136979129296e-01
7.057518605710690895e-01 3.292006745417956348e-01
7.039350807787674302e-01 3.290762066085771709e-01
7.021429878161196125e-01 3.282040566474564436e-01
7.003759471159365368e-01 3.265932451115458046e-01
6.986343190025218197e-01 3.242590175391898422e-01
6.969184586181981222e-01 3.212221967787380339e-01
6.952287158508871912e-01 3.175085404067061745e-01
6.935654352627638186e-01 3.131481074619254512e-01
6.919289560199947120e-01 3.081746384662241711e-01
6.903196118235769285e-01 3.026249525662432216e-01
6.887377308412928612e-01 2.965383654774151334e-01
6.871836356407912128e-01 2.899561317230160973e-01
6.856576431238113889e-01 2.829209144329911663e-01
6.841600644615626337e-01 2.754762857002268084e-01
6.826912050312721192e-01 2.676662601913732398e-01
6.812513643539139796e-01 2.595348643819441192e-01
6.798408360331329447e-01 2.511257434378093567e-01
6.784599076953743424e-01 2.424818074022768999e-01
6.771088609312331252e-01 2.336449179720711256e-01
6.757879712380338022e-01 2.246556167559672079e-01
6.744975079636523763e-01 2.155528955028895854e-01
6.732377342515926122e-01 2.063740083560011151e-01
6.720089069873272924e-01 1.971543257288762008e-01
6.708112767459162296e-01 1.879272289034894794e-01
6.696450877409096947e-01 1.787240439150995785e-01
6.685105777745505851e-01 1.695740127192470470e-01
6.674079781892826579e-01 1.605042990414948523e-01
6.663375138205770432e-01 1.515400257100741055e-01
6.652994029510846952e-01 1.427043396922837715e-01
6.642938572661261087e-01 1.340185005312987121e-01
6.633210818105248485e-01 1.255019874491408449e-01
6.623812749467969940e-01 1.171726200828576425e-01
6.614746283147014960e-01 1.090466876895845039e-01
6.606013267921626575e-01 1.011390817194789404e-01
6.597615484575707345e-01 9.346342692871878466e-02
6.589554645534690946e-01 8.603220668834780926e-02
6.581832394516358153e-01 7.885687882257358394e-02
6.574450306195656069e-01 7.194797914963971253e-02
6.567409885883606080e-01 6.531521085241238922e-02
6.560712569220339407e-01 5.896751881581331622e-02
6.554359721882362377e-01 5.291314906903876736e-02
6.548352639304065859e-01 4.715969439583207745e-02
6.542692546413574339e-01 4.171412796410603474e-02
6.537380597382962399e-01 3.658282742516374281e-02
6.532417875392902973e-01 3.177159230530977874e-02
6.527805392411797358e-01 2.728565763925495935e-02
6.523544088989410294e-01 2.312970667524872140e-02
6.519634834065088924e-01 1.930788513550721341e-02
6.516078424790567869e-01 1.582381897891185774e-02
6.512875586367420366e-01 1.268063693707338624e-02
6.510026971899179893e-01 9.880998340391423593e-03
6.507533162258164472e-01 7.427125982992265410e-03
6.505394665967025869e-01 5.320843058971031631e-03
6.503611919095056981e-01 3.563612595674140512e-03
6.502185285169268525e-01 2.156577360836574395e-03
6.501115055100264994e-01 1.100597963018061596e-03
6.500401447122919896e-01 3.962868163275848278e-04
6.500044606751876897e-01 4.403580069748952040e-05
