4.784661555682107048e-03 5.482636388405026538e-21
9.569323111364214096e-03 8.433956448704036535e-19
1.435398466704632114e-02 2.311859853466931254e-16
1.913864622272842819e-02 9.930173977227854692e-15
2.392330777841053524e-02 1.185158183362218246e-13
2.870796933409264229e-02 1.171986427028382060e-12
3.349263088977474934e-02 1.699357923057256426e-12
3.827729244545685638e-02 2.051877246947669577e-12
4.306195400113896343e-02 2.751763660901956601e-12
4.784661555682107048e-02 2.675709152203612817e-12
5.263127711250317753e-02 2.579331498503537915e-12
5.741593866818528458e-02 2.302282786157895169e-12
6.220060022386739162e-02 2.035635976721424345e-12
6.698526177954949867e-02 1.903572748869697384e-12
7.176992333523160572e-02 1.882593300843957117e-12
7.655458489091371277e-02 1.813556568333083237e-12
8.133924644659581982e-02 1.926443783422276435e-12
8.612390800227792687e-02 1.862902700285103482e-12
9.090856955796003391e-02 1.829192545499269960e-12
9.569323111364214096e-02 5.968283195993191962e-12
1.004778926693242480e-01 1.445793712572373623e-12
1.052625542250063551e-01 1.433101267877836744e-12
1.100472157806884621e-01 1.485671117235006701e-12
1.148318773363705692e-01 1.499456823883537948e-12
1.196165388920526762e-01 1.456450944147293130e-12
1.244012004477347832e-01 1.291970893966532204e-12
1.291858620034168903e-01 1.264629346817508485e-12
1.339705235590989973e-01 1.566689414324496612e-12
1.387551851147811044e-01 1.203379010007068175e-12
1.435398466704632114e-01 1.192311965071078603e-12
1.483245082261453185e-01 1.195428963263339367e-12
1.531091697818274255e-01 1.201017606195236743e-12
1.578938313375095326e-01 1.267731576766359573e-12
1.626784928931916396e-01 1.308033798828255449e-12
1.674631544488737467e-01 2.329629240609192193e-12
1.722478160045558537e-01 1.083180061825470229e-12
1.770324775602379608e-01 1.094329711100698057e-12
1.818171391159200678e-01 1.136671907026148387e-12
1.866018006716021749e-01 1.172244116803024255e-12
1.913864622272842819e-01 1.237019578300435973e-12
1.961711237829663890e-01 1.095401842500321755e-12
2.009557853386484960e-01 1.355050104726095848e-12
2.057404468943306031e-01 1.600497723641197512e-12
2.105251084500127101e-01 2.309760484492363946e-12
2.153097700056948172e-01 3.388465383040112913e-12
2.200944315613769242e-01 5.087342565155437856e-12
2.248790931170590313e-01 7.644639831957239557e-12
2.296637546727411383e-01 1.134625941181621267e-11
2.344484162284232454e-01 1.663763997848543756e-11
2.392330777841053524e-01 2.390711814402049892e-11
2.440177393397874595e-01 3.388777092674972977e-11
2.488024008954695665e-01 4.757390952907255682e-11
2.535870624511517013e-01 6.563994126362131463e-11
2.583717240068337806e-01 8.989776206357151354e-11
2.631563855625158599e-01 1.224291755585044456e-10
2.679410471181979947e-01 1.659271131328985303e-10
2.727257086738801295e-01 2.238030642267925838e-10
2.775103702295622088e-01 3.028477751915026077e-10
2.822950317852442881e-01 4.087720980723542477e-10
2.870796933409264229e-01 5.528250956409427696e-10
2.918643548966085577e-01 7.467121897280835377e-10
2.966490164522906370e-01 1.014735975551855730e-09
3.014336780079727163e-01 1.378186056990172853e-09
3.062183395636548511e-01 1.870724219111029522e-09
3.110030011193369859e-01 2.546093476453157932e-09
3.157876626750190652e-01 3.437164060278440203e-09
3.205723242307011445e-01 4.608386688963039752e-09
3.253569857863832793e-01 6.130484564248176862e-09
3.301416473420654141e-01 8.032261645597366180e-09
3.349263088977474934e-01 1.039742569787962716e-08
3.397109704534295727e-01 1.331115527945116508e-08
3.444956320091117075e-01 1.677954765758541589e-08
3.492802935647938423e-01 2.095146248879454522e-08
3.540649551204759216e-01 2.602717903018419398e-08
3.588496166761580008e-01 3.213263423642707522e-08
3.636342782318401357e-01 3.985310123546150293e-08
3.684189397875222705e-01 4.963027047101299424e-08
3.732036013432043497e-01 6.240279455967531278e-08
3.779882628988864290e-01 7.944439511150486976e-08
3.827729244545685638e-01 1.019508765666564632e-07
3.875575860102506986e-01 1.322303207464651320e-07
3.923422475659327779e-01 1.719372965102432256e-07
3.971269091216148572e-01 2.232243734055825005e-07
4.019115706772969920e-01 2.877841498503201920e-07
4.066962322329791268e-01 3.662016594622040348e-07
4.114808937886612061e-01 4.594400586252792868e-07
4.162655553443432854e-01 5.644724673243445066e-07
4.210502169000254202e-01 6.827346813009800945e-07
4.258348784557075550e-01 8.084611225357666246e-07
4.306195400113896343e-01 9.453884789883364741e-07
4.354042015670717136e-01 1.092740945365814594e-06
4.401888631227538484e-01 1.264356587072360841e-06
4.449735246784359832e-01 1.476143116099102917e-06
4.497581862341180625e-01 1.766308830608343916e-06
4.545428477898001418e-01 2.177918823741853189e-06
4.593275093454822766e-01 2.775171162484368082e-06
4.641121709011644114e-01 3.619945373266576101e-06
4.688968324568464907e-01 4.773441044787025880e-06
4.736814940125285700e-01 6.266161177678044286e-06
4.784661555682107048e-01 8.157815901518342694e-06
4.832508171238928396e-01 1.041321989823731625e-05
4.880354786795749189e-01 1.300030910190868143e-05
4.928201402352569982e-01 1.583105307017460922e-05
4.976048017909391330e-01 1.873222974488867763e-05
5.023894633466212678e-01 2.151615497821226548e-05
5.071741249023034026e-01 2.384391242080306119e-05
5.119587864579854264e-01 2.548340176792682598e-05
5.167434480136675612e-01 2.614414309051179292e-05
5.215281095693496960e-01 2.618407286675393322e-05
5.263127711250317198e-01 2.769698684907472794e-05
5.310974326807138546e-01 3.544252617449399404e-05
5.358820942363959894e-01 5.211459700903654985e-05
5.406667557920781242e-01 7.828086701782019862e-05
5.454514173477602590e-01 1.154218954634467518e-04
5.502360789034422828e-01 1.647819657007705638e-04
5.550207404591244176e-01 2.272671088849428011e-04
5.598054020148065524e-01 3.038817424087513234e-04
5.645900635704885762e-01 3.957754353256292884e-04
5.693747251261707110e-01 5.025427410320854396e-04
5.741593866818528458e-01 6.241144853135390793e-04
5.789440482375349806e-01 7.609769644354261739e-04
5.837287097932171154e-01 9.091194045720027515e-04
5.885133713488991392e-01 1.059352455302092853e-03
5.932980329045812740e-01 1.254663932196476740e-03
5.980826944602634088e-01 1.473408385304411693e-03
6.028673560159454325e-01 1.661472098270972732e-03
6.076520175716275673e-01 1.832005447704344783e-03
6.124366791273097022e-01 1.993920668486122514e-03
6.172213406829918370e-01 2.149167695766804852e-03
6.220060022386739718e-01 2.295115347028170438e-03
6.267906637943559955e-01 2.429655010349305796e-03
6.315753253500381303e-01 2.550908428931804740e-03
6.363599869057202651e-01 2.659638464583306914e-03
6.411446484614022889e-01 2.754219851708883567e-03
6.459293100170844237e-01 2.833085443521594828e-03
6.507139715727665585e-01 2.896621040215823124e-03
6.554986331284486933e-01 2.945484181496674410e-03
6.602832946841308281e-01 2.980631324644653253e-03
6.650679562398128519e-01 3.003187705214794591e-03
6.698526177954949867e-01 3.015588034341156690e-03
6.746372793511771215e-01 3.018546038840627752e-03
6.794219409068591453e-01 3.011515823806595188e-03
6.842066024625412801e-01 2.994650989023319148e-03
6.889912640182234149e-01 2.967924132030241163e-03
6.937759255739055497e-01 2.931356160491786940e-03
6.985605871295876845e-01 2.884905378790030700e-03
7.033452486852697083e-01 2.828780054149846856e-03
7.081299102409518431e-01 2.763275391682163632e-03
7.129145717966339779e-01 2.688832525615592224e-03
7.176992333523160017e-01 2.606043841279279908e-03
7.224838949079981365e-01 2.515532577999257842e-03
7.272685564636802713e-01 2.418180991166871043e-03
7.320532180193624061e-01 2.314739670058552599e-03
7.368378795750445409e-01 2.206170837394464453e-03
7.416225411307265647e-01 2.093366814713398458e-03
7.464072026864086995e-01 1.978575046029064886e-03
7.511918642420908343e-01 1.862208873259096941e-03
7.559765257977728581e-01 1.744583803087883158e-03
7.607611873534549929e-01 1.626595493956391626e-03
7.655458489091371277e-01 1.509085086518658411e-03
7.703305104648192625e-01 1.392817856570767194e-03
7.751151720205013973e-01 1.279877737366679879e-03
7.798998335761834211e-01 1.170555463519099611e-03
7.846844951318655559e-01 1.064545646256737218e-03
7.894691566875476907e-01 9.623694197443504166e-04
7.942538182432297145e-01 8.659075183337801556e-04
7.990384797989118493e-01 7.747977562337315894e-04
8.038231413545939841e-01 6.886851127258831768e-04
8.086078029102761189e-01 6.089938781892881639e-04
8.133924644659582537e-01 5.353708329697928238e-04
8.181771260216402775e-01 4.674899182373484850e-04
8.229617875773224123e-01 4.065708826778687088e-04
8.277464491330045471e-01 3.513425670148763880e-04
8.325311106886865709e-01 3.028269800251695413e-04
8.373157722443687057e-01 2.600345096237173287e-04
8.421004338000508405e-01 2.236045277567932324e-04
8.468850953557329753e-01 1.926306321229857951e-04
8.516697569114151101e-01 1.672610154890085505e-04
8.564544184670971338e-01 1.466674139561033471e-04
8.612390800227792687e-01 1.301061259359961191e-04
8.660237415784614035e-01 1.170041578507557072e-04
8.708084031341434272e-01 1.064207618979821782e-04
8.755930646898255620e-01 9.773901443018815792e-05
8.803777262455076968e-01 9.042990924441071752e-05
8.851623878011898316e-01 8.403265858495666848e-05
8.899470493568719665e-01 7.819754161546880686e-05
8.947317109125539902e-01 7.262202342231990730e-05
8.995163724682361250e-01 6.713095147487281047e-05
9.043010340239182598e-01 6.167211353084179324e-05
9.090856955796002836e-01 5.623428401704216146e-05
9.138703571352824184e-01 5.082190176546980506e-05
9.186550186909645532e-01 4.547595993123154331e-05
9.234396802466466880e-01 4.027689564686206039e-05
9.282243418023288228e-01 3.533471282172064005e-05
9.330090033580108466e-01 3.064419761648757955e-05
9.377936649136929814e-01 2.632812066084855374e-05
9.425783264693751162e-01 2.240634500276991194e-05
9.473629880250571400e-01 1.891819160123120602e-05
9.521476495807392748e-01 1.589832147948423051e-05
9.569323111364214096e-01 1.335274872828993071e-05
9.617169726921035444e-01 1.126504400245693096e-05
9.665016342477856792e-01 9.602153999125428473e-06
9.712862958034677030e-01 8.267733064285627274e-06
9.760709573591498378e-01 7.138236687536602465e-06
9.808556189148319726e-01 6.078186757139816151e-06
9.856402804705139964e-01 4.927820340224358010e-06
9.904249420261961312e-01 3.577528022366494486e-06
9.952096035818782660e-01 1.942376166302465270e-06
