2.081505612879391176e+00 3.455751918948772428e+00 -1.979629476833882684e+00 -6.432206082665721247e-01
2.074388016362223475e+00 3.450684834023627356e+00 -1.976083008108243444e+00 -6.310163131750849974e-01
2.067240694831884440e+00 3.440550664173337658e+00 -1.975545958552048731e+00 -6.088532302761315851e-01
2.060065217795875814e+00 3.435483579248193031e+00 -1.971737873687594345e+00 -5.967566162501212190e-01
2.052863160944473186e+00 3.430416494323047960e+00 -1.967832620397435006e+00 -5.847067090967059677e-01
2.045636105804715665e+00 3.420282324472758706e+00 -1.966708775637686424e+00 -5.627465408170855277e-01
2.038385639393110793e+00 3.415215239547613635e+00 -1.962554263176336411e+00 -5.508146502885071794e-01
2.031113353867137317e+00 3.410148154622469008e+00 -1.958308469474833613e+00 -5.389335716399075160e-01
2.023820846175614641e+00 3.405081069697323937e+00 -1.953973316359882473e+00 -5.271044454076865282e-01
2.016509717708026450e+00 3.400013984772179310e+00 -1.949550743839694400e+00 -5.153283795843197623e-01
2.009181573942861565e+00 3.394946899847034238e+00 -1.945042709381671786e+00 -5.036064492763393519e-01
2.001838024095063062e+00 3.389879814921889611e+00 -1.940451187183585224e+00 -4.919396963761337171e-01
1.994480680762654945e+00 3.384812729996744540e+00 -1.935778167438522823e+00 -4.803291292476635777e-01
1.987111159572624519e+00 3.379745645071599913e+00 -1.931025655593890944e+00 -4.687757224262427691e-01
1.979731078826141077e+00 3.374678560146455286e+00 -1.926195671604761239e+00 -4.572804163324735161e-01
1.972342059143187498e+00 3.369611475221310215e+00 -1.921290249181851983e+00 -4.458441170004677767e-01
1.964945723106681585e+00 3.364544390296165588e+00 -1.916311435034428357e+00 -4.344676958204494732e-01
1.957543694906165976e+00 3.359477305371020517e+00 -1.911261288108422995e+00 -4.231519892958284235e-01
1.950137599981148107e+00 3.359477305371020517e+00 -1.904030296247001708e+00 -4.215510524643339418e-01
1.942729064664163285e+00 3.354410220445875890e+00 -1.898900482403448775e+00 -4.103330069819456916e-01
1.935319715823641262e+00 3.349343135520730819e+00 -1.893705259901397042e+00 -3.991776435091064501e-01
1.927911180506656663e+00 3.349343135520730819e+00 -1.886456027548091274e+00 -3.976495643780418865e-01
1.920505085581639015e+00 3.344276050595586192e+00 -1.881192233654900070e+00 -3.865948315503291433e-01
1.913103057381122962e+00 3.339208965670441120e+00 -1.875869018851953118e+00 -3.756044891536985397e-01
1.905706721344616605e+00 3.339208965670441120e+00 -1.868616635050479591e+00 -3.741523473007635214e-01
1.898317701661663026e+00 3.334141880745296493e+00 -1.863236032366874184e+00 -3.632651705459355451e-01
1.890937620915180029e+00 3.334141880745296493e+00 -1.855992338460112689e+00 -3.618529062612653724e-01
1.883568099725149603e+00 3.329074795820151422e+00 -1.850561661015645898e+00 -3.510702566171414185e-01
1.876210756392741708e+00 3.329074795820151422e+00 -1.843333243046648695e+00 -3.496989526477729537e-01
1.868867206544943205e+00 3.324007710895006795e+00 -1.837859816665610380e+00 -3.390220199116099620e-01
1.861539062779778098e+00 3.324007710895006795e+00 -1.830653258109936177e+00 -3.376926573476095039e-01
1.854227934312189463e+00 3.318940625969862168e+00 -1.825144413288555478e+00 -3.271224587600554679e-01
1.846935426620667009e+00 3.318940625969862168e+00 -1.817966288406630770e+00 -3.258359162576838219e-01
1.839663141094693533e+00 3.313873541044717097e+00 -1.812429352269829597e+00 -3.153732958466216041e-01
1.832412674683088660e+00 3.313873541044717097e+00 -1.805286219460080721e+00 -3.141303490062057890e-01
1.825185619543331361e+00 3.308806456119572470e+00 -1.799728507716720438e+00 -3.037759771600125336e-01
1.817983562691928956e+00 3.308806456119572470e+00 -1.792626902876710560e+00 -3.025772980590101247e-01
1.810808085655919886e+00 3.308806456119572470e+00 -1.785551507125234361e+00 -3.013830427871829198e-01
1.803660764125581073e+00 3.303739371194427399e+00 -1.780002141685326666e+00 -2.911778282110871197e-01
1.796543167608413150e+00 3.303739371194427399e+00 -1.772977906698237627e+00 -2.900287838136188512e-01
1.789456859084489926e+00 3.298672286269282772e+00 -1.767425675715746936e+00 -2.799327264634537960e-01
1.782403394663234275e+00 3.298672286269282772e+00 -1.760459051146070042e+00 -2.788293215300343686e-01
1.775384323241708806e+00 2.984513020910303460e+00 -1.753526396141224852e+00 2.777312968471292165e-01
1.768401186164486161e+00 3.293605201344137701e+00 -1.748008557227854087e+00 -2.677850613573446448e-01
1.761455516885179540e+00 3.293605201344137701e+00 -1.741142983154000623e+00 -2.667332940950974396e-01
1.754548840629706286e+00 3.293605201344137701e+00 -1.734315952449076326e+00 -2.656874314597874598e-01
1.747682674061357577e+00 3.288538116418993074e+00 -1.728847773527603771e+00 -2.558908071480947011e-01
1.740858524947747510e+00 3.288538116418993074e+00 -1.722097168754559648e+00 -2.548916343287391806e-01
1.734077891829719498e+00 3.288538116418993074e+00 -1.715389611002116954e+00 -2.538988329996997861e-01
1.727342263692271729e+00 3.283471031493848002e+00 -1.709986161425391948e+00 -2.442511487612592513e-01
1.720653119637588935e+00 3.283471031493848002e+00 -1.703364228988656137e+00 -2.433052846126605717e-01
1.714011928560239983e+00 3.283471031493848002e+00 -1.696789767704200536e+00 -2.423662011525487547e-01
1.707420148824615680e+00 3.283471031493848002e+00 -1.690264221282967494e+00 -2.414341045978301570e-01
1.700879227944684047e+00 3.278403946568703375e+00 -1.684986082129619422e+00 -2.319742465947019772e-01
1.694390602266122370e+00 3.278403946568703375e+00 -1.678558086666509963e+00 -2.310892960182649725e-01
1.687955696650905946e+00 3.278403946568703375e+00 -1.672183309302358367e+00 -2.302116720473957323e-01
1.681575924164418590e+00 3.278403946568703375e+00 -1.665863149898757056e+00 -2.293415674028779216e-01
1.675252685765149741e+00 3.273336861643558304e+00 -1.660735409396719264e+00 -2.200669469485530827e-01
1.668987369997053216e+00 3.273336861643558304e+00 -1.654524387121964812e+00 -2.192439135491922597e-01
1.662781352684633562e+00 3.273336861643558304e+00 -1.648372149438873446e+00 -2.184286697986470849e-01
1.656635996630820618e+00 3.273336861643558304e+00 -1.642280047340701765e+00 -2.176213947193913756e-01
1.650552651317709119e+00 3.268269776718413677e+00 -1.637327065154273509e+00 -2.085285028124740092e-01
1.644532652610218193e+00 3.268269776718413677e+00 -1.631355303630580345e+00 -2.077679446343365655e-01
1.638577322462746233e+00 3.268269776718413677e+00 -1.625447692489184526e+00 -2.070155565912075724e-01
1.632687968628876662e+00 3.268269776718413677e+00 -1.619605529004871203e+00 -2.062715039028372443e-01
1.626865884374202320e+00 3.268269776718413677e+00 -1.613830096080525189e+00 -2.055359499585834304e-01
1.621112348192334851e+00 3.263202691793269050e+00 -1.609139797894490576e+00 -1.966579677860596786e-01
1.615428623524152840e+00 3.263202691793269050e+00 -1.603498049761460376e+00 -1.959684722406420110e-01
1.609815958480360409e+00 3.263202691793269050e+00 -1.597926836449632626e+00 -1.952875969745897500e-01
1.604275585567407347e+00 3.263202691793269050e+00 -1.592427381362913508e+00 -1.946154915038904309e-01
1.598808721416841161e+00 3.263202691793269050e+00 -1.587000892147549802e+00 -1.939523034187391193e-01
1.593416566518139232e+00 3.263202691793269050e+00 -1.581648560426933248e+00 -1.932981783511281137e-01
1.588100304955091469e+00 3.263202691793269050e+00 -1.576371561539930743e+00 -1.926532599428673054e-01
1.582861104145781850e+00 3.258135606868123979e+00 -1.572123849920728178e+00 -1.840540016626401321e-01
1.577700114586229496e+00 3.258135606868123979e+00 -1.566997869659722875e+00 -1.834538853425873028e-01
1.572618469597748758e+00 3.258135606868123979e+00 -1.561950695740105921e+00 -1.828629951547438570e-01
1.567617285078077849e+00 3.258135606868123979e+00 -1.556983436489982386e+00 -1.822814608549321036e-01
1.562697659256334415e+00 3.258135606868123979e+00 -1.552097182688690902e+00 -1.817094101444792775e-01
1.557860672451852224e+00 3.258135606868123979e+00 -1.547293007327276593e+00 -1.811469686421752767e-01
1.553107386836948933e+00 3.258135606868123979e+00 -1.542571965372867338e+00 -1.805942598566873947e-01
1.548438846203679775e+00 3.258135606868123979e+00 -1.537935093537010856e+00 -1.800514051594386822e-01
1.543856075734627575e+00 3.253068521942979352e+00 -1.534273356725532445e+00 -1.717464684495438598e-01
1.539360081777777944e+00 3.253068521942979352e+00 -1.529805269415832170e+00 -1.712463110214027528e-01
1.534951851625533159e+00 3.253068521942979352e+00 -1.525424401160554666e+00 -1.707559168890348256e-01
1.530632353297908255e+00 3.253068521942979352e+00 -1.521131713971211719e+00 -1.702753937399515971e-01
1.526402535329959065e+00 3.253068521942979352e+00 -1.516928150495299388e+00 -1.698048470940577981e-01
1.522263326563490393e+00 3.253068521942979352e+00 -1.512814633809298925e+00 -1.693443802804799059e-01
1.518215635943088282e+00 3.253068521942979352e+00 -1.508792067215974697e+00 -1.688940944148757395e-01
1.514260352316521230e+00 3.253068521942979352e+00 -1.504861334046014409e+00 -1.684540883772300823e-01
1.510398344239554769e+00 3.253068521942979352e+00 -1.501023297464055828e+00 -1.680244587901411346e-01
1.506630459785221809e+00 3.253068521942979352e+00 -1.497278800279140176e+00 -1.676052999976029856e-01
1.502957526357591167e+00 3.253068521942979352e+00 -1.493628664759636626e+00 -1.671967040442880470e-01
1.499380350510075344e+00 3.253068521942979352e+00 -1.490073692452678511e+00 -1.667987606553348323e-01
1.495899717768314652e+00 3.253068521942979352e+00 -1.486614664008146347e+00 -1.664115572166446066e-01
1.492516392457683194e+00 3.253068521942979352e+00 -1.483252339007244291e+00 -1.660351787556922920e-01
1.489231117535445348e+00 3.248001437017834281e+00 -1.480807915125981644e+00 -1.581683910777184066e-01
1.486044614427608934e+00 3.248001437017834281e+00 -1.477639435117676037e+00 -1.578299586720319780e-01
1.482957582870503055e+00 3.248001437017834281e+00 -1.474569864041582079e+00 -1.575020909496588073e-01
1.479970700757120783e+00 3.248001437017834281e+00 -1.471599875956479231e+00 -1.571848599083182918e-01
1.477084623988258905e+00 3.248001437017834281e+00 -1.468730123053340497e+00 -1.568783352099805961e-01
1.474299986328484691e+00 3.248001437017834281e+00 -1.465961235512113436e+00 -1.565825841655692774e-01
1.471617399266965887e+00 3.248001437017834281e+00 -1.463293821363337299e+00 -1.562976717201803312e-01
1.469037451883192125e+00 3.248001437017834281e+00 -1.460728466354624278e+00 -1.560236604388206272e-01
1.466560710717615734e+00 3.248001437017834281e+00 -1.458265733822031729e+00 -1.557606104926688995e-01
1.464187719647243036e+00 3.248001437017834281e+00 -1.455906164566356686e+00 -1.555085796458626768e-01
1.461918999766202765e+00 3.248001437017834281e+00 -1.453650276734380853e+00 -1.552676232428135406e-01
1.459755049271316718e+00 3.248001437017834281e+00 -1.451498565705087396e+00 -1.550377941960539019e-01
1.457696343352699930e+00 3.248001437017834281e+00 -1.449451503980880629e+00 -1.548191429746177961e-01
1.455743334089409480e+00 3.253068521942979352e+00 -1.446707531115803747e+00 -1.619443551302874873e-01
1.453896450350173453e+00 3.253068521942979352e+00 -1.444872110989137370e+00 -1.617388983102923117e-01
1.452156097699210946e+00 3.253068521942979352e+00 -1.443142560711979661e+00 -1.615452925549647756e-01
1.450522658307176860e+00 3.253068521942979352e+00 -1.441519260082851250e+00 -1.613635803789287004e-01
1.448996490867235254e+00 3.253068521942979352e+00 -1.440002565568506698e+00 -1.611938016850514854e-01
1.447577930516295242e+00 3.253068521942979352e+00 -1.438592810225659102e+00 -1.610359937556817833e-01
1.446267288761416303e+00 3.253068521942979352e+00 -1.437290303627843047e+00 -1.608901912444626880e-01
1.445064853411403005e+00 3.253068521942979352e+00 -1.436095331797432983e+00 -1.607564261687217944e-01
1.443970888513603779e+00 3.253068521942979352e+00 -1.435008157142834584e+00 -1.606347279024404884e-01
1.442985634295929742e+00 3.253068521942979352e+00 -1.434029018400863942e+00 -1.605251231698037184e-01
1.442109307114098682e+00 3.253068521942979352e+00 -1.433158130584317957e+00 -1.604276360393312728e-01
1.441342099404127497e+00 3.253068521942979352e+00 -1.432395684934762770e+00 -1.603422879185926742e-01
1.440684179640073337e+00 3.253068521942979352e+00 -1.431741848880536461e+00 -1.602690975495061620e-01
1.440135692297038084e+00 3.253068521942979352e+00 -1.431196765999983800e+00 -1.602080810042231240e-01
1.439696757819441952e+00 3.253068521942979352e+00 -1.430760555989926130e+00 -1.601592516815985856e-01
1.439367472594575315e+00 3.253068521942979352e+00 -1.430433314639377285e+00 -1.601226203042491469e-01
