2.272727272727272929e+00 3.141592653589793116e+00 -2.272727272727272929e+00 2.783288179880348579e-16
2.272690205083905290e+00 3.465117100300937114e+00 -2.154784972970156698e+00 -7.225112376609271747e-01
2.272393696912393235e+00 3.465117100300937114e+00 -2.154503847390036864e+00 -7.224169747096914618e-01
2.271800856416595682e+00 3.465117100300937114e+00 -2.153941762954219019e+00 -7.222285047108345513e-01
2.270912035186682054e+00 3.465117100300937114e+00 -2.153099053012674791e+00 -7.219459394384328821e-01
2.269727760347246104e+00 3.465117100300937114e+00 -2.151976217343222419e+00 -7.215694464707342881e-01
2.268248734244690201e+00 3.465117100300937114e+00 -2.150573921855131410e+00 -7.210992490907746078e-01
2.266475834030694081e+00 3.465117100300937114e+00 -2.148892998194198878e+00 -7.205356261539580531e-01
2.264410111142006077e+00 3.465117100300937114e+00 -2.146934443249531199e+00 -7.198789119226775002e-01
2.262052790676883696e+00 3.456603299071696167e+00 -2.150744141586597991e+00 -7.008441090856123434e-01
2.259405270668531696e+00 3.456603299071696167e+00 -2.148226897881603925e+00 -7.000238369818013728e-01
2.256469121255985755e+00 3.456603299071696167e+00 -2.145435227336211170e+00 -6.991141398130795714e-01
2.253246083752926232e+00 3.456603299071696167e+00 -2.142370785579418513e+00 -6.981155570847316083e-01
2.249738069614973135e+00 3.448089497842455664e+00 -2.144892158639540192e+00 -6.787923170466215739e-01
2.245947159306077801e+00 3.448089497842455664e+00 -2.141277918428435179e+00 -6.776485213190009960e-01
2.241875601064681423e+00 3.448089497842455664e+00 -2.137396109491046747e+00 -6.764200483291916699e-01
2.237525809570375834e+00 3.439575696613215161e+00 -2.138919383068833557e+00 -6.569213204227798419e-01
2.232900364511852587e+00 3.439575696613215161e+00 -2.134497778612393759e+00 -6.555633233608503252e-01
2.228002009056990307e+00 3.439575696613215161e+00 -2.129815290757838930e+00 -6.541252017894498838e-01
2.222833648225991610e+00 3.431061895383974214e+00 -2.130353792437557292e+00 -6.344936144143541457e-01
2.217398347168532347e+00 3.431061895383974214e+00 -2.125144624297584439e+00 -6.329421425729369055e-01
2.211699329345941045e+00 3.422548094154733711e+00 -2.124980718105455413e+00 -6.132461749650860439e-01
2.205739974619492560e+00 3.422548094154733711e+00 -2.119255023967003826e+00 -6.115938023108268284e-01
2.199523817245946145e+00 3.414034292925493208e+00 -2.118398257328998557e+00 -5.918562713849042645e-01
2.193054543781519872e+00 3.414034292925493208e+00 -2.112167591615914830e+00 -5.901154945671206464e-01
2.186335990895537762e+00 3.405520491696252705e+00 -2.110629199460446248e+00 -5.703590513616226820e-01
2.179372143095056114e+00 3.405520491696252705e+00 -2.103906490522066353e+00 -5.685423618674876334e-01
2.172167130361806642e+00 3.397006690467011758e+00 -2.101699365247305717e+00 -5.487894134759888631e-01
2.164725225702873956e+00 3.388492889237771255e+00 -2.099079196238190725e+00 -5.290574928251097209e-01
2.157050842616539121e+00 3.388492889237771255e+00 -2.091637541431744296e+00 -5.271818783931129238e-01
2.149148532474812523e+00 3.379979088008530752e+00 -2.088371168557845436e+00 -5.074891890227622993e-01
2.141022981824194815e+00 3.379979088008530752e+00 -2.080475406375291492e+00 -5.055704621187185888e-01
2.132679009606270881e+00 3.371465286779289805e+00 -2.076579792253820500e+00 -4.859383957028561296e-01
2.124121564299788822e+00 3.362951485550049302e+00 -2.072293021655737810e+00 -4.663625760289032973e-01
2.115355720985912846e+00 3.362951485550049302e+00 -2.063741064821637661e+00 -4.644379869010336059e-01
2.106386678338392660e+00 3.354437684320808799e+00 -2.058853709089965900e+00 -4.449564509566508175e-01
2.097219755540439934e+00 3.345923883091568296e+00 -2.053591094308586662e+00 -4.255517834595048954e-01
2.087860389130127281e+00 3.345923883091568296e+00 -2.044426431684265744e+00 -4.236526524516848746e-01
2.078314129776197561e+00 3.337410081862327349e+00 -2.038595367769888700e+00 -4.043742678936758095e-01
2.068586638986179782e+00 3.328896280633086846e+00 -2.032406849172774699e+00 -3.851922668327272814e-01
2.058683685748774916e+00 3.328896280633086846e+00 -2.022677099590420191e+00 -3.833482343257185176e-01
2.048611143112495814e+00 3.320382479403846343e+00 -2.015955522016755985e+00 -3.643225891086576129e-01
2.038374984702599590e+00 3.320382479403846343e+00 -2.005882531766729038e+00 -3.625022027718178275e-01
2.027981281178362405e+00 3.311868678174605396e+00 -1.998652678507644165e+00 -3.436503273737004927e-01
2.017436196632815815e+00 3.303354876945364893e+00 -1.991098559769520548e+00 -3.249235798892145533e-01
2.006745984937066130e+00 3.303354876945364893e+00 -1.980547908826226999e+00 -3.232018392662625028e-01
1.995916986031372575e+00 3.294841075716124390e+00 -1.972525684785480626e+00 -3.046752992779819813e-01
1.984955622165180511e+00 3.294841075716124390e+00 -1.961692783458589773e+00 -3.030020549297451349e-01
1.973868394088339251e+00 3.286327274486883887e+00 -1.953230053107116726e+00 -2.846907037822775099e-01
1.962661877195765570e+00 3.277813473257642940e+00 -1.944480331677225671e+00 -2.665293303147561188e-01
1.951342717627839285e+00 3.277813473257642940e+00 -1.933266029607835890e+00 -2.649921893255625105e-01
1.939917628328839294e+00 3.269299672028402437e+00 -1.924119977901883605e+00 -2.470682402492113405e-01
1.928393385065763743e+00 3.269299672028402437e+00 -1.912689581905231639e+00 -2.456005106602675570e-01
1.916776822409891778e+00 3.260785870799161934e+00 -1.903177088602858946e+00 -2.279262081132971685e-01
1.905074829683469639e+00 3.260785870799161934e+00 -1.891558122749586790e+00 -2.265347102621548259e-01
1.893294346873928502e+00 3.252272069569920987e+00 -1.881709815367619276e+00 -2.091211482704090074e-01
1.881442360518051693e+00 3.252272069569920987e+00 -1.869930347957134531e+00 -2.078120538867921641e-01
1.869525899558538207e+00 3.243758268340680484e+00 -1.859777502597075971e+00 -1.906691636157868963e-01
1.857552031175415230e+00 3.243758268340680484e+00 -1.847866070376078529e+00 -1.894479730078393598e-01
1.845527856594775473e+00 3.235244467111439981e+00 -1.837440519446460696e+00 -1.725844922454684571e-01
1.833460506877319318e+00 3.235244467111439981e+00 -1.825426050386049548e+00 -1.714560143326081254e-01
1.821357138689207567e+00 3.235244467111439981e+00 -1.813375720692489868e+00 -1.703241681533478324e-01
1.809224930057726777e+00 3.226730665882199478e+00 -1.802671823442728360e+00 -1.538477965654835855e-01
1.797071076114285626e+00 3.226730665882199478e+00 -1.790561991389186591e+00 -1.528142912130465714e-01
1.784902784827267830e+00 3.218216864652958531e+00 -1.779665525188889319e+00 -1.366329745643070082e-01
1.772727272727272929e+00 3.218216864652958531e+00 -1.767525738462085494e+00 -1.357009482101506903e-01
1.760551760627278250e+00 3.218216864652958531e+00 -1.755385951735282113e+00 -1.347689218559943725e-01
1.748383469340260676e+00 3.209703063423718028e+00 -1.744329636985951115e+00 -1.189910643483208658e-01
1.736229615396819304e+00 3.209703063423718028e+00 -1.732203963179882011e+00 -1.181639002610226502e-01
1.724097406765338514e+00 3.201189262194477525e+00 -1.721036526439316150e+00 -1.026895451185677322e-01
1.711994038577226984e+00 3.201189262194477525e+00 -1.708954645993962185e+00 -1.019686523379379067e-01
1.699926688859770607e+00 3.201189262194477525e+00 -1.696908720073788235e+00 -1.012499048655447070e-01
1.687902514279130850e+00 3.192675460965236578e+00 -1.685700741810308712e+00 -8.618530483781473850e-02
1.675928645896007874e+00 3.192675460965236578e+00 -1.673742492654912484e+00 -8.557391200679685672e-02
1.664012184936494387e+00 3.192675460965236578e+00 -1.661841576038419310e+00 -8.496545043292319521e-02
1.652160198580617578e+00 3.184161659735996075e+00 -1.650663468118040322e+00 -7.030957825551979734e-02
1.640379715771076441e+00 3.184161659735996075e+00 -1.638893657522670688e+00 -6.980824625472663303e-02
1.628677723044654302e+00 3.184161659735996075e+00 -1.627202265904422962e+00 -6.931025448973270053e-02
1.617061160388782115e+00 3.175647858506755572e+00 -1.616123552025035215e+00 -5.505870528716898943e-02
1.605536917125706786e+00 3.175647858506755572e+00 -1.604605990776922564e+00 -5.466632067672744927e-02
1.594111827826706795e+00 3.175647858506755572e+00 -1.593187526001190735e+00 -5.427731212219510243e-02
1.582792668258780289e+00 3.175647858506755572e+00 -1.581874929536096541e+00 -5.389191032910580631e-02
1.571586151366207051e+00 3.167134057277515069e+00 -1.571073556667806015e+00 -4.013615209780191373e-02
1.560498923289365347e+00 3.167134057277515069e+00 -1.559989944844726306e+00 -3.985299951844869376e-02
1.549537559423173505e+00 3.167134057277515069e+00 -1.549032156179932063e+00 -3.957306133819025323e-02
1.538708560517479729e+00 3.167134057277515069e+00 -1.538206689302961783e+00 -3.929650357725043841e-02
1.528018348821730488e+00 3.158620256048274122e+00 -1.527796837930295082e+00 -2.601723171438311347e-02
1.517473264276183675e+00 3.158620256048274122e+00 -1.517253282064740638e+00 -2.583768288351939377e-02
1.507079560751946490e+00 3.158620256048274122e+00 -1.506861085275376544e+00 -2.566071158394750071e-02
1.496843402342050044e+00 3.158620256048274122e+00 -1.496626410761649373e+00 -2.548642277032116960e-02
1.486770859705771608e+00 3.158620256048274122e+00 -1.486555328302796131e+00 -2.531491980641819087e-02
1.476867906468366298e+00 3.150106454819033619e+00 -1.476814381545869637e+00 -1.257360789696537751e-02
1.467140415678348297e+00 3.150106454819033619e+00 -1.467087243301389510e+00 -1.249079097442319305e-02
1.457594156324419021e+00 3.150106454819033619e+00 -1.457541329924774587e+00 -1.240951700166413076e-02
1.448234789914106369e+00 3.150106454819033619e+00 -1.448182302718367565e+00 -1.232983417905563449e-02
1.439067867116153421e+00 3.150106454819033619e+00 -1.439015712149742665e+00 -1.225178976331716893e-02
1.430098824468633234e+00 3.150106454819033619e+00 -1.430046994559941220e+00 -1.217543003949409994e-02
1.421332981154757258e+00 3.150106454819033619e+00 -1.421281468939395776e+00 -1.210080029350789517e-02
1.412775535848275199e+00 3.141592653589793116e+00 -1.412775535848275199e+00 1.730151037890277032e-16
1.404431563630351043e+00 3.141592653589793116e+00 -1.404431563630351043e+00 1.719932619021421790e-16
1.396306012979733335e+00 3.141592653589793116e+00 -1.396306012979733335e+00 1.709981689425833084e-16
1.388403702838006737e+00 3.141592653589793116e+00 -1.388403702838006737e+00 1.700304150604897784e-16
1.380729319751672346e+00 3.141592653589793116e+00 -1.380729319751672346e+00 1.690905741922787838e-16
1.373287415092739439e+00 3.141592653589793116e+00 -1.373287415092739439e+00 1.681792037202665987e-16
1.366082402359490411e+00 3.141592653589793116e+00 -1.366082402359490411e+00 1.672968441421076548e-16
1.359118554559008096e+00 3.141592653589793116e+00 -1.359118554559008096e+00 1.664440187502466571e-16
1.352400001673025987e+00 3.141592653589793116e+00 -1.352400001673025987e+00 1.656212333215746388e-16
1.345930728208599936e+00 3.141592653589793116e+00 -1.345930728208599936e+00 1.648289758174728117e-16
1.339714570835053742e+00 3.141592653589793116e+00 -1.339714570835053742e+00 1.640677160944218518e-16
1.333755216108605035e+00 3.141592653589793116e+00 -1.333755216108605035e+00 1.633379056253489379e-16
1.328056198286013512e+00 3.141592653589793116e+00 -1.328056198286013512e+00 1.626399772318768972e-16
1.322620897228554249e+00 3.141592653589793116e+00 -1.322620897228554249e+00 1.619743448276349313e-16
1.317452536397555773e+00 3.141592653589793116e+00 -1.317452536397555773e+00 1.613414031727828517e-16
1.312554180942693494e+00 3.141592653589793116e+00 -1.312554180942693494e+00 1.607415276398945428e-16
1.307928735884170024e+00 3.141592653589793116e+00 -1.307928735884170024e+00 1.601750739913392697e-16
1.303578944389864658e+00 3.141592653589793116e+00 -1.303578944389864658e+00 1.596423781682933348e-16
1.299507386148468058e+00 3.141592653589793116e+00 -1.299507386148468058e+00 1.591437560915065019e-16
1.295716475839572723e+00 3.150106454819033619e+00 -1.295669516241057861e+00 -1.103133925619878206e-02
1.292208461701619404e+00 3.150106454819033619e+00 -1.292161629241208143e+00 -1.100147308192926839e-02
1.288985424198560326e+00 3.150106454819033619e+00 -1.288938708548076351e+00 -1.097403311277347047e-02
1.286049274786014607e+00 3.150106454819033619e+00 -1.286002665548005908e+00 -1.094903562228798956e-02
1.283401754777662385e+00 3.150106454819033619e+00 -1.283355241491568322e+00 -1.092649543549227727e-02
1.281044434312540004e+00 3.150106454819033619e+00 -1.280998006460894567e+00 -1.090642592007649500e-02
1.278978711423852443e+00 3.150106454819033619e+00 -1.278932358438521710e+00 -1.088883897847366979e-02
1.277205811209855657e+00 3.150106454819033619e+00 -1.277159522478305664e+00 -1.087374504080083730e-02
1.275726785107299976e+00 3.150106454819033619e+00 -1.275680549978890133e+00 -1.086115305867334756e-02
1.274542510267864026e+00 3.150106454819033619e+00 -1.274496318060164057e+00 -1.085107049989602473e-02
1.273653689037950398e+00 3.150106454819033619e+00 -1.273607529043075504e+00 -1.084350334403429497e-02
