9.090902144725960810e+00 4.162216250618249043e-07
9.090846576418888603e+00 4.161484268643368099e-07
9.090735445980506313e+00 4.159468149437381686e-07
9.090568765761645409e+00 4.155084196293514904e-07
9.090346554286837133e+00 4.146759202226504730e-07
9.090068836252257256e+00 4.132495205617829329e-07
9.089735642522974501e+00 4.109958242396563852e-07
9.089347010129527504e+00 4.076591619323579239e-07
9.088902982263803665e+00 4.029752721718012319e-07
9.088403608274244760e+00 3.966870174077145108e-07
9.087848943660352674e+00 3.885615502478745481e-07
9.087239050066532542e+00 3.784080629509370720e-07
9.086573995275236015e+00 3.660949971073361599e-07
9.085853853199425956e+00 3.515654036493194345e-07
9.085078703874367889e+00 3.348490665557787732e-07
9.084248633448728683e+00 3.160700682471423822e-07
9.083363734175007309e+00 2.954486969220233117e-07
9.082424104399278164e+00 2.732969726625211329e-07
9.081429848550264694e+00 2.500075751203938134e-07
9.080381077127732681e+00 2.260365453601206284e-07
9.079277906690201405e+00 2.018807457115842605e-07
9.078120459842006440e+00 1.780516224299880870e-07
9.076908865219653677e+00 1.550472544237459073e-07
9.075643257477542747e+00 1.333249251301683477e-07
9.074323777272983449e+00 1.132764813115909288e-07
9.072950571250578022e+00 9.520852690704291897e-08
9.071523792025912414e+00 7.932905808349540635e-08
9.070043598168602728e+00 6.574152390927373304e-08
9.068510154184666661e+00 5.444656750927594768e-08
9.066923630498244790e+00 4.535095283131614322e-08
9.065284203432659282e+00 3.828250338506109492e-08
9.063592055190811791e+00 3.300935293522920172e-08
9.061847373834943653e+00 2.926149399874614151e-08
9.060050353265724610e+00 2.675253788823686436e-08
9.058201193200712709e+00 2.519976593685495326e-08
9.056300099152151617e+00 2.434091930247102850e-08
9.054347282404132002e+00 2.394668290811211970e-08
9.052342959989109872e+00 2.382839134074009176e-08
9.050287354663785422e+00 2.384104217007649162e-08
9.048180694884351283e+00 2.388217597678775846e-08
9.046023214781094168e+00 2.388752231291601513e-08
9.043815154132378353e+00 2.382449151447339917e-08
9.041556758337996769e+00 2.368461419149260566e-08
9.039248278391900371e+00 2.347591626588896681e-08
9.036889970854295129e+00 2.321600641352341664e-08
9.034482097823140379e+00 2.292639098448629893e-08
9.032024926905007689e+00 2.262826427418821188e-08
9.029518731185348202e+00 2.233978683821524309e-08
9.026963789198136467e+00 2.207468644819224403e-08
9.024360384894920983e+00 2.184190639025487725e-08
9.021708807613260106e+00 2.164598240223908701e-08
9.019009352044569994e+00 2.148784120279830825e-08
9.016262318201366810e+00 2.136576327582503104e-08
9.013468011383936940e+00 2.127632192951147138e-08
9.010626742146390811e+00 2.121518328681089191e-08
9.007738826262157161e+00 2.117771568251282595e-08
9.004804584688889335e+00 2.115940497908828629e-08
9.001824343532792483e+00 2.115610244451945336e-08
8.998798434012378777e+00 2.116414566797682283e-08
8.995727192421657747e+00 2.118039438741424024e-08
8.992610960092763506e+00 2.120221673837144430e-08
8.989450083358017096e+00 2.122745164207972377e-08
8.986244913511438170e+00 2.125436313394080661e-08
8.982995806769697111e+00 2.128159439718688248e-08
8.979703124232536027e+00 2.130812391548868507e-08
8.976367231842626637e+00 2.133322339851314774e-08
8.972988500344902363e+00 2.135641635089206035e-08
8.969567305245361055e+00 2.137743655530875862e-08
8.966104026769324165e+00 2.139618660277398500e-08
8.962599049819180763e+00 2.141269741081399426e-08
8.959052763931616425e+00 2.142709014559972208e-08
8.955465563234310977e+00 2.143954203449844260e-08
8.951837846402142418e+00 2.145025728654853889e-08
8.948170016612877475e+00 2.145944386168718242e-08
8.944462481502364781e+00 2.146729628569130709e-08
8.940715653119227113e+00 2.147398420993871652e-08
8.936929947879068692e+00 2.147964603397986894e-08
8.933105786518199309e+00 2.148438667320658585e-08
8.929243594046866406e+00 2.148827845949540527e-08
8.925343799702028846e+00 2.149136418504513433e-08
8.921406836899645754e+00 2.149366140514075713e-08
8.917433143186512368e+00 2.149516727015335511e-08
8.913423160191630501e+00 2.149586333126218993e-08
8.909377333577122471e+00 2.149571993567966257e-08
8.905296112988706270e+00 2.149469998041244439e-08
8.901179952005723095e+00 2.149276192019825617e-08
8.897029308090719013e+00 2.148986202185474859e-08
8.892844642538616284e+00 2.148595592436389568e-08
8.888626420425437047e+00 2.148099960466503606e-08
8.884375110556618438e+00 2.147494986789193993e-08
8.880091185414904942e+00 2.146776448283766006e-08
8.875775121107849941e+00 2.145940207387777646e-08
8.871427397314889163e+00 2.144982186404941170e-08
8.867048497234037541e+00 2.143898334429368934e-08
8.862638907528184617e+00 2.142684592393405023e-08
8.858199118271008032e+00 2.141336859928152046e-08
8.853729622892506868e+00 2.139850966199625162e-08
8.849230918124169065e+00 2.138222645698361729e-08
8.844703503943751599e+00 2.136447519114063875e-08
8.840147883519732019e+00 2.134521078883862824e-08
8.835564563155370976e+00 2.132438678708454795e-08
8.830954052232451446e+00 2.130195526223969646e-08
8.826316863154666237e+00 2.127786678040189189e-08
8.821653511290667993e+00 2.125207036457081204e-08
8.816964514916792339e+00 2.122451347310940904e-08
8.812250395159463068e+00 2.119514198549750998e-08
8.807511675937263362e+00 2.116390019275372387e-08
8.802748883902722810e+00 2.113073079107492233e-08
8.797962548383772230e+00 2.109557487816430879e-08
8.793153201324926727e+00 2.105837195239571786e-08
8.788321377228161424e+00 2.101905991541718289e-08
8.783467613093504767e+00 2.097757507908023457e-08
8.778592448359363587e+00 2.093385217772850603e-08
8.773696424842567509e+00 2.088782438693885959e-08
8.768780086678152230e+00 2.083942334981048033e-08
8.763843980258883448e+00 2.078857921186680910e-08
8.758888654174539212e+00 2.073522066559429188e-08
8.753914659150934696e+00 2.067927500559521946e-08
8.748922547988712495e+00 2.062066819529047690e-08
8.743912875501912652e+00 2.055932494607108650e-08
8.738886198456308207e+00 2.049516880976245517e-08
8.733843075507529363e+00 2.042812228523388999e-08
8.728784067138970926e+00 2.035810693995260063e-08
8.723709735599502579e+00 2.028504354724298301e-08
8.718620644840987310e+00 2.020885223996862112e-08
8.713517360455599103e+00 2.012945268129891029e-08
8.708400449612964778e+00 2.004676425315975970e-08
8.703270480997128189e+00 1.996070626288902808e-08
8.698128024743354558e+00 1.987119816852880521e-08
8.692973652374760718e+00 1.977815982308104709e-08
8.687807936738796144e+00 1.968151173793695003e-08
8.682631451943581880e+00 1.958117536555736539e-08
8.677444773294105573e+00 1.947707340133485101e-08
8.672248477228277963e+00 1.936913010441027528e-08
8.667043141252872118e+00 1.925727163704308232e-08
8.661829343879341891e+00 1.914142642195012370e-08
8.656607664559523130e+00 1.902152551683281691e-08
8.651378683621238963e+00 1.889750300510721355e-08
8.646142982203798510e+00 1.876929640163774420e-08
8.640901142193413875e+00 1.863684707205627649e-08
8.635653746158528321e+00 1.850010066402333525e-08
8.630401377285073394e+00 1.835900754856176195e-08
8.625144619311651439e+00 1.821352326936806139e-08
8.619884056464661271e+00 1.806360899778142873e-08
8.614620273393367000e+00 1.790923199087507910e-08
8.609353855104926012e+00 1.775036604992525448e-08
8.604085386899363641e+00 1.758699197631529916e-08
8.598815454304535422e+00 1.741909802175541604e-08
8.593544643011041373e+00 1.724668032953015714e-08
8.588273538807142060e+00 1.706974336335235944e-08
8.583002727513648011e+00 1.688830032028153244e-08
8.577732794918819792e+00 1.670237352408248793e-08
8.572464326713257421e+00 1.651199479534284830e-08
8.567197908424816433e+00 1.631720579464921269e-08
8.561934125353522163e+00 1.611805833513650444e-08
8.556673562506531994e+00 1.591461466078274032e-08
8.551416804533110039e+00 1.570694768691388144e-08
8.546164435659655112e+00 1.549514119952382136e-08
8.540917039624769558e+00 1.527929001019212626e-08
8.535675199614384923e+00 1.505950006360462710e-08
8.530439498196944470e+00 1.483588849494513120e-08
8.525210517258660303e+00 1.460858363473047993e-08
8.519988837938841542e+00 1.437772495900231143e-08
8.514775040565311315e+00 1.414346298316830887e-08
8.509569704589905470e+00 1.390595909819298006e-08
8.504373408524077860e+00 1.366538534828123270e-08
8.499186729874601554e+00 1.342192414965630231e-08
8.494010245079387289e+00 1.317576795052039055e-08
8.488844529443422715e+00 1.292711883277985944e-08
8.483690157074828875e+00 1.267618805662228726e-08
8.478547700821055244e+00 1.242319554954022003e-08
8.473417732205218655e+00 1.216836934189845704e-08
8.468300821362584330e+00 1.191194495163470332e-08
8.463197536977196123e+00 1.165416472115947451e-08
8.458108446218680854e+00 1.139527710997653880e-08
8.453034114679212507e+00 1.113553594696868388e-08
8.447975106310654070e+00 1.087519964668715460e-08
8.442931983361875226e+00 1.061453039433561799e-08
8.437905306316270782e+00 1.035379330445027460e-08
8.432895633829472715e+00 1.009325555854007670e-08
8.427903522667248737e+00 9.833185527163819548e-09
8.422929527643644221e+00 9.573851882086959811e-09
8.417974201559299985e+00 9.315522704264604649e-09
8.413038095140031203e+00 9.058464593464690808e-09
8.408121756975615924e+00 8.802941785348483119e-09
8.403225733458819846e+00 8.549215281794340490e-09
8.398350568724678666e+00 8.297542000171618974e-09
8.393496804590022009e+00 8.048173947152887707e-09
8.388664980493256706e+00 7.801357422497591745e-09
8.383855633434411203e+00 7.557332258044351612e-09
8.379069297915460623e+00 7.316331096907929845e-09
8.374306505880920071e+00 7.078578717574360950e-09
8.369567786658720365e+00 6.844291407213156576e-09
8.364853666901389317e+00 6.613676388046986976e-09
8.360164670527515440e+00 6.386931300014876005e-09
8.355501318663517196e+00 6.164243742215958046e-09
8.350864129585731988e+00 5.945790874713187395e-09
8.346253618662812457e+00 5.731739081226473449e-09
8.341670298298451414e+00 5.522243692108455926e-09
8.337114677874431834e+00 5.317448765867423213e-09
8.332587263694014368e+00 5.117486926546393194e-09
8.328088558925676566e+00 4.922479253697934827e-09
8.323619063547175401e+00 4.732535221775718219e-09
8.319179274289998816e+00 4.547752686794433927e-09
8.314769684584145892e+00 4.368217920335427814e-09
8.310390784503294270e+00 4.194005694605288880e-09
8.306043060710333492e+00 4.025179427287722019e-09
8.301726996403278491e+00 3.861791401161892414e-09
8.297443071261564995e+00 3.703883080349691745e-09
8.293191761392746386e+00 3.551485551688750777e-09
8.288973539279567149e+00 3.404620124811895628e-09
8.284788873727464420e+00 3.263299126413439724e-09
8.280638229812462114e+00 3.127526921031474148e-09
8.276522068829477163e+00 2.997301180608233622e-09
8.272440848241060962e+00 2.872614406474386315e-09
8.268395021626552932e+00 2.753455679210457667e-09
8.264385038631671065e+00 2.639812573984099165e-09
8.260411344918537679e+00 2.531673132635923819e-09
8.256474382116154587e+00 2.429027731723658133e-09
8.252574587771317027e+00 2.331870632299809272e-09
8.248712395299984124e+00 2.240200948335512917e-09
8.244888233939114741e+00 2.154022733586109542e-09
8.241102528698956320e+00 2.073343869179065708e-09
8.237355700315818652e+00 1.998173444039741619e-09
8.233648165205305958e+00 1.928517364104231663e-09
8.229980335416041015e+00 1.864372008641566262e-09
8.226352618583872456e+00 1.805715874305598185e-09
8.222765417886567008e+00 1.752499307189848798e-09
8.219219131999002670e+00 1.704632613109263542e-09
8.215714155048861045e+00 1.661973044947804923e-09
8.212250876572822378e+00 1.624311377416522931e-09
8.208829681473281070e+00 1.591358974999302746e-09
8.205450949975558572e+00 1.562736417527523337e-09
8.202115057585647406e+00 1.537964849157854064e-09
8.198822375048486322e+00 1.516461242161542154e-09
8.195573268306745263e+00 1.497538702814846386e-09
8.192368098460166337e+00 1.480412784957346801e-09
8.189207221725419927e+00 1.464214517249194046e-09
8.186090989396525686e+00 1.448010501101065698e-09
8.183019747805804656e+00 1.430830014494136120e-09
8.179993838285390950e+00 1.411698587063322007e-09
8.177013597129294098e+00 1.389677024738996998e-09
8.174079355556026272e+00 1.363904392770814475e-09
8.171191439671794399e+00 1.333643050235466162e-09
8.168350170434246493e+00 1.298323501625627658e-09
8.165555863616816623e+00 1.257586621703884564e-09
8.162808829773613439e+00 1.211320741160602330e-09
8.160109374204923327e+00 1.159691166143973078e-09
8.157457796923262450e+00 1.103159947238919431e-09
8.154854392620046966e+00 1.042494104711692164e-09
8.152299450632835232e+00 9.787610378741895834e-10
8.149793254913175744e+00 9.133104689216880231e-10
8.147336083995043055e+00 8.477429597414890634e-10
8.144928210963888304e+00 7.838657531807649432e-10
8.142569903426283062e+00 7.236373851358489360e-10
8.140261423480186664e+00 6.691031483541506356e-10
8.138003027685805080e+00 6.223240243256306850e-10
8.135794967037089265e+00 5.853021034056480443e-10
8.133637486933832150e+00 5.599057606816650835e-10
8.131530827154398011e+00 5.477979308881303741e-10
8.129475221829073561e+00 5.503707249339802921e-10
8.127470899414051431e+00 5.686893588075283333e-10
8.125518082666031816e+00 6.034479381306232503e-10
8.123616988617470724e+00 6.549390826626302347e-10
8.121767828552458823e+00 7.230387160944504037e-10
8.119970807983239780e+00 8.072066243394774693e-10
8.118226126627371642e+00 9.065026401389099875e-10
8.116533978385524151e+00 1.019617583812053803e-09
8.114894551319938643e+00 1.144917418408525074e-09
8.113308027633516772e+00 1.280498497507020334e-09
8.111774583649580705e+00 1.424251324682271166e-09
8.110294389792271019e+00 1.573929926995329147e-09
8.108867610567605411e+00 1.727223783806042918e-09
8.107494404545199984e+00 1.881829250552318083e-09
8.106174924340640686e+00 2.035517569375754656e-09
8.104909316598529756e+00 2.186196850252414565e-09
8.103697721976176993e+00 2.331965815696132283e-09
8.102540275127982028e+00 2.471157601018161349e-09
8.101437104690450752e+00 2.602372458418903173e-09
8.100388333267918739e+00 2.724498792617891434e-09
8.099394077418905269e+00 2.836722524512427570e-09
8.098454447643176124e+00 2.938525305977170644e-09
8.097569548369454751e+00 3.029672566492828664e-09
8.096739477943815544e+00 3.110192739606026483e-09
8.095964328618757477e+00 3.180349280431180903e-09
8.095244186542947418e+00 3.240607237969849123e-09
8.094579131751650891e+00 3.291596189238532551e-09
8.093969238157830759e+00 3.334071284337957396e-09
8.093414573543938673e+00 3.368874006978276596e-09
8.092915199554379768e+00 3.396894042725754969e-09
8.092471171688655929e+00 3.419033389370630879e-09
8.092082539295208932e+00 3.436173563737459129e-09
8.091749345565926177e+00 3.449146479746104625e-09
8.091471627531346300e+00 3.458709314331206164e-09
8.091249416056538024e+00 3.465523457918923541e-09
8.091082735837677120e+00 3.470137477094907894e-09
8.090971605399294830e+00 3.472973905809206987e-09
8.090916037092222624e+00 3.474319629440491165e-09
