3.367000794342947956e-03 1.223687069898717588e-48
6.734001588685895913e-03 -1.020542322944506218e-47
1.010100238302884430e-02 5.674384261540116956e-47
1.346800317737179183e-02 -2.604200985392059020e-46
1.683500397171474108e-02 1.027002693591028883e-45
2.020200476605768861e-02 -3.312677326574735564e-45
2.356900556040063613e-02 5.883408827475516739e-45
2.693600635474358365e-02 1.283174690628647182e-44
3.030300714908653117e-02 -1.267097624699095740e-43
3.367000794342948217e-02 8.457105301592022080e-43
3.703700873777242969e-02 -5.021333487137282304e-42
4.040400953211537721e-02 1.668461994585701874e-41
4.377101032645832474e-02 6.497796562315067188e-41
4.713801112080127226e-02 -2.949330177540965949e-40
5.050501191514421978e-02 1.539887216360444231e-39
5.387201270948716730e-02 -1.282605663819548373e-38
5.723901350383011483e-02 4.786993165412169978e-38
6.060601429817306235e-02 -1.257706139512532367e-37
6.397301509251601681e-02 -1.232824861355726731e-37
6.734001588685896433e-02 6.592117892340577933e-37
7.070701668120191186e-02 -1.840490217302889307e-35
7.407401747554485938e-02 5.060254802257380901e-35
7.744101826988780690e-02 -2.519470223435997561e-34
8.080801906423075442e-02 9.969320230131560806e-34
8.417501985857370195e-02 -2.829203946666011950e-33
8.754202065291664947e-02 -1.571181803728023601e-31
9.090902144725959699e-02 6.110161810344990661e-31
9.427602224160254452e-02 1.620523839532681467e-29
9.764302303594549204e-02 2.729372529244709133e-28
1.010100238302884396e-01 2.931104536188791089e-27
1.043770246246313871e-01 2.788683127302688381e-26
1.077440254189743346e-01 1.582920069126810828e-25
1.111110262133172821e-01 1.357642671142300743e-24
1.144780270076602297e-01 8.471939493762021921e-24
1.178450278020031772e-01 2.126391518520254624e-22
1.212120285963461247e-01 7.817733559611111402e-22
1.245790293906890722e-01 2.788867343545032886e-21
1.279460301850320336e-01 8.006479607890535792e-21
1.313130309793749673e-01 2.178075449770372017e-20
1.346800317737179287e-01 6.631075391932385287e-20
1.380470325680608623e-01 1.954294939501214584e-19
1.414140333624038237e-01 9.903577540706181463e-19
1.447810341567467574e-01 1.514650022782433777e-18
1.481480349510897188e-01 2.283311446115965112e-18
1.515150357454326524e-01 2.854866074466235911e-18
1.548820365397756138e-01 3.438510718471808044e-18
1.582490373341185474e-01 3.770663536513654582e-18
1.616160381284615088e-01 5.529098771631695719e-18
1.649830389228044425e-01 5.062341155704397533e-18
1.683500397171474039e-01 5.832788362053425496e-18
1.717170405114903375e-01 5.372041270082296960e-18
1.750840413058332989e-01 6.289472932367764113e-18
1.784510421001762326e-01 6.557478043121171553e-18
1.818180428945191940e-01 6.777515919218112863e-18
1.851850436888621276e-01 5.474018857903741118e-18
1.885520444832050890e-01 5.758757552061512997e-18
1.919190452775480227e-01 5.672199362896964599e-18
1.952860460718909841e-01 6.390552708172792198e-18
1.986530468662339177e-01 6.208465908769696330e-18
2.020200476605768791e-01 5.416579961445027106e-18
2.053870484549198128e-01 5.512931376435541233e-18
2.087540492492627742e-01 6.745616049910420234e-18
2.121210500436057078e-01 5.766405070681271755e-18
2.154880508379486692e-01 1.651369137804990225e-17
2.188550516322916306e-01 4.850815774643766661e-18
2.222220524266345643e-01 6.511994093666028531e-18
2.255890532209775257e-01 5.689635969162252681e-18
2.289560540153204593e-01 6.399497555551160649e-18
2.323230548096634207e-01 5.571479519211548675e-18
2.356900556040063544e-01 5.217001551330314834e-18
2.390570563983493158e-01 5.251066995987607358e-18
2.424240571926922494e-01 6.104976542334538045e-18
2.457910579870352108e-01 6.835083263927092789e-18
2.491580587813781444e-01 4.736016209060878715e-18
2.525250595757210781e-01 5.188339919967492056e-18
2.558920603700640672e-01 5.466609126765559521e-18
2.592590611644070009e-01 5.629827666401361334e-18
2.626260619587499345e-01 5.753753026713294657e-18
2.659930627530928682e-01 4.666718394073519682e-18
2.693600635474358573e-01 -8.540997459551129575e-17
2.727270643417787910e-01 4.684360232905042951e-18
2.760940651361217246e-01 5.092988899650238916e-18
2.794610659304646583e-01 5.989802526196790137e-18
2.828280667248076474e-01 5.247473313505662871e-18
2.861950675191505811e-01 5.125910836541212502e-18
2.895620683134935147e-01 5.373744508419876822e-18
2.929290691078364484e-01 4.400725838360429552e-18
2.962960699021794375e-01 5.130597197306929262e-18
2.996630706965223712e-01 5.975599269539313465e-18
3.030300714908653048e-01 4.315305254836490615e-18
3.063970722852082385e-01 4.512642214079487492e-18
3.097640730795512276e-01 5.402581331483215099e-18
3.131310738738941613e-01 5.358840611004669946e-18
3.164980746682370949e-01 5.957962953010828181e-18
3.198650754625800285e-01 4.688017519064460761e-18
3.232320762569230177e-01 6.153713681089408141e-18
3.265990770512659513e-01 5.142746464864852514e-18
3.299660778456088850e-01 4.763885456675584098e-18
3.333330786399518741e-01 3.992171158854922421e-18
3.367000794342948078e-01 4.780457509330573650e-18
3.400670802286377414e-01 4.475205763136091537e-18
3.434340810229806751e-01 4.627845490606226885e-18
3.468010818173236642e-01 4.379643272985279259e-18
3.501680826116665979e-01 5.317150270458141269e-18
3.535350834060095315e-01 4.309855455368749686e-18
3.569020842003524652e-01 4.551412485762649523e-18
3.602690849946954543e-01 7.424587840194087241e-18
3.636360857890383880e-01 4.263735548346014162e-18
3.670030865833813216e-01 4.721833296532176261e-18
3.703700873777242553e-01 4.460135862736056243e-18
3.737370881720672444e-01 4.554486656642853817e-18
3.771040889664101781e-01 4.386732725447114669e-18
3.804710897607531117e-01 5.138456978372720622e-18
3.838380905550960454e-01 4.370702496957169845e-18
3.872050913494390345e-01 4.051152698362665845e-18
3.905720921437819682e-01 4.197733947501483150e-18
3.939390929381249018e-01 4.950702721916111100e-18
3.973060937324678354e-01 4.308693850182373276e-18
4.006730945268108246e-01 5.919067593503213971e-18
4.040400953211537582e-01 3.835157571783693222e-18
4.074070961154966919e-01 4.893799975774721886e-18
4.107740969098396255e-01 3.902398506049505512e-18
4.141410977041826147e-01 4.609782179658317435e-18
4.175080984985255483e-01 3.714666083138523423e-18
4.208750992928684820e-01 4.078215267610054240e-18
4.242421000872114156e-01 3.165240614071042367e-18
4.276091008815544048e-01 3.920863695190058366e-18
4.309761016758973384e-01 3.911324984046207501e-18
4.343431024702402721e-01 3.847107383968876435e-18
4.377101032645832612e-01 3.811521182409980220e-18
4.410771040589261949e-01 4.216878133036227311e-18
4.444441048532691285e-01 -2.935057981461006038e-18
4.478111056476120622e-01 4.017377132980838461e-18
4.511781064419550513e-01 3.848825253464034879e-18
4.545451072362979850e-01 3.597179244578545851e-18
4.579121080306409186e-01 4.255416138858648031e-18
4.612791088249838523e-01 3.732403520590987650e-18
4.646461096193268414e-01 3.492007656083704956e-18
4.680131104136697751e-01 3.824884316119432899e-18
4.713801112080127087e-01 3.489483436884950897e-18
4.747471120023556423e-01 3.818523871626334492e-18
4.781141127966986315e-01 3.942821064432261388e-18
4.814811135910415651e-01 3.728450714641489696e-18
4.848481143853844988e-01 3.366748001713687486e-18
4.882151151797274324e-01 4.895516217193833387e-18
4.915821159740704216e-01 3.174878119181502212e-18
4.949491167684133552e-01 -2.241589454196456660e-17
4.983161175627562889e-01 3.478264014267458570e-18
5.016831183570992225e-01 3.552693948575535224e-18
5.050501191514421562e-01 3.656713323469578997e-18
5.084171199457850898e-01 3.891981196001535112e-18
5.117841207401281345e-01 3.958122025525336977e-18
5.151511215344710681e-01 3.783442428170675764e-18
5.185181223288140018e-01 3.768999247547827141e-18
5.218851231231569354e-01 4.265904717277885712e-18
5.252521239174998691e-01 3.520541791783745694e-18
5.286191247118428027e-01 3.831918061553430609e-18
5.319861255061857364e-01 3.525032845509314106e-18
5.353531263005286700e-01 3.266138211061216455e-18
5.387201270948717147e-01 3.747571188029412048e-18
5.420871278892146483e-01 3.050435441204048516e-18
5.454541286835575820e-01 3.244915631768644817e-18
5.488211294779005156e-01 3.933445162601586531e-18
5.521881302722434492e-01 3.249395191575470140e-18
5.555551310665863829e-01 3.300658659856546776e-18
5.589221318609293165e-01 3.769952340732557809e-18
5.622891326552723612e-01 3.761605817393554982e-18
5.656561334496152949e-01 3.574461234312593183e-18
5.690231342439582285e-01 3.699577521516283021e-18
5.723901350383011621e-01 3.339665934876724721e-18
5.757571358326440958e-01 3.566672689099708040e-18
5.791241366269870294e-01 4.033900794109586406e-18
5.824911374213299631e-01 3.363294509040759698e-18
5.858581382156728967e-01 3.638392258575464388e-18
5.892251390100159414e-01 3.677286248124999196e-18
5.925921398043588750e-01 3.156002820126204829e-18
5.959591405987018087e-01 3.208032987951038551e-18
5.993261413930447423e-01 3.282043470381820853e-18
6.026931421873876760e-01 3.174427683941989738e-18
6.060601429817306096e-01 3.550956415396809040e-18
6.094271437760735433e-01 3.165270172758433616e-18
6.127941445704164769e-01 3.343241794559908408e-18
6.161611453647595216e-01 3.036918617230305906e-18
6.195281461591024552e-01 4.603390123437107951e-18
6.228951469534453889e-01 3.440997654905785316e-18
6.262621477477883225e-01 3.418165883483530680e-18
6.296291485421312561e-01 3.209336268157439063e-18
6.329961493364741898e-01 3.305167355432620602e-18
6.363631501308171234e-01 3.171020305182967782e-18
6.397301509251600571e-01 3.461736350382082056e-18
6.430971517195031018e-01 3.320743564957519344e-18
6.464641525138460354e-01 3.393509934865903834e-18
6.498311533081889690e-01 3.150229082810288050e-18
6.531981541025319027e-01 3.032091718454277480e-18
6.565651548968748363e-01 3.118397637487946339e-18
6.599321556912177700e-01 3.173729570672429327e-18
6.632991564855607036e-01 3.490962734201625396e-18
6.666661572799037483e-01 3.457169471115710282e-18
6.700331580742466819e-01 3.107074467009117746e-18
6.734001588685896156e-01 3.228453107548287271e-18
6.767671596629325492e-01 3.131024031056667262e-18
6.801341604572754829e-01 3.179853637402542060e-18
6.835011612516184165e-01 2.896293980122867998e-18
6.868681620459613502e-01 3.282037166755769465e-18
6.902351628403042838e-01 3.153554310486794980e-18
6.936021636346473285e-01 3.186048721661641388e-18
6.969691644289902621e-01 4.791728608018417569e-18
7.003361652233331958e-01 9.447987895489744943e-18
7.037031660176761294e-01 1.904555935015250021e-17
7.070701668120190631e-01 3.475981382818253093e-17
7.104371676063619967e-01 5.795704976164471383e-17
7.138041684007049303e-01 8.656900111227711519e-17
7.171711691950478640e-01 1.233415803906422292e-16
7.205381699893909087e-01 2.186636490788633625e-16
7.239051707837338423e-01 4.785526860984157085e-16
7.272721715780767759e-01 1.046631740850304385e-15
7.306391723724197096e-01 2.099836545997605383e-15
7.340061731667626432e-01 3.728623195845467639e-15
7.373731739611055769e-01 5.886970601494192661e-15
7.407401747554485105e-01 8.303830629893905864e-15
7.441071755497914442e-01 1.186920242645096609e-14
7.474741763441344888e-01 2.216500662428969765e-14
7.508411771384774225e-01 4.914792680840784841e-14
7.542081779328203561e-01 1.050586673373590572e-13
7.575751787271632898e-01 2.044282981836165864e-13
7.609421795215062234e-01 3.536469994757476271e-13
7.643091803158491571e-01 5.445375545911902789e-13
7.676761811101920907e-01 7.514541654213823790e-13
7.710431819045351354e-01 1.036405408376217275e-12
7.744101826988780690e-01 1.880214190421202183e-12
7.777771834932210027e-01 4.191272858014036171e-12
7.811441842875639363e-01 9.021345240096881635e-12
7.845111850819068700e-01 1.747542068898301111e-11
7.878781858762498036e-01 3.066564941059310591e-11
7.912451866705927372e-01 4.841310401988470386e-11
7.946121874649356709e-01 6.840935813158945946e-11
7.979791882592787156e-01 9.069437463793284614e-11
8.013461890536216492e-01 1.398139415267411437e-10
8.047131898479645828e-01 2.925523794907249991e-10
8.080801906423075165e-01 6.513796301505778747e-10
8.114471914366504501e-01 1.324152280900758789e-09
8.148141922309933838e-01 2.412632796478753586e-09
8.181811930253363174e-01 4.031516264080877808e-09
8.215481938196792511e-01 6.074977710900284332e-09
8.249151946140222957e-01 8.354424242470671497e-09
8.282821954083652294e-01 1.104741920151727180e-08
8.316491962027081630e-01 1.763003155755946036e-08
8.350161969970510967e-01 3.699354354434444986e-08
8.383831977913940303e-01 7.983759667851999763e-08
8.417501985857369640e-01 1.574965523539218778e-07
8.451171993800798976e-01 2.823132949906897112e-07
8.484842001744228313e-01 4.599825968437276796e-07
8.518512009687658759e-01 6.905192162715370909e-07
8.552182017631088096e-01 9.566675848332002907e-07
8.585852025574517432e-01 1.267243630376767239e-06
8.619522033517946769e-01 1.854378082143378210e-06
8.653192041461376105e-01 3.372901480523941338e-06
8.686862049404805441e-01 6.717289165520383606e-06
8.720532057348234778e-01 1.306389637243835686e-05
8.754202065291665225e-01 2.392904130325071365e-05
8.787872073235094561e-01 4.112945520594934253e-05
8.821542081178523897e-01 6.661232836456514462e-05
8.855212089121953234e-01 1.019654915051046727e-04
8.888882097065382570e-01 1.468918956717805990e-04
8.922552105008811907e-01 2.126498685342030300e-04
8.956222112952241243e-01 2.840019159121044950e-04
8.989892120895670580e-01 3.517455019393982900e-04
9.023562128839101026e-01 4.158146405756373205e-04
9.057232136782530363e-01 4.703290558736824872e-04
9.090902144725959699e-01 5.104298614097845009e-04
9.124572152669389036e-01 5.338176210468153354e-04
9.158242160612818372e-01 5.403517973517169915e-04
9.191912168556247709e-01 5.324878407958772569e-04
9.225582176499677045e-01 5.102762973388678741e-04
9.259252184443106382e-01 4.764891594779602679e-04
9.292922192386536828e-01 4.351180980994844450e-04
9.326592200329966165e-01 3.877744754466990102e-04
9.360262208273395501e-01 3.380094638391664664e-04
9.393932216216824838e-01 2.878780455959457311e-04
9.427602224160254174e-01 2.392564950774533450e-04
9.461272232103683510e-01 1.940529940967825983e-04
9.494942240047112847e-01 1.534148810063287543e-04
9.528612247990542183e-01 1.180141367752202445e-04
9.562282255933972630e-01 8.810208416863735570e-05
9.595952263877401966e-01 6.354199204568154453e-05
9.629622271820831303e-01 4.411618685077693918e-05
9.663292279764260639e-01 2.923643073248725425e-05
9.696962287707689976e-01 1.834409131581805192e-05
9.730632295651119312e-01 1.069126279339540223e-05
9.764302303594548649e-01 5.645517040082985056e-06
9.797972311537979095e-01 2.595507253143420803e-06
9.831642319481408432e-01 1.205305396903158633e-06
9.865312327424837768e-01 9.603059874396407539e-07
9.898982335368267105e-01 8.185308680599290998e-07
9.932652343311696441e-01 5.867911130857562522e-07
9.966322351255125778e-01 2.938287860153617579e-07
