9.999992359198555114e-01 6.256826777879446363e-06
9.999931234060777108e-01 5.631074533815586696e-05
9.999808990578556989e-01 1.564149129175862094e-04
9.999625642337809373e-01 3.065621683851899298e-04
9.999381209715521024e-01 5.067421373248883528e-04
9.999075719877481561e-01 7.569414606445290473e-04
9.998709206775271419e-01 1.057143761064552713e-03
9.998281711142479322e-01 1.407329087235069560e-03
9.997793280490183676e-01 1.807472545773589588e-03
9.997243969101667904e-01 2.257541823401873222e-03
9.996633838026386387e-01 2.757493316518664327e-03
9.995962955073185441e-01 3.307266624745066556e-03
9.995231394802758240e-01 3.906777227685914559e-03
9.994439238519368107e-01 4.555907248469415714e-03
9.993586574261803523e-01 5.254494310290245065e-03
9.992673496793600396e-01 6.002318608583322168e-03
9.991700107592507152e-01 6.799088445773211753e-03
9.990666514839205981e-01 7.644424600958388445e-03
9.989572833405291341e-01 8.537844025844504650e-03
9.988419184840504617e-01 9.478743462839497175e-03
9.987205697359221590e-01 1.046638366368029226e-02
9.985932505826204952e-01 1.149987494009103647e-02
9.984599751741618512e-01 1.257816479576331914e-02
9.983207583225296444e-01 1.370002836705501957e-02
9.981756155000280906e-01 1.486406233605511509e-02
9.980245628375634670e-01 1.606868287440652368e-02
9.978676171228502145e-01 1.731212803262529437e-02
9.977047957985460958e-01 1.859246481348391170e-02
9.975361169603131906e-01 1.990760096782112284e-02
9.973615993548068381e-01 2.125530133755432552e-02
9.971812623775924145e-01 2.263320835593336106e-02
9.969951260709892793e-01 2.403886611217224273e-02
9.968032111218436686e-01 2.546974720937413700e-02
9.966055388592296449e-01 2.692328150286707120e-02
9.964021312520783269e-01 2.839688571040042270e-02
9.961930109067366201e-01 2.988799284299466924e-02
9.959782010644543382e-01 3.139408041901775581e-02
9.957577255988019349e-01 3.291269649391663499e-02
9.955316090130164053e-01 3.444148265975636308e-02
9.952998764372786855e-01 3.597819333452036833e-02
9.950625536259203319e-01 3.752071086020070806e-02
9.948196669545614768e-01 3.906705614805034560e-02
9.945712434171796179e-01 4.061539483477618478e-02
9.943173106231089076e-01 4.216403913061460978e-02
9.940578967939723842e-01 4.371144573583454762e-02
9.937930307605453706e-01 4.525621036490921900e-02
9.935227419595507037e-01 4.679705953883144670e-02
9.932470604303882400e-01 4.833284038057059778e-02
9.929660168117949715e-01 4.986250917480929828e-02
9.926796423384413037e-01 5.138511943268507520e-02
9.923879688374586117e-01 5.289981014028017486e-02
9.920910287249025128e-01 5.440579477361209143e-02
9.917888550021503047e-01 5.590235154222749497e-02
9.914814812522330101e-01 5.738881518850850322e-02
9.911689416361028071e-01 5.886457053083711533e-02
9.908512708888371767e-01 6.032904780548559859e-02
9.905285043157777691e-01 6.178171974276164269e-02
9.902006777886070976e-01 6.322210021387526802e-02
9.898678277413615056e-01 6.464974421036678853e-02
9.895299911663821835e-01 6.606424886961383136e-02
9.891872056102037902e-01 6.746525523762554599e-02
9.888395091693817918e-01 6.885245046186964923e-02
9.884869404862580700e-01 7.022557012861350978e-02
9.881295387446666911e-01 7.158440049656021598e-02
9.877673436655789452e-01 7.292878042630500379e-02
9.874003955026887658e-01 7.425860285819529949e-02
9.870287350379391977e-01 7.557381574483913733e-02
9.866524035769895784e-01 7.687442239478303740e-02
9.862714429446254316e-01 7.816048122773033846e-02
9.858858954801098529e-01 7.943210497709070339e-02
9.854958040324777180e-01 8.068945940165671293e-02
9.851012119557740476e-01 8.193276158474181725e-02
9.847021631042355283e-01 8.316227790688335286e-02
9.842987018274165223e-01 8.437832177847481852e-02
9.838908729652601215e-01 8.558125121303171434e-02
9.834787218431149114e-01 8.677146631194491977e-02
9.830622942666975561e-01 8.794940671920596642e-02
9.826416365170018707e-01 8.911554909120376899e-02
9.822167953451551581e-01 9.027040461350739620e-02
9.817878179672230310e-01 9.141451658447440065e-02
9.813547520589609441e-01 9.254845807513380207e-02
9.809176457505163205e-01 9.367282966637716091e-02
9.804765476210792752e-01 9.478825725807320246e-02
9.800315066934833785e-01 9.589538994016845452e-02
9.795825724287576808e-01 9.699489791285646756e-02
9.791297947206293317e-01 9.808747044117067937e-02
9.786732238899790159e-01 9.917381382853870941e-02
9.782129106792477602e-01 1.002546493936049693e-01
9.777489062467981107e-01 1.013307114347438559e-01
9.772812621612279038e-01 1.024027451669514144e-01
9.768100303956395170e-01 1.034715046161108903e-01
9.763352633218633780e-01 1.045377504559386606e-01
9.758570137046377324e-01 1.056022477732430076e-01
9.753753346957440007e-01 1.066657637475366682e-01
9.748902798281001703e-01 1.077290652316288538e-01
9.744019030098107770e-01 1.087929162206924122e-01
9.739102585181756977e-01 1.098580751985828025e-01
9.734154009936584195e-01 1.109252923519846168e-01
9.729173854338126759e-01 1.119953066453884538e-01
9.724162671871704466e-01 1.130688427530357337e-01
9.719121019470906564e-01 1.141466078478803603e-01
9.714049457455695702e-01 1.152292882523386353e-01
9.708948549470131084e-01 1.163175459611486134e-01
9.703818862419734126e-01 1.174120150530192086e-01
9.698660966408472195e-01 1.185132980148674298e-01
9.693475434675408176e-01 1.196219620102566411e-01
9.688262843530989210e-01 1.207385351320332950e-01
9.683023772292993492e-01 1.218635026879926891e-01
9.677758803222148432e-01 1.229973035775094314e-01
9.672468521457419088e-01 1.241403268262461224e-01
9.667153514950976856e-01 1.252929083550859968e-01
9.661814374402855066e-01 1.264553280680676961e-01
9.656451693195300390e-01 1.276278073520638601e-01
9.651066067326823372e-01 1.288105070879606850e-01
9.645658095345965855e-01 1.300035262788674928e-01
9.640228378284770860e-01 1.312069014051169547e-01
9.634777519591992689e-01 1.324206066182191943e-01
9.629306125066026123e-01 1.336445548862288668e-01
9.623814802787582501e-01 1.348786002009045581e-01
9.618304163052102673e-01 1.361225409523559027e-01
9.612774818301939028e-01 1.373761245693716215e-01
9.607227383058281056e-01 1.386390535131277468e-01
9.601662473852866642e-01 1.399109926983643781e-01
9.596080709159452438e-01 1.411915783992784001e-01
9.590482709325085509e-01 1.424804286772833883e-01
9.584869096501158481e-01 1.437771553444008310e-01
9.579240494574259301e-01 1.450813774494395247e-01
9.573597529096840031e-01 1.463927362443473434e-01
9.567940827217689126e-01 1.477109115553489060e-01
9.562271017612236079e-01 1.490356394478803970e-01
9.556588730412673982e-01 1.503667310361703202e-01
9.550894597137939979e-01 1.517040922478992415e-01
9.545189250623515864e-01 1.530477443121186776e-01
9.539473324951104338e-01 1.543978446950102501e-01
9.533747455378158708e-01 1.557547081637439823e-01
9.528012278267274926e-01 1.571188276143977158e-01
9.522268431015474821e-01 1.584908942565410594e-01
9.516516551983361660e-01 1.598718167057621153e-01
9.510757280424176896e-01 1.612627384974156530e-01
9.504991256412753664e-01 1.626650535017083177e-01
9.499219120774380354e-01 1.640804186936420384e-01
9.493441515013580911e-01 1.655107637132497700e-01
9.487659081242816317e-01 1.669582966441050254e-01
9.481872462111127220e-01 1.684255054435144783e-01
9.476082300732703301e-01 1.699151544784066326e-01
9.470289240615417103e-01 1.714302756589403121e-01
9.464493925589300138e-01 1.729741537192526768e-01
9.458696999734987898e-01 1.745503052731664229e-01
9.452899107312144888e-01 1.761624513730200570e-01
9.447100892687855245e-01 1.778144834222238624e-01
9.441303000265012235e-01 1.795104224357225164e-01
9.435506074410699995e-01 1.812543718050599328e-01
9.429710759384583030e-01 1.830504639025818114e-01
9.423917699267296832e-01 1.849028010474014494e-01
9.418127537888874024e-01 1.868153915475983251e-01
9.412340918757183816e-01 1.887920817210239077e-01
9.406558484986419222e-01 1.908364849724543122e-01
9.400780879225619779e-01 1.929519091586567314e-01
9.395008743587246469e-01 1.951412835964174419e-01
9.389242719575823237e-01 1.974070871537542127e-01
9.383483448016638473e-01 1.997512789049575854e-01
9.377731568984525312e-01 2.021752328215086214e-01
9.371987721732725207e-01 2.046796779116049070e-01
9.366252544621841425e-01 2.072646451122442668e-01
9.360526675048895795e-01 2.099294220836862568e-01
9.354810749376484269e-01 2.126725168635025254e-01
9.349105402862060155e-01 2.154916311153300679e-01
9.343411269587326151e-01 2.183836434664676029e-01
9.337728982387765164e-01 2.213446031798202429e-01
9.332059172782311007e-01 2.243697341606022966e-01
9.326402470903160102e-01 2.274534490668366216e-01
9.320759505425740832e-01 2.305893730837576261e-01
9.315130903498841652e-01 2.337703767423401080e-01
9.309517290674914625e-01 2.369886170157419758e-01
9.303919290840547696e-01 2.402355858165169389e-01
9.298337526147133492e-01 2.435021649419875089e-01
9.292772616941719077e-01 2.467786864732772756e-01
9.287225181698061105e-01 2.500549976219079151e-01
9.281695836947897460e-01 2.533205290323184422e-01
9.276185197212418743e-01 2.565643655843831139e-01
9.270693874933974010e-01 2.597753187920968654e-01
9.265222480408007444e-01 2.629419999583466616e-01
9.259771621715229273e-01 2.660528933168281318e-01
9.254341904654034279e-01 2.690964284670029349e-01
9.248933932673175651e-01 2.720610514835195004e-01
9.243548306804699743e-01 2.749352941553965812e-01
9.238185625597145068e-01 2.777078408808022481e-01
9.232846485049023277e-01 2.803675928093596892e-01
9.227531478542581045e-01 2.829037288849271525e-01
9.222241196777851702e-01 2.853057634975295631e-01
9.216976227707006641e-01 2.875636005036257270e-01
9.211737156469010923e-01 2.896675834194467059e-01
9.206524565324591958e-01 2.916085416331756774e-01
9.201339033591527938e-01 2.933778325187227920e-01
9.196181137580266007e-01 2.949673793672988320e-01
9.191051450529867939e-01 2.963697050833972724e-01
9.185950542544304431e-01 2.975779616196089772e-01
9.180878980529093569e-01 2.985859551503116660e-01
9.175837328128295667e-01 2.993881670080210111e-01
9.170826145661873374e-01 2.999797704283387878e-01
9.165845990063415938e-01 3.003566431701595874e-01
9.160897414818243156e-01 3.005153760972593124e-01
9.155980969901892363e-01 3.004532778256557290e-01
9.151097201718998431e-01 3.001683755582425506e-01
9.146246653042560126e-01 2.996594122441637587e-01
9.141429862953622809e-01 2.989258402151671601e-01
9.136647366781366353e-01 2.979678114647430487e-01
9.131899696043604964e-01 2.967861647481011556e-01
9.127187378387721095e-01 2.953824096919754894e-01
9.122510937532019026e-01 2.937587081127205346e-01
9.117870893207522531e-01 2.919178527491954611e-01
9.113267761100209974e-01 2.898632436234083731e-01
9.108702052793706816e-01 2.875988622468105271e-01
9.104174275712423325e-01 2.851292438934567852e-01
9.099684933065166348e-01 2.824594481629652543e-01
9.095234523789207381e-01 2.795950280563406776e-01
9.090823542494836929e-01 2.765419977863112777e-01
9.086452479410390692e-01 2.733067995408835493e-01
9.082121820327769823e-01 2.698962694144720342e-01
9.077832046548448552e-01 2.663176027152356906e-01
9.073583634829982536e-01 2.625783188503205134e-01
9.069377057333024572e-01 2.586862259826556154e-01
9.065212781568851019e-01 2.546493856439421277e-01
9.061091270347398918e-01 2.504760774786629063e-01
9.057012981725834910e-01 2.461747642835059868e-01
9.052978368957644850e-01 2.417540574957122157e-01
9.048987880442259657e-01 2.372226832727271362e-01
9.045041959675222953e-01 2.325894492943365033e-01
9.041141045198901605e-01 2.278632124074084775e-01
9.037285570553745817e-01 2.230528472226098458e-01
9.033475964230104349e-01 2.181672157622031594e-01
9.029712649620609266e-01 2.132151382483908619e-01
9.025996044973112475e-01 2.082053651127983018e-01
9.022326563344211792e-01 2.031465502996460948e-01
9.018704612553333222e-01 1.980472259280173786e-01
9.015130595137419434e-01 1.929157783723676189e-01
9.011604908306182216e-01 1.877604258150292749e-01
9.008127943897962231e-01 1.825891973198261742e-01
9.004700088336178299e-01 1.774099134718951920e-01
9.001321722586385077e-01 1.722301686252553365e-01
8.997993222113929157e-01 1.670573147963285154e-01
8.994714956842222442e-01 1.618984472382803130e-01
8.991487291111628366e-01 1.567603917274514591e-01
8.988310583638972062e-01 1.516496935890337405e-01
8.985185187477671143e-01 1.465726084842743637e-01
8.982111449978497086e-01 1.415350949756489507e-01
8.979089712750975005e-01 1.365428088794465589e-01
8.976120311625414017e-01 1.316010994069582163e-01
8.973203576615587096e-01 1.267150070858859834e-01
8.970339831882050419e-01 1.218892634427022476e-01
8.967529395696117733e-01 1.171282924145945203e-01
8.964772580404493096e-01 1.124362134464780838e-01
8.962069692394546427e-01 1.078168462145923517e-01
8.959421032060276291e-01 1.032737169037057229e-01
8.956826893768911058e-01 9.881006595028009321e-02
8.954287565828203954e-01 9.442885714948871800e-02
8.951803330454385366e-01 9.013278801012575281e-02
8.949374463740796815e-01 8.592430122862382280e-02
8.947001235627213278e-01 8.180559714196017351e-02
8.944683909869836080e-01 7.777864700961235889e-02
8.942422744011980784e-01 7.384520696716949384e-02
8.940217989355456751e-01 7.000683248902453415e-02
8.938069890932633932e-01 6.626489319493654440e-02
8.935978687479216864e-01 6.262058783527660322e-02
8.933944611407703684e-01 5.907495929249483024e-02
8.931967888781563447e-01 5.562890944171640373e-02
8.930048739290107340e-01 5.228321372127162081e-02
8.928187376224075988e-01 4.903853527419227420e-02
8.926384006451931752e-01 4.589543853399923046e-02
8.924638830396868228e-01 4.285440214216067883e-02
8.922952042014539176e-01 3.991583110005673951e-02
8.921323828771497988e-01 3.708006807477059324e-02
8.919754371624365463e-01 3.434740379514326925e-02
8.918243844999718117e-01 3.171808649189310214e-02
8.916792416774703689e-01 2.919233035282036565e-02
8.915400248258381621e-01 2.677032298085063253e-02
8.914067494173795181e-01 2.445223185858625553e-02
8.912794302640778543e-01 2.223820983785539801e-02
8.911580815159495517e-01 2.012839968623872031e-02
8.910427166594708792e-01 1.812293773452682000e-02
8.909333485160794153e-01 1.622195667940408773e-02
8.908299892407492981e-01 1.442558760424829563e-02
8.907326503206399737e-01 1.273396128779535029e-02
8.906413425738196610e-01 1.114720887552501580e-02
8.905560761480632026e-01 9.665461992041796124e-03
8.904768605197241893e-01 8.288852374552605276e-03
8.904037044926814692e-01 7.017511107877118411e-03
8.903366161973613746e-01 5.851567540424265461e-03
8.902756030898332229e-01 4.791147958363206442e-03
8.902206719509816457e-01 3.836374091975722645e-03
8.901718288857520811e-01 2.987361524052851037e-03
8.901290793224728715e-01 2.244218065346449253e-03
8.900924280122518573e-01 1.607042156644112761e-03
8.900618790284479109e-01 1.075921351138304062e-03
8.900374357662190761e-01 6.509309245225078974e-04
8.900191009421443145e-01 3.321326537502742498e-04
8.900068765939223026e-01 1.195737987383319604e-04
8.900007640801445019e-01 1.328631452063669720e-05
