4.485898245653338612e-01 1.048289086667808651e-01
4.466996493413809000e-01 1.014285815185239636e-01
4.444917389620851034e-01 9.945841564992603800e-02
4.425983179643350751e-01 9.611573342038126633e-02
4.406987864493112639e-01 9.280466826874469999e-02
4.387937155284317159e-01 8.952509508881853484e-02
4.368836726597455367e-01 8.627687953749074712e-02
4.349692215004958840e-01 8.305987810289079676e-02
4.327975983155624706e-01 8.123537240485712019e-02
4.308859368712211202e-01 7.807430505401286025e-02
4.287336374178105647e-01 7.629258793538751249e-02
4.268266046653836909e-01 7.318677140488910604e-02
4.246951465310181417e-01 7.144721124610411978e-02
4.227945529200300423e-01 6.839591035671532815e-02
4.206854287815562921e-01 6.669783448513789959e-02
4.185906636811522197e-01 6.501694005477984262e-02
4.167077311883246038e-01 6.204295844399768112e-02
4.146374262538646827e-01 6.040250243231651273e-02
4.125824387146228567e-01 5.877874617046491973e-02
4.105430645834204362e-01 5.717153754482635214e-02
4.085195970719128766e-01 5.558072117888022273e-02
4.065123265463970181e-01 5.400613846525001427e-02
4.045215404840557527e-01 5.244762759828770771e-02
4.025475234296460592e-01 5.090502360718930641e-02
4.005905569526385102e-01 4.937815838963609955e-02
3.986509196048139136e-01 4.786686074595568330e-02
3.965811009397812170e-01 4.761833323244406974e-02
3.946816110093488428e-01 4.613166418369482602e-02
3.928002199671730144e-01 4.466008786575738354e-02
3.909371944545447231e-01 4.320342187897040914e-02
3.889595452849574087e-01 4.298486705069041319e-02
3.871385356925208798e-01 4.155172917405389188e-02
3.853366269068865257e-01 4.013299714194853290e-02
3.834303858435341716e-01 3.993446120789659326e-02
3.816718192671610943e-01 3.853842167178214012e-02
3.798143371628738274e-01 3.835086674902084963e-02
3.780999464169644275e-01 3.697698974824636942e-02
3.762919424974008886e-01 3.680017263141778516e-02
3.746225400078727064e-01 3.544791502614785123e-02
3.728647146043271854e-01 3.528158428284988019e-02
3.712410912345335268e-01 3.395039008622165871e-02
3.695341254874256465e-01 3.379428626488707038e-02
3.679570501805659033e-01 3.248358698195121658e-02
3.663016057509771994e-01 3.233744282437645695e-02
3.646723880767667181e-01 3.219361398890020071e-02
3.631685439717539654e-01 3.091019845603987237e-02
3.615917878995500989e-01 3.077599673643175229e-02
3.600416990039050913e-01 3.064406472804553569e-02
3.586126038224605184e-01 2.938681901879883207e-02
3.571158726676472717e-01 2.926416809382445181e-02
3.556462274541887236e-01 2.914373674966809144e-02
3.542933266834544792e-01 2.791151621326776189e-02
3.528778904032959240e-01 2.780000699277998533e-02
3.514899368096856547e-01 2.769066288067389275e-02
3.501295909329725786e-01 2.758349372694197943e-02
3.488816631790710443e-01 2.638150023090713239e-02
3.475765810714137594e-01 2.628281340509123695e-02
3.462994735965227999e-01 2.618624194634295785e-02
3.450504557994502619e-01 2.609179455406208589e-02
3.438296401948592318e-01 2.599947973630715309e-02
3.427169203534736197e-01 2.483167565621063888e-02
3.415525654470744632e-01 2.474731190972680184e-02
3.404167416365665444e-01 2.466501539388497172e-02
3.393095512398141000e-01 2.458479352216217523e-02
3.382310939953114826e-01 2.450665352114629603e-02
3.371814670531985692e-01 2.443060242988507116e-02
3.361607649665088737e-01 2.435664709925198027e-02
3.352437915524032475e-01 2.323065711081557030e-02
3.342809978382892400e-01 2.316394049680324529e-02
3.333474034793807994e-01 2.309924724675985544e-02
3.324430925762048017e-01 2.303658318841600439e-02
3.315681465913606907e-01 2.297595396670759280e-02
3.307226443421824591e-01 2.291736504326734314e-02
3.299066619936381617e-01 2.286082169593275926e-02
3.291202730514690700e-01 2.280632901827071499e-02
3.283635483555681911e-01 2.275389191911861633e-02
3.276365560735983729e-01 2.270351512214216841e-02
3.270089896305611310e-01 2.162695440192347052e-02
3.263415138387030789e-01 2.158281045184059707e-02
3.257039652423922016e-01 2.154064575649995011e-02
3.250964012736088371e-01 2.150046411420328263e-02
3.245188766632425281e-01 2.146226914461394145e-02
3.239714434361622430e-01 2.142606428843081556e-02
3.234541509065290699e-01 2.139185280707835840e-02
3.229670456733547690e-01 2.135963778241282626e-02
3.225101716163030763e-01 2.132942211644461503e-02
3.220835698917376977e-01 2.130120853107688589e-02
3.216872789290144974e-01 2.127499956786033444e-02
3.213213344270196004e-01 2.125079758776425576e-02
3.209857693509536869e-01 2.122860477096385340e-02
3.206806139293624236e-01 2.120842311664385832e-02
3.204058956514133083e-01 2.119025444281843334e-02
3.201616392644195397e-01 2.117410038616738752e-02
3.199478667716104119e-01 2.115996240188875582e-02
3.197645974301495664e-01 2.114784176356770268e-02
3.196118477493999355e-01 2.113773956306180118e-02
3.194896314894367650e-01 2.112965671040266738e-02
3.193979596598081616e-01 2.112359393371399108e-02
3.193368405185427750e-01 2.111955177914593557e-02
3.192382917245569218e-01 2.212155893284142513e-02
