1.000000000000000000e+00 2.971178650884951076e-12
9.999962173217427086e-01 7.575050789847321794e-07
9.999659564006946333e-01 6.817650603078168041e-06
9.999054372519322609e-01 1.893839538196276972e-05
9.998146652618835617e-01 3.711920895871236823e-05
9.996936485095917480e-01 6.135226632041754680e-05
9.995423977659951831e-01 9.160733008686629329e-05
9.993609264929697034e-01 1.278076064077196300e-04
9.991492508421297991e-01 1.698028097014254404e-04
9.989073896533915420e-01 2.173508359389379144e-04
9.986353644532952600e-01 2.701188592011351166e-04
9.983331994530904030e-01 3.277068066390619516e-04
9.980009215465792671e-01 3.896846949785536061e-04
9.976385603077249087e-01 4.556275798224840323e-04
9.972461479880181390e-01 5.251336770271497305e-04
9.968237195136067097e-01 5.978217547584264470e-04
9.963713124821875766e-01 6.733157796261639337e-04
9.958889671596604654e-01 7.512298933158935476e-04
9.953767264765427392e-01 8.311627782680636916e-04
9.948346360241506758e-01 9.127020736675955058e-04
9.942627440505393821e-01 9.954335921866970267e-04
9.936611014562102273e-01 1.078949782647957347e-03
9.930297617895795792e-01 1.162855167457058385e-03
9.923687812422132826e-01 1.246769512652089401e-03
9.916782186438251046e-01 1.330330312531576584e-03
9.909581354570409228e-01 1.413195426318377638e-03
9.902085957719279907e-01 1.495045847445144842e-03
9.894296663002908332e-01 1.575588305075194869e-03
9.886214163697339963e-01 1.654557512196778339e-03
9.877839179174912054e-01 1.731718020362093451e-03
9.869172454840227093e-01 1.806865685586686327e-03
9.860214762063810312e-01 1.879828740072665098e-03
9.850966898113453496e-01 1.950468456689364834e-03
9.841429686083258410e-01 2.018679398131387019e-03
9.831603974820379843e-01 2.084389251667144883e-03
9.821490638849459387e-01 2.147558258515864463e-03
9.811090578294816567e-01 2.208178254165478471e-03
9.800404718800310722e-01 2.266271342954474972e-03
9.789434011446962458e-01 2.321888236904375274e-03
9.778179432668312465e-01 2.375106294845738628e-03
9.766641984163504375e-01 2.426027303123065148e-03
9.754822692808131634e-01 2.474775043457496954e-03
9.742722610562848384e-01 2.521492696760947293e-03
9.730342814379733252e-01 2.566340133750131917e-03
9.717684406106443795e-01 2.609491144037313134e-03
9.704748512388141624e-01 2.651130654967920851e-03
9.691536284567219273e-01 2.691451989836682324e-03
9.678048898580826620e-01 2.730654212314276297e-03
9.664287554856212381e-01 2.768939600028960755e-03
9.650253478203867363e-01 2.806511285409732121e-03
9.635947917708531651e-01 2.843571096258744931e-03
9.621372146618007992e-01 2.880317622262546472e-03
9.606527462229843550e-01 2.916944526978417808e-03
9.591415185775857832e-01 2.953639117964338041e-03
9.576036662304563407e-01 2.990581180871893820e-03
9.560393260561432793e-01 3.027942076720380963e-03
9.544486372867091450e-01 3.065884095414661906e-03
9.528317414993383583e-01 3.104560053046156141e-03
9.511887826037375149e-01 3.144113115773253427e-03
9.495199068293258549e-01 3.184676829228929012e-03
9.478252627122205620e-01 3.226375329516097210e-03
9.461050010820171163e-01 3.269323709950134899e-03
9.443592750483638110e-01 3.313628516771369072e-03
9.425882399873357631e-01 3.359388347022020539e-03
9.407920535276046436e-01 3.406694522564715499e-03
9.389708755364096771e-01 3.455631815699273992e-03
9.371248681053290230e-01 3.506279203871881783e-03
9.352541955358528725e-01 3.558710633430874244e-03
9.333590243247598117e-01 3.612995775109298282e-03
9.314395231492980098e-01 3.669200756791465498e-03
9.294958628521727828e-01 3.727388862002290176e-03
9.275282164263405349e-01 3.787621185363982540e-03
9.255367589996119637e-01 3.849957238888309947e-03
9.235216678190645290e-01 3.914455505365010100e-03
9.214831222352677376e-01 3.981173937214568283e-03
9.194213036863192468e-01 4.050170400974343644e-03
9.173363956816971143e-01 4.121503069068535065e-03
9.152285837859261974e-01 4.195230761684603724e-03
9.130980556020624750e-01 4.271413242447245386e-03
9.109450007549952932e-01 4.350111472181662949e-03
9.087696108745706436e-01 4.431387825412675882e-03
9.065720795785350283e-01 4.515306274392355372e-03
9.043526024553030229e-01 4.601932545423017933e-03
9.021113770465487569e-01 4.691334252073676298e-03
8.998486028296239780e-01 4.783581009619115691e-03
8.975644811998049200e-01 4.878744534682124059e-03
8.952592154523657531e-01 4.976898733664461213e-03
8.929330107644855019e-01 5.078119783133237808e-03
8.905860741769866529e-01 5.182486204905479774e-03
8.882186145759067841e-01 5.290078938161661345e-03
8.858308426739087693e-01 5.400981410529116788e-03
8.834229709915240036e-01 5.515279609717805426e-03
8.809952138382397546e-01 5.633062156971252281e-03
8.785477872934233101e-01 5.754420383313624439e-03
8.760809091870904730e-01 5.879448409334930327e-03
8.735947990805181806e-01 6.008243229054859198e-03
8.710896782467028032e-01 6.140904798246110685e-03
8.685657696506650094e-01 6.277536127464847932e-03
8.660232979296063061e-01 6.418243379942342904e-03
8.634624893729150319e-01 6.563135974415728983e-03
8.608835719020255794e-01 6.712326692926670266e-03
8.582867750501328441e-01 6.865931793588351748e-03
8.556723299417625661e-01 7.024071128301569676e-03
8.530404692722006743e-01 7.186868265402977275e-03
8.503914272867822977e-01 7.354450617234093920e-03
8.477254397600437752e-01 7.526949572630265914e-03
8.450427439747367764e-01 7.704500634348454384e-03
8.423435787007098607e-01 7.887243561471217121e-03
8.396281841736574769e-01 8.075322516841400636e-03
8.368968020737368452e-01 8.268886219608442140e-03
8.341496755040587185e-01 8.468088102986427029e-03
8.313870489690502463e-01 8.673086477346506062e-03
8.286091683526923823e-01 8.884044698788099229e-03
8.258162808966358348e-01 9.101131343354565417e-03
8.230086351781953358e-01 9.324520387073839331e-03
8.201864810882260048e-01 9.554391392021840956e-03
8.173500698088815852e-01 9.790929698623978411e-03
8.144996537912583268e-01 1.003432662442128691e-02
8.116354867329258482e-01 1.028477966954260796e-02
8.087578235553474215e-01 1.054249272914195915e-02
8.058669203811910098e-01 1.080767631306722883e-02
8.029630345115328360e-01 1.108054777304519171e-02
8.000464244029574790e-01 1.136133153767922462e-02
7.971173496445536077e-01 1.165025935556877022e-02
7.941760709348097969e-01 1.194757054687002086e-02
7.912228500584117530e-01 1.225351226363764930e-02
7.882579498629416204e-01 1.256833975929120932e-02
7.852816342354849155e-01 1.289231666756896454e-02
7.822941680791420938e-01 1.322571529134791354e-02
7.792958172894524083e-01 1.356881690172172771e-02
7.762868487307273968e-01 1.392191204774848555e-02
7.732675302122995475e-01 1.428530087729865117e-02
7.702381304646861437e-01 1.465929346945133230e-02
7.671989191156708410e-01 1.504421017889590387e-02
7.641501666663064185e-01 1.544038199281884405e-02
7.610921444668385938e-01 1.584815090076440239e-02
7.580251246925555630e-01 1.626787027797766544e-02
7.549493803195621577e-01 1.669990528276991959e-02
7.518651851004859443e-01 1.714463326848537916e-02
7.487728135401099383e-01 1.760244421068702173e-02
7.456725408709425906e-01 1.807374115023130737e-02
7.425646430287196065e-01 1.855894065294107220e-02
7.394493966278459229e-01 1.905847328658612921e-02
7.363270789367746261e-01 1.957278411587374742e-02
7.331979678533306899e-01 2.010233321612367105e-02
7.300623418799754294e-01 2.064759620624657260e-02
7.269204800990198834e-01 2.120906480167887923e-02
7.237726621477846844e-01 2.178724738803338931e-02
7.206191681937117455e-01 2.238266961641974598e-02
7.174602789094286504e-01 2.299587502171165920e-02
7.142962754477668597e-01 2.362742566534991109e-02
7.111274394167385049e-01 2.427790280441036869e-02
7.079540528544725486e-01 2.494790758855791601e-02
7.047763982041119757e-01 2.563806178603095579e-02
7.015947582886754574e-01 2.634900853897692921e-02
6.984094162858847099e-01 2.708141314765173321e-02
6.952206557029614320e-01 2.783596388261928498e-02
6.920287603513930463e-01 2.861337282459217035e-02
6.888340143216731271e-01 2.941437673335305786e-02
6.856367019580165145e-01 3.023973795015200833e-02
6.824371078330510043e-01 3.109024534120590280e-02
6.792355167224893853e-01 3.196671529215917851e-02
6.760322135797839360e-01 3.286999276287314725e-02
6.728274835107638241e-01 3.380095240735670609e-02
6.696216117482600705e-01 3.476049975514864526e-02
6.664148836267187459e-01 3.574957243998448664e-02
6.632075845568048411e-01 3.676914145313567306e-02
6.599999999999999201e-01 3.782021239784243150e-02
6.567924154431951100e-01 3.890382673247346629e-02
6.535851163732812052e-01 4.002106301486709622e-02
6.503783882517399917e-01 4.117303819473902560e-02
6.471725164892362381e-01 4.236090903429087784e-02
6.439677864202160151e-01 4.358587375334380121e-02
6.407644832775105659e-01 4.484917397812694662e-02
6.375628921669489468e-01 4.615209701256392516e-02
6.343632980419834366e-01 4.749597835211849528e-02
6.311659856783269351e-01 4.888220424707800243e-02
6.279712396486070158e-01 5.031221403699281947e-02
6.247793442970386302e-01 5.178750197229219782e-02
6.215905837141153523e-01 5.330961835558210155e-02
6.184052417113246047e-01 5.488017008556392989e-02
6.152236017958879755e-01 5.650082103236118980e-02
6.120459471455274025e-01 5.817329301817454612e-02
6.088725605832614463e-01 5.989936838062365210e-02
6.057037245522332025e-01 6.168089500886232701e-02
6.025397210905711898e-01 6.351979426307412246e-02
5.993808318062880947e-01 6.541807132277653591e-02
5.962273378522153777e-01 6.737782641728520816e-02
5.930795199009801788e-01 6.940126438804458675e-02
5.899376581200245218e-01 7.149069953590757309e-02
5.868020321466693723e-01 7.364855312654043640e-02
5.836729210632253251e-01 7.587734251111970252e-02
5.805506033721542503e-01 7.817966349729101039e-02
5.774353569712802337e-01 8.055817088950598115e-02
5.743274591290574715e-01 8.301556511210628209e-02
5.712271864598899018e-01 8.555459438145708584e-02
5.681348148995141178e-01 8.817808089493227308e-02
5.650506196804377934e-01 9.088897527182895897e-02
5.619748753074446102e-01 9.369043613497873846e-02
5.589078555331614684e-01 9.658592242859760646e-02
5.558498333336936437e-01 9.957927703185143198e-02
5.528010808843291102e-01 1.026747743600669033e-01
5.497618695353139184e-01 1.058771049178955925e-01
5.467324697877005146e-01 1.091912783424130312e-01
5.437131512692725543e-01 1.126224437915214482e-01
5.407041827105475429e-01 1.161756506255387650e-01
5.377058319208577464e-01 1.198555986198497902e-01
5.347183657645150356e-01 1.236664487637228055e-01
5.317420501370582198e-01 1.276117755693199074e-01
5.287771499415881982e-01 1.316947333193367320e-01
5.258239290651900433e-01 1.359184784647358146e-01
5.228826503554464544e-01 1.402868397198469841e-01
5.199535755970425832e-01 1.448051628644853317e-01
5.170369654884672261e-01 1.494811902873529330e-01
5.141330796188090524e-01 1.543257807304088125e-01
5.112421764446525296e-01 1.593532484994636955e-01
5.083645132670741029e-01 1.645811178005996689e-01
5.055003462087416244e-01 1.700291557869226255e-01
5.026499301911182549e-01 1.757176672040572929e-01
4.998135189117740018e-01 1.816651916795488653e-01
4.969913648218047264e-01 1.878859157537026148e-01
4.941837191033643384e-01 1.943872593927340742e-01
4.913908316473076798e-01 2.011681823104994604e-01
4.886129510309497603e-01 2.082187491062056639e-01
4.858503244959412326e-01 2.155213828378378382e-01
4.831031979262632170e-01 2.230540353538784937e-01
4.803718158263424742e-01 2.307952381461753355e-01
4.776564212992900349e-01 2.387307049855012797e-01
4.749572560252631748e-01 2.468608685015283022e-01
4.722745602399561760e-01 2.552084702419243345e-01
4.696085727132176535e-01 2.638251072209057413e-01
4.669595307277993324e-01 2.727954955490771716e-01
4.643276700582374961e-01 2.822381918788424149e-01
4.617132249498671070e-01 2.923016871061476785e-01
4.591164280979743717e-01 3.031552283992971497e-01
4.565375106270849193e-01 3.149744668226371891e-01
4.539767020703936451e-01 3.279229966931193618e-01
4.514342303493349418e-01 3.421318367822999140e-01
4.489103217532972034e-01 3.576795867958398323e-01
4.464052009194816595e-01 3.745760866638289110e-01
4.439190908129094781e-01 3.927518142936404777e-01
4.414522127065766410e-01 4.120541570948591525e-01
4.390047861617602520e-01 4.322504584834752084e-01
4.365770290084759475e-01 4.530367527221788038e-01
4.341691573260913484e-01 4.740505732245540171e-01
4.317813854240931115e-01 4.948861491053855866e-01
4.294139258230134648e-01 5.151105458858744601e-01
4.270669892355144492e-01 5.342796780045420135e-01
4.247407845476343091e-01 5.519534859259681570e-01
4.224355188001950312e-01 5.677098597858736273e-01
4.201513971703759731e-01 5.811570901008193957e-01
4.178886229534513608e-01 5.919447495755147948e-01
4.156473975446969282e-01 5.997729834062560661e-01
4.134279204214649228e-01 6.044002315486044496e-01
4.112303891254293076e-01 6.056494417368603056e-01
4.090549992450048244e-01 6.034128668296905307e-01
4.069019443979375317e-01 5.976555797652207680e-01
4.047714162140736982e-01 5.884178864231230932e-01
4.026636043183027258e-01 5.758168714450271342e-01
4.005786963136807044e-01 5.600473732103480318e-01
3.985168777647322136e-01 5.413827472861982848e-01
3.964783321809354222e-01 5.201758315232315466e-01
3.944632410003880429e-01 4.968605442255193405e-01
3.924717835736594163e-01 4.719544718341509015e-01
3.905041371478271683e-01 4.460625165954331117e-01
3.885604768507020523e-01 4.198809574410349299e-01
3.866409756752402505e-01 3.941997695567827642e-01
3.847458044641471342e-01 3.698983108264122799e-01
3.828751318946708171e-01 3.479253979938107255e-01
3.810291244635902741e-01 3.292507079125685521e-01
3.792079464723953075e-01 3.147749816293733405e-01
3.774117600126642436e-01 3.051995888300662041e-01
3.756407249516361402e-01 3.008850633154798171e-01
3.738949989179828903e-01 3.017571207003763023e-01
3.721747372877794446e-01 3.073134342136642494e-01
3.704800931706741518e-01 3.167336791622470393e-01
3.688112173962624918e-01 3.290400181462002083e-01
3.671682585006615929e-01 3.432434362144801687e-01
3.655513627132908616e-01 3.584405414885799557e-01
3.639606739438566163e-01 3.738594539162368724e-01
3.623963337695436104e-01 3.888701208630006567e-01
3.608584814224140569e-01 4.029755568581242509e-01
3.593472537770156516e-01 4.157954499490574829e-01
3.578627853381990409e-01 4.270483735694312610e-01
3.564052082291467860e-01 4.365353658641035750e-01
3.549746521796132148e-01 4.441257629027113851e-01
3.535712445143788796e-01 4.497453148446237114e-01
3.521951101419171781e-01 4.533662958705045321e-01
3.508463715432779684e-01 4.549992502141979589e-01
3.495251487611856778e-01 4.546860476933322626e-01
3.482315593893555161e-01 4.524939827264871650e-01
3.469657185620265705e-01 4.485107117914212682e-01
3.457277389437152237e-01 4.428398755781361995e-01
3.445177307191868432e-01 4.355972918636288882e-01
3.433358015836495691e-01 4.269076346024358593e-01
3.421820567331687046e-01 4.169015359540078070e-01
3.410565988553035943e-01 4.057130629755272277e-01
3.399595281199689345e-01 3.934775311793972108e-01
3.388909421705181835e-01 3.803296243861918891e-01
3.378509361150539014e-01 3.664017952546305690e-01
3.368396025179620223e-01 3.518229242274337754e-01
3.358570313916739991e-01 3.367172168801788046e-01
3.349033101886546571e-01 3.212033211363327645e-01
3.339785237936190865e-01 3.053936467500613094e-01
3.330827545159772418e-01 2.893938700226217353e-01
3.322160820825087457e-01 2.733026070255623607e-01
3.313785836302658994e-01 2.572112387431698122e-01
3.305703336997091180e-01 2.412038715939149314e-01
3.297914042280720159e-01 2.253574168179189041e-01
3.290418645429590838e-01 2.097417722950062346e-01
3.283217813561747911e-01 1.944200905469228302e-01
3.276312187577866686e-01 1.794491170280310688e-01
3.269702382104203719e-01 1.648795833631769014e-01
3.263388985437897793e-01 1.507566409794852680e-01
3.257372559494605690e-01 1.371203215832166034e-01
3.251653639758492753e-01 1.240060120285735312e-01
3.246232735234571010e-01 1.114449320518962477e-01
3.241110328403394858e-01 9.946460378482835374e-02
3.236286875178122635e-01 8.808930174361744025e-02
3.231762804863932970e-01 7.734047132811888714e-02
3.227538520119819232e-01 6.723710344334477007e-02
3.223614396922750425e-01 5.779605369152383126e-02
3.219990784534207395e-01 4.903229760780161012e-02
3.216668005469096037e-01 4.095911899554952051e-02
3.213646355467045801e-01 3.358823601806402298e-02
3.210926103466083537e-01 2.692987786182524795e-02
3.208507491578700965e-01 2.099283148065387433e-02
3.206390735070302478e-01 1.578448119228479524e-02
3.204576022340047681e-01 1.131086247093198577e-02
3.203063514904082587e-01 7.576745070991462890e-03
3.201853347381163895e-01 4.585750813116814747e-03
3.200945627480677458e-01 2.340500146467287216e-03
3.200000000000000067e-01 1.950906307342069434e-11
