1.694897034526489765e+00 9.238773137841386780e-05
1.694751284806997882e+00 9.113720757139971663e-05
1.694459827855523626e+00 8.864708514756877158e-05
1.694022748634700815e+00 8.493815052140677292e-05
1.693440174557520272e+00 8.004378886016267768e-05
1.692712275450186654e+00 7.402052048909210614e-05
1.691839263502613822e+00 6.696845875817027290e-05
1.690821393206567880e+00 5.905771196981307548e-05
1.689658961281481631e+00 5.055010321777230348e-05
1.688352306587956875e+00 4.180276644690776209e-05
1.686901810028983650e+00 3.324332493273389060e-05
1.685307894438903054e+00 2.531575650857883789e-05
1.683571024460146504e+00 1.840824387436620444e-05
1.681691706407788311e+00 1.278386087301873929e-05
1.679670488121949301e+00 8.536761200639370132e-06
1.677507958808096555e+00 5.588825556934992790e-06
1.675204748865282589e+00 3.727331841917108056e-06
1.672761529702379901e+00 2.669511334223857522e-06
1.670179013542356650e+00 2.131510219534535977e-06
1.667457953214656952e+00 1.880689697068826563e-06
1.664599141935744653e+00 1.759797113870403941e-06
1.661603413077870961e+00 1.683927718498650042e-06
1.658471639926139440e+00 1.620405242086986407e-06
1.655204735423933871e+00 1.564406811846770833e-06
1.651803651906786463e+00 1.519903103052180595e-06
1.648269380824762376e+00 1.489556646853882653e-06
1.644602952453442013e+00 1.472190804087633983e-06
1.640805435593584605e+00 1.464216223075069541e-06
1.636877937259563875e+00 1.461790096456615550e-06
1.632821602356660184e+00 1.462086469486681085e-06
1.628637613347310609e+00 1.463503513707924495e-06
1.624327189906407787e+00 1.465305127900562930e-06
1.619891588565754326e+00 1.467193989747576683e-06
1.615332102347769361e+00 1.469043310196331246e-06
1.610650060388560512e+00 1.470789640479749371e-06
1.605846827550466704e+00 1.472407645064619476e-06
1.600923804024188213e+00 1.473903830601424845e-06
1.595882424920615161e+00 1.475305985686522627e-06
1.590724159852480168e+00 1.476649253002497286e-06
1.585450512505949927e+00 1.477964959597604320e-06
1.580063020202286728e+00 1.479275042022223878e-06
1.574563253449702493e+00 1.480591338941803634e-06
1.568952815485541885e+00 1.481917658618442100e-06
1.563233341808919930e+00 1.483252726308205312e-06
1.557406499703959835e+00 1.484592826669980577e-06
1.551473987753761552e+00 1.485933627570991415e-06
1.545437535345248303e+00 1.487271137247014869e-06
1.539298902165032512e+00 1.488602002227225361e-06
1.533059877686449690e+00 1.489923425773343701e-06
1.526722280647908825e+00 1.491232947604054336e-06
1.520287958522712257e+00 1.492528232302855390e-06
1.513758786980497817e+00 1.493806929498603229e-06
1.507136669340463087e+00 1.495066609208532088e-06
1.500423536016528114e+00 1.496304752410178727e-06
1.493621343954600666e+00 1.497518771155036114e-06
1.486732076062106556e+00 1.498706042198251072e-06
1.479757740629952689e+00 1.499863943888831689e-06
1.472700370747088927e+00 1.500989894191985399e-06
1.465562023707843942e+00 1.502081389006925259e-06
1.458344780412201391e+00 1.503136041372195843e-06
1.451050744759197819e+00 1.504151620938994659e-06
1.443682043033615248e+00 1.505126092772470533e-06
1.436240823286145440e+00 1.506057652819746608e-06
1.428729254707215013e+00 1.506944757740785334e-06
1.421149526994641477e+00 1.507786145307924663e-06
1.413503849715316063e+00 1.508580841086397896e-06
1.405794451661092515e+00 1.509328147312173177e-06
1.398023580199071025e+00 1.510027608327819890e-06
1.390193500616468958e+00 1.510678947527022593e-06
1.382306495460266849e+00 1.511281969824210452e-06
1.374364863871821996e+00 1.511836424254686147e-06
1.366370920916646803e+00 1.512341820787123987e-06
1.358326996909543283e+00 1.512797197014661972e-06
1.350235436735293115e+00 1.513200829657663181e-06
1.342098599165099770e+00 1.513549888842593133e-06
1.333918856168983424e+00 1.513840033284736977e-06
1.325698592224327177e+00 1.514064947307594342e-06
1.317440203620778627e+00 1.514215822876915053e-06
1.309146097761707317e+00 1.514280793216747627e-06
1.300818692462421655e+00 1.514244326248161074e-06
1.292460415245352046e+00 1.514086592780198553e-06
1.284073702632403613e+00 1.513782823446707246e-06
1.275660999434685250e+00 1.513302677298856995e-06
1.267224758039823262e+00 1.512609643464850906e-06
1.258767437697065228e+00 1.511660504636196653e-06
1.250291503800383452e+00 1.510404890218024721e-06
1.241799427169789194e+00 1.508784951368272986e-06
1.233293683331062596e+00 1.506735188495085324e-06
1.224776751794112828e+00 1.504182463060863077e-06
1.216251115330175603e+00 1.501046222239842320e-06
1.207719259248060117e+00 1.497238961491108242e-06
1.199183670669657475e+00 1.492666946627954729e-06
1.190646837804918201e+00 1.487231207712314628e-06
1.182111249226515337e+00 1.480828812637840146e-06
1.173579393144400074e+00 1.473354416200059838e-06
1.165053756680462849e+00 1.464702073842224059e-06
1.156536825143513303e+00 1.454767296150613027e-06
1.148031081304786705e+00 1.443449313289301000e-06
1.139539004674192446e+00 1.430653505173064208e-06
1.131063070777510449e+00 1.416293947648715280e-06
1.122605750434752414e+00 1.400296012751702669e-06
1.114169509039890427e+00 1.382598958514831004e-06
1.105756805842172286e+00 1.363158433072800383e-06
1.097370093229223853e+00 1.341948819352952250e-06
1.089011816012154021e+00 1.318965339487111645e-06
1.080684410712868360e+00 1.294225841197555682e-06
1.072390304853797049e+00 1.267772189048575198e-06
1.064131916250248722e+00 1.239671187595318631e-06
1.055911652305592474e+00 1.210014971026827916e-06
1.047731909309475906e+00 1.178920803664322460e-06
1.039595071739282561e+00 1.146530249126836500e-06
1.031503511565032394e+00 1.113007681943574789e-06
1.023459587557929096e+00 1.078538137188588167e-06
1.015465644602753903e+00 1.043324515413563963e-06
1.007524013014309050e+00 1.007584187184888255e-06
9.996370078581067187e-01 9.715450689031774051e-07
9.918069282755048732e-01 9.354412688366020123e-07
9.840360568134833841e-01 8.995084289423512599e-07
9.763266587592598356e-01 8.639789100311679021e-07
9.686809814799344220e-01 8.290769849114745534e-07
9.611012537673608858e-01 7.950142135456041030e-07
9.535896851884302361e-01 7.619851750194771816e-07
9.461484654409606510e-01 7.301637215485092278e-07
9.387797637153778574e-01 6.996999014718109143e-07
9.314857280623745073e-01 6.707176694607191414e-07
9.242684847667319570e-01 6.433134676708074098e-07
9.171301377274867495e-01 6.175557195532502774e-07
9.100727678446232094e-01 5.934852354203033888e-07
9.030984324124692320e-01 5.711164860357870424e-07
8.962091645199752321e-01 5.504396595113302104e-07
8.894069724580475622e-01 5.314233862862151103e-07
8.826938391341125900e-01 5.140179928506956383e-07
8.760717214940778597e-01 4.981591362280741538e-07
8.695425499518634194e-01 4.837716725784759372e-07
8.631082278266668517e-01 4.707736203875934643e-07
8.567706307881259864e-01 4.590800749167609733e-07
8.505316063095430534e-01 4.486069027713073846e-07
8.443929731293272622e-01 4.392739879298843094e-07
8.383565207208141246e-01 4.310077540470902655e-07
8.324240087706158420e-01 4.237427393730813171e-07
8.265971666656557471e-01 4.174222901942920306e-07
8.208776929890337914e-01 4.119990527358587469e-07
8.152672550248730721e-01 4.074368299415685864e-07
8.097674882722890599e-01 4.037161391741108927e-07
8.043799959686257495e-01 4.008457927666380076e-07
7.991063486220955081e-01 3.988811987750530804e-07
7.939480835539605152e-01 3.979463941469821683e-07
7.889067044503874637e-01 3.982515300693380118e-07
7.839836809241089721e-01 4.000923857785123763e-07
7.791804480860153870e-01 4.038163739093410589e-07
7.744984061268063158e-01 4.097434139418859807e-07
7.699389199088214619e-01 4.180416267044631925e-07
7.655033185681678898e-01 4.285757387439599314e-07
7.611928951272652899e-01 4.407656237130936919e-07
7.570089061179154921e-01 4.535061805028686930e-07
7.529525712150118011e-01 4.652003099873483150e-07
7.490250728809910719e-01 4.739397088831046596e-07
7.452275560211336636e-01 4.778348034949689341e-07
7.415611276498131899e-01 4.754529632964844417e-07
7.380268565677892134e-01 4.662852005746700129e-07
7.346257730506418060e-01 4.511386050628554799e-07
7.313588685484363472e-01 4.323537321282471033e-07
7.282270953967048266e-01 4.137749324229577256e-07
7.252313665388311348e-01 4.004510157236154212e-07
7.223725552599187250e-01 3.981012574272144656e-07
7.196514949322191379e-01 4.124327028836069322e-07
7.170689787721957753e-01 4.484261225879339999e-07
7.146257596092930875e-01 5.097124957718536652e-07
7.123225496664792322e-01 5.981395957072834110e-07
7.101600203526263755e-01 7.135858880109774267e-07
7.081388020667873651e-01 8.540278982521440033e-07
7.062594840144291730e-01 1.015819912220757219e-06
7.045226140356726230e-01 1.194111789717036281e-06
7.029286984455920262e-01 1.383317697736861369e-06
7.014782018866188018e-01 1.577556052494031726e-06
7.001715471930940460e-01 1.771004372295050633e-06
6.990091152680077968e-01 1.958143995569097267e-06
6.979912449719619660e-01 2.133900097126460588e-06
6.971182330243890224e-01 2.293704488026245666e-06
6.963903339170554041e-01 2.433518603717607488e-06
6.958077598398748620e-01 2.549850956986336733e-06
6.953706806190520506e-01 2.639790957823353115e-06
6.950792236675777946e-01 2.701064884754209945e-06
6.949334739480859113e-01 2.732103542978279429e-06
