7.837908463974535556e-01 6.602085244087856075e-02
7.825034374810734272e-01 6.591241045729319403e-02
7.812231641382156866e-01 6.580456952263401271e-02
7.799501578536176538e-01 6.569734071222108063e-02
7.786845493656866513e-01 6.559073503850891551e-02
7.776340603570627286e-01 6.297171253086598919e-02
7.763833027318728375e-01 6.287042793746343283e-02
7.751403325855991122e-01 6.276977396315107371e-02
7.739052775719216237e-01 6.266976094514438433e-02
7.726782645316321307e-01 6.257039915483229853e-02
7.714594194796071669e-01 6.247169879672228449e-02
7.704464414656660987e-01 5.988383395906269474e-02
7.692439987111804323e-01 5.979037271584127650e-02
7.680500990959238106e-01 5.969757549792201190e-02
7.668648652340073202e-01 5.960545183562739741e-02
7.656884188495644006e-01 5.951401119010543694e-02
7.645208807642498439e-01 5.942326295235791228e-02
7.635501537220709123e-01 5.686565402155439181e-02
7.624005082913765108e-01 5.678003379216848417e-02
7.612601303654841223e-01 5.669510376331380469e-02
7.601291370617995202e-01 5.661087265734845303e-02
7.590076445339222211e-01 5.652734912485075230e-02
7.578957679597181363e-01 5.644454174373093186e-02
7.567936215294887026e-01 5.636245901835002653e-02
7.557013184342452616e-01 5.628110937864659602e-02
7.547966741560407922e-01 5.376121453851518545e-02
7.537241407399153381e-01 5.368482217874687851e-02
7.526617865168444554e-01 5.360915484308158979e-02
7.516097205911586032e-01 5.353422030259397113e-02
7.505680510105751102e-01 5.346002625310029843e-02
7.495368847551011626e-01 5.338658031436799289e-02
7.485163277260469261e-01 5.331389002933312193e-02
7.475064847351495789e-01 5.324196286332573413e-02
7.465074594938090335e-01 5.317080620330314616e-02
7.455193546024366791e-01 5.310042735709132045e-02
7.447097828374845685e-01 5.062413222224201176e-02
7.437436046234583431e-01 5.055845303447741718e-02
7.427886503145583186e-01 5.049353682911247171e-02
7.418450179850881732e-01 5.042939027307521971e-02
7.409128045465784851e-01 5.036601995425028094e-02
7.399921057378338052e-01 5.030343238080232232e-02
7.390830161151002997e-01 5.024163398050767587e-02
7.381856290423541855e-01 5.018063110009413075e-02
7.373000366817143991e-01 5.012043000458923231e-02
7.364263299839766130e-01 5.006103687667676216e-02
7.355645986792724855e-01 5.000245781606180856e-02
7.347149312678548094e-01 4.994469883884432998e-02
7.338774150110081163e-01 4.988776587690130909e-02
7.330521359220872890e-01 4.983166477727751786e-02
7.323962357132417500e-01 4.740948161852270165e-02
7.315955122552552092e-01 4.735764917836009225e-02
7.308072791084443409e-01 4.730662526116525407e-02
7.300316172247630631e-01 4.725641510712102339e-02
7.292686062650894918e-01 4.720702387283628315e-02
7.285183245910458183e-01 4.715845663081646294e-02
7.277808492569497467e-01 4.711071836894255987e-02
7.270562560019013798e-01 4.706381398995887477e-02
7.263446192420044412e-01 4.701774831096949131e-02
7.256460120627240551e-01 4.697252606294358840e-02
7.249605062113803067e-01 4.692815189022951639e-02
7.242881720897804687e-01 4.688463035007789381e-02
7.236290787469881192e-01 4.684196591217349576e-02
7.229832938722320357e-01 4.680016295817625988e-02
7.223508837879543121e-01 4.675922578127128526e-02
7.217319134429993621e-01 4.671915858572790736e-02
7.211264464059431445e-01 4.667996548646793920e-02
7.205345448585649404e-01 4.664165050864302331e-02
7.199562695894612396e-01 4.660421758722130964e-02
7.193916799878026236e-01 4.656767056658325105e-02
7.188408340372345329e-01 4.653201320012687742e-02
7.183037883099223642e-01 4.649724914988224989e-02
7.177805979607413400e-01 4.646338198613538667e-02
7.172713167216121510e-01 4.643041518706160498e-02
7.167759968959827033e-01 4.639835213836829286e-02
7.162946893534561932e-01 4.636719613294720821e-02
7.158274435245677303e-01 4.633695037053631172e-02
7.153743073957065102e-01 4.630761795739110620e-02
7.149353275041886446e-01 4.627920190596567646e-02
7.145105489334766524e-01 4.625170513460324234e-02
7.141000153085507174e-01 4.622513046723653735e-02
7.137037687914274953e-01 4.619948063309769343e-02
7.133218500768300219e-01 4.617475826643799991e-02
7.129542983880087226e-01 4.615096590625736989e-02
7.126011514727131901e-01 4.612810599604355577e-02
7.122624455993149528e-01 4.610618088352120419e-02
7.119382155530833423e-01 4.608519282041077109e-02
7.116284946326124627e-01 4.606514396219724139e-02
7.113333146464018153e-01 4.604603636790877141e-02
7.110527059095893554e-01 4.602787199990523298e-02
7.107866972408380946e-01 4.601065272367663161e-02
7.105353159593766899e-01 4.599438030765160695e-02
7.102985878821931331e-01 4.597905642301573087e-02
7.100765373213840936e-01 4.596468264353991556e-02
7.098691870816575822e-01 4.595126044541878590e-02
7.096765584579908248e-01 4.593879120711906461e-02
7.094986712334436785e-01 4.592727620923799797e-02
7.093355436771263678e-01 4.591671663437184997e-02
7.091871925423239853e-01 4.590711356699446466e-02
7.090536330647748686e-01 4.589846799334582061e-02
7.089348789611069623e-01 4.589078080133085491e-02
7.088309424274282788e-01 4.588405278042816116e-02
7.087418341380747888e-01 4.587828462160898485e-02
7.086675632445142980e-01 4.587347691726623850e-02
7.086081373744060885e-01 4.586963016115365444e-02
7.085635626308176560e-01 4.586674474833508236e-02
7.085338435915988775e-01 4.586482097514393147e-02
7.085189833089099443e-01 4.586385903915268791e-02
