5.733381326628981256e-01 2.137494861670301005e-01
5.717187244899830656e-01 2.076302880235792181e-01
5.700483090039663026e-01 2.015581378165000603e-01
5.683281061364521269e-01 1.955335350047486265e-01
5.673595142630221133e-01 1.871483542257772470e-01
5.655182484320511183e-01 1.812280061407541831e-01
5.636310913214145346e-01 1.753567383254782397e-01
5.616992814323433780e-01 1.695349375578259210e-01
5.597240599579683673e-01 1.637629636620731577e-01
5.577066702139514831e-01 1.580411495005600575e-01
5.556483570694261687e-01 1.523698009772024020e-01
5.535503663784878681e-01 1.467491970528372047e-01
5.514139444124814826e-01 1.411795897723862048e-01
5.486590578825523146e-01 1.379932921075548713e-01
5.464727560086416469e-01 1.325169894113439328e-01
5.442515396554933327e-01 1.270921305853949246e-01
5.414746670228378633e-01 1.240203063965869962e-01
5.392099723264498490e-01 1.186890900866933718e-01
5.364272233312435967e-01 1.156894780021781866e-01
5.341231578460506890e-01 1.104518652693729786e-01
5.313379224133052414e-01 1.075241643708183953e-01
5.285588549415722870e-01 1.046263586504664750e-01
5.257866523644852963e-01 1.017583439012232083e-01
5.230220080038869845e-01 9.892000580855488112e-02
5.202656113931907189e-01 9.611122000432088808e-02
5.175181481017302465e-01 9.333185212340720793e-02
5.147802995601481468e-01 9.058175786314445754e-02
5.120527428868669739e-01 8.786078304549363449e-02
5.093361507156894952e-01 8.516876368198225689e-02
5.066311910245744343e-01 8.250552604137215140e-02
5.039385269656314614e-01 7.987088672004022394e-02
5.012588166963809488e-01 7.726465271505222887e-02
4.982709263024456825e-01 7.680409560174386585e-02
4.956299344180745692e-01 7.424281249000916350e-02
4.930037210547221216e-01 7.170936189470285271e-02
4.900945044095298964e-01 7.128620470474519855e-02
4.875103074061674091e-01 6.879672540516668100e-02
4.849426685367934642e-01 6.633443791145016144e-02
4.821163960046686014e-01 6.594783716054336553e-02
4.795939849497184437e-01 6.352842863619168057e-02
4.768258388382766721e-01 6.316175186747925718e-02
4.743506859150790622e-01 6.078449991665343249e-02
4.716424133501563865e-01 6.043745500160446760e-02
4.692165083360381184e-01 5.810159513948616461e-02
4.665698196967036360e-01 5.777386406214572723e-02
4.641951103357657149e-01 5.547859053270280671e-02
4.616116780608049419e-01 5.516982988839561064e-02
4.592900686019086298e-01 5.291429651826252967e-02
4.567715260222907081e-01 5.262413803680996566e-02
4.545048757893927482e-01 5.040745912452487126e-02
4.520528159875944474e-01 5.013551021745239061e-02
4.496351461973088770e-01 4.986737537969349043e-02
4.474589126805810779e-01 4.770260578845489374e-02
4.451099999093988124e-01 4.745219338905955209e-02
4.427965452604849528e-01 4.720556110171614250e-02
4.407144235533337340e-01 4.509088566936382547e-02
4.384719060514711275e-01 4.486144661567285918e-02
4.362658681276568862e-01 4.463573990291547222e-02
4.342813981810874635e-01 4.256924556064450166e-02
4.321483802206731450e-01 4.236016231249607744e-02
4.300528151897100027e-01 4.215475028525982742e-02
4.279950114041781717e-01 4.195303970076594280e-02
4.259752716243270787e-01 4.175506023625930735e-02
4.241666279188998634e-01 3.975923258927530762e-02
4.222231105207225887e-01 3.957705710636530427e-02
4.203185474968007540e-01 3.939853300931276531e-02
4.184532190613998170e-01 3.922368656398450559e-02
4.167895451564592180e-01 3.728225242753940849e-02
4.150028083082908381e-01 3.712242698333351881e-02
4.132561274789502970e-01 3.696618459110803667e-02
4.115497596538351122e-01 3.681354823847040464e-02
4.098839558871766875e-01 3.666454038247922431e-02
4.082589612651039146e-01 3.651918294634015627e-02
4.066750148695839617e-01 3.637749731618045851e-02
4.052826484707771071e-01 3.451807253676684312e-02
4.037809346733354787e-01 3.439017101918363795e-02
4.023209654570115701e-01 3.426582490295915218e-02
4.009029556239392944e-01 3.414505248287029449e-02
3.995271138028584912e-01 3.402787152790372194e-02
3.981936424184198686e-01 3.391429927864155619e-02
3.969027376614031599e-01 3.380435244472480144e-02
3.957941769601616144e-01 3.201690226000432349e-02
3.945885437523430350e-01 3.191937520472370310e-02
3.934260432689365983e-01 3.182533727662609224e-02
3.923068465461406196e-01 3.173480231130980378e-02
3.912311182489640049e-01 3.164778362898974795e-02
3.901990166469997967e-01 3.156429403253768751e-02
3.892106935911390786e-01 3.148434580559854312e-02
3.882662944912292358e-01 3.140795071078315848e-02
3.873659582946806790e-01 3.133511998793767767e-02
3.865098174660234198e-01 3.126586435248986801e-02
3.856979979674180492e-01 3.120019399387256864e-02
3.849306192401230620e-01 3.113811857402453212e-02
3.842077941869216362e-01 3.107964722596889134e-02
3.835296291555106984e-01 3.102478855246945666e-02
3.828962239228541620e-01 3.097355062476497486e-02
3.823076716805030029e-01 3.092594098138166242e-02
3.817640590208838947e-01 3.088196662702405101e-02
3.812654659245594546e-01 3.084163403154440569e-02
3.808119657484605458e-01 3.080494912899083698e-02
3.804036252150935771e-01 3.077191731673422845e-02
3.800405044027240220e-01 3.074254345467414967e-02
3.797226567365365457e-01 3.071683186452379977e-02
3.794501289807754585e-01 3.069478632917419653e-02
3.792229612318638310e-01 3.067641009213759040e-02
3.790411869125044353e-01 3.066170585707024901e-02
3.787712017495816208e-01 3.226008284875571397e-02
3.786803199021939736e-01 3.225234240831929139e-02
3.786348756354414591e-01 3.224847190337154501e-02
