3.124993325301867575e+00 9.739687689434986808e-07
3.124939928786039101e+00 9.686712622043842622e-07
3.124833141456833996e+00 9.566731483912319060e-07
3.124672974718547547e+00 9.355080558806132270e-07
3.124459445676099012e+00 9.020425888360092507e-07
3.124192577133206861e+00 8.532029578166241168e-07
3.123872397589952055e+00 7.869461457005388450e-07
3.123498941239735593e+00 7.032236351324555949e-07
3.123072247965625881e+00 6.046770854819508408e-07
3.122592363336099019e+00 4.967399399727284844e-07
3.122059338600173817e+00 3.869711011453446603e-07
3.121473230681937494e+00 2.836886043042560738e-07
3.120834102174467439e+00 1.942563696560733706e-07
3.120142021333145443e+00 1.235528908414564721e-07
3.119397062068369308e+00 7.312448596358741970e-08
3.118599303937659606e+00 4.128346328788835225e-08
3.117748832137163362e+00 2.405369529513834059e-08
3.116845737492554225e+00 1.655888317804537459e-08
3.115890116449335334e+00 1.433264703944011554e-08
3.114882071062536895e+00 1.414610794411411057e-08
3.113821708985818670e+00 1.421480416688708726e-08
3.112709143459973848e+00 1.391574914157556642e-08
3.111544493300833825e+00 1.329035317560938054e-08
3.110327882886580131e+00 1.259360101596054952e-08
3.109059442144461283e+00 1.202780387397309349e-08
3.107739306536918988e+00 1.166407746610990835e-08
3.106367617047117946e+00 1.147587497854882065e-08
3.104944520163893440e+00 1.140126744038123186e-08
3.103470167866104745e+00 1.138560813480627885e-08
3.101944717606405444e+00 1.139521380110215774e-08
3.100368332294427542e+00 1.141355179296200645e-08
3.098741180279385610e+00 1.143334527725993122e-08
3.097063435332095604e+00 1.145128451311120228e-08
3.095335276626419052e+00 1.146592008176777719e-08
3.093556888720126796e+00 1.147705838513967008e-08
3.091728461535189876e+00 1.148537544063686770e-08
3.089850190337497970e+00 1.149192668244155565e-08
3.087922275716003639e+00 1.149770620259826242e-08
3.085944923561303010e+00 1.150340639514359716e-08
3.083918345043645814e+00 1.150938087264015720e-08
3.081842756590385424e+00 1.151572718464844376e-08
3.079718379862864452e+00 1.152240138042659502e-08
3.077545441732742137e+00 1.152931258062610054e-08
3.075324174257767051e+00 1.153637846066613391e-08
3.073054814656993816e+00 1.154354619899899228e-08
3.070737605285449590e+00 1.155079118327810050e-08
3.068372793608250770e+00 1.155810694055131125e-08
3.065960632174177913e+00 1.156549469523564335e-08
3.063501378588702195e+00 1.157295673105260163e-08
3.060995295486474976e+00 1.158049347382329242e-08
3.058442650503281790e+00 1.158810325668444315e-08
3.055843716247458097e+00 1.159578296994631850e-08
3.053198770270777462e+00 1.160352887887416905e-08
3.050508095038809486e+00 1.161133705700177083e-08
3.047771977900755935e+00 1.161920361479365714e-08
3.044990711058761512e+00 1.162712459830503794e-08
3.042164591536709040e+00 1.163509606162008730e-08
3.039293921148499500e+00 1.164311386263561349e-08
3.036379006465818708e+00 1.165117379526193465e-08
3.033420158785398169e+00 1.165927144323382808e-08
3.030417694095770553e+00 1.166740229151293704e-08
3.027371933043522922e+00 1.167556162218152212e-08
3.024283200899053448e+00 1.168374461735570203e-08
3.021151827521835642e+00 1.169194626507490508e-08
3.017978147325189653e+00 1.170016143684444002e-08
3.014762499240570381e+00 1.170838481373324289e-08
3.011505226681368885e+00 1.171661095569593843e-08
3.008206677506241267e+00 1.172483424779808992e-08
3.004867203981955726e+00 1.173304893429747472e-08
3.001487162745775983e+00 1.174124909710551542e-08
2.998066914767370861e+00 1.174942867981105328e-08
2.994606825310266895e+00 1.175758146282821958e-08
2.991107263892839985e+00 1.176570109971363333e-08
2.987568604248852733e+00 1.177378106521353124e-08
2.983991224287541488e+00 1.178181473357325238e-08
2.980375506053257517e+00 1.178979528349678985e-08
2.976721835684666750e+00 1.179771581374582560e-08
2.973030603373514769e+00 1.180556921659749971e-08
2.969302203322952138e+00 1.181334830449306624e-08
2.965537033705438752e+00 1.182104571898060722e-08
2.961735496620220509e+00 1.182865397556984443e-08
2.957897998050387667e+00 1.183616545163590174e-08
2.954024947819517521e+00 1.184357240396765392e-08
2.950116759547907197e+00 1.185086692712299781e-08
2.946173850608402311e+00 1.185804102611277593e-08
2.942196642081823299e+00 1.186508652266649428e-08
2.938185558711996048e+00 1.187199515846594837e-08
2.934141028860392630e+00 1.187875849504472571e-08
2.930063484460383005e+00 1.188536800489772654e-08
2.925953360971109252e+00 1.189181499160043133e-08
2.921811097330978324e+00 1.189809065718014610e-08
2.917637135910787549e+00 1.190418604494836085e-08
2.913431922466481971e+00 1.191009208532296880e-08
2.909195906091548878e+00 1.191579955754456755e-08
2.904929539169058383e+00 1.192129912605350995e-08
2.900633277323350523e+00 1.192658129206950223e-08
2.896307579371377727e+00 1.193163644942270369e-08
2.891952907273704909e+00 1.193645483214605463e-08
2.887569726085175148e+00 1.194102655140367443e-08
2.883158503905245418e+00 1.194534156042487548e-08
2.878719711827994132e+00 1.194938969791314588e-08
2.874253823891812054e+00 1.195316062743348089e-08
2.869761317028777903e+00 1.195664390102131637e-08
2.865242671013723985e+00 1.195982890452851039e-08
2.860698368412999404e+00 1.196270489574977351e-08
2.856128894532933948e+00 1.196526095421315634e-08
2.851534737368010664e+00 1.196748605810805495e-08
2.846916387548751093e+00 1.196936899192522797e-08
2.842274338289317193e+00 1.197089841737156627e-08
2.837609085334841019e+00 1.197206282270106344e-08
2.832921126908479970e+00 1.197285056894785596e-08
2.828210963658210009e+00 1.197324983210535049e-08
2.823479098603358661e+00 1.197324865478782868e-08
2.818726037080887092e+00 1.197283490802128560e-08
2.813952286691420834e+00 1.197199631262556052e-08
2.809158357245042037e+00 1.197072041559028858e-08
2.804344760706844131e+00 1.196899461965891450e-08
2.799512011142257339e+00 1.196680614448710175e-08
2.794660624662148596e+00 1.196414205958039121e-08
2.789791119367703853e+00 1.196098925274729619e-08
2.784904015295099011e+00 1.195733445567568724e-08
2.779999834359960342e+00 1.195316421953905886e-08
2.775079100301630408e+00 1.194846493012601203e-08
2.770142338627231915e+00 1.194322278776810609e-08
2.765190076555548160e+00 1.193742383307062701e-08
2.760222842960720069e+00 1.193105390384802608e-08
2.755241168315764266e+00 1.192409868890727617e-08
2.750245584635919727e+00 1.191654365357974260e-08
2.745236625421834997e+00 1.190837411999979119e-08
2.740214825602591109e+00 1.189957518304870609e-08
2.735180721478574384e+00 1.189013177903485087e-08
2.730134850664202251e+00 1.188002862590367574e-08
2.725077752030510503e+00 1.186925026035589741e-08
2.720009965647602890e+00 1.185778101248481471e-08
2.714932032726975919e+00 1.184560500739183532e-08
2.709844495563720201e+00 1.183270616695233273e-08
2.704747897478605889e+00 1.181906821577566610e-08
2.699642782760059756e+00 1.180467462726785933e-08
2.694529696606037472e+00 1.178950871496473349e-08
2.689409185065799957e+00 1.177355351739244517e-08
2.684281794981598690e+00 1.175679188715840530e-08
2.679148073930273988e+00 1.173920643695104111e-08
2.674008570164780885e+00 1.172077955427509563e-08
2.668863832555633753e+00 1.170149339761731300e-08
2.663714410532293630e+00 1.168132989052044049e-08
2.658560854024491160e+00 1.166027072443288220e-08
2.653403713403496678e+00 1.163829736049175975e-08
2.648243539423344117e+00 1.161539102383963544e-08
2.643080883162013173e+00 1.159153269084401599e-08
2.637916295962577262e+00 1.156670313441368796e-08
2.632750329374323961e+00 1.154088285084576451e-08
2.627583535093851008e+00 1.151405212984037827e-08
2.622416464906149880e+00 1.148619099171563306e-08
2.617249670625676927e+00 1.145727923450051646e-08
2.612083704037423626e+00 1.142729636744464655e-08
2.606919116837987715e+00 1.139622163789100587e-08
2.601756460576656771e+00 1.136403398992909024e-08
2.596596286596504211e+00 1.133071202236644250e-08
2.591439145975509728e+00 1.129623397496203118e-08
2.586285589467707258e+00 1.126057762136938567e-08
2.581136167444367580e+00 1.122372024851415311e-08
2.575991429835220448e+00 1.118563851507949656e-08
2.570851926069726900e+00 1.114630836619549581e-08
2.565718205018402198e+00 1.110570486509510455e-08
2.560590814934200932e+00 1.106380204841471458e-08
2.555470303393963416e+00 1.102057269991772299e-08
2.550357217239941132e+00 1.097598813184693632e-08
2.545252102521394999e+00 1.093001790716435192e-08
2.540155504436280687e+00 1.088262957143450368e-08
2.535067967273024969e+00 1.083378824163969624e-08
2.529990034352398443e+00 1.078345635603167072e-08
2.524922247969490385e+00 1.073159316936749594e-08
2.519865149335798638e+00 1.067815441940250658e-08
2.514819278521426948e+00 1.062309185285033591e-08
2.509785174397409779e+00 1.056635283750885237e-08
2.504763374578165891e+00 1.050787986237374294e-08
2.499754415364081161e+00 1.044761021178946626e-08
2.494758831684237066e+00 1.038547551874255550e-08
2.489777157039280819e+00 1.032140147748029652e-08
2.484809923444452728e+00 1.025530755723154489e-08
2.479857661372769417e+00 1.018710683746480472e-08
2.474920899698370480e+00 1.011670592490800743e-08
2.470000165640040102e+00 1.004400501537419434e-08
2.465095984704901877e+00 9.968898065567093666e-09
2.460208880632297035e+00 9.891273178097959813e-09
2.455339375337852292e+00 9.811013074965494744e-09
2.450487988857743549e+00 9.727995900896514733e-09
2.445655239293156757e+00 9.642096029675544943e-09
2.440841642754959295e+00 9.553185295798659426e-09
2.436047713308580498e+00 9.461134243078336363e-09
2.431273962919113796e+00 9.365813708536289976e-09
2.426520901396642227e+00 9.267096510155369690e-09
2.421789036341790879e+00 9.164859414549744199e-09
2.417078873091520919e+00 9.058985131816083287e-09
2.412390914665159425e+00 8.949364591417921753e-09
2.407725661710683696e+00 8.835899186761030352e-09
2.403083612451250239e+00 8.718503185725171101e-09
2.398465262631990225e+00 8.597106082766638127e-09
2.393871105467067384e+00 8.471655016043570552e-09
2.389301631587001484e+00 8.342116996843515603e-09
2.384757328986276903e+00 8.208481187673294272e-09
2.380238682971222985e+00 8.070760786484388054e-09
2.375746176108188834e+00 7.928994987636460062e-09
2.371280288172006756e+00 7.783250407686051104e-09
2.366841496094755470e+00 7.633622435518107619e-09
2.362430273914825740e+00 7.480236123187413408e-09
2.358047092726296423e+00 7.323246814070857274e-09
2.353692420628623161e+00 7.162840335420294598e-09
2.349366722676650365e+00 6.999232856906766325e-09
2.345070460830942505e+00 6.832670286796079670e-09
2.340804093908452010e+00 6.663427381587803716e-09
2.336568077533518917e+00 6.491806257020339540e-09
2.332362864089213339e+00 6.318134816724513195e-09
2.328188902669022564e+00 6.142764431564132031e-09
2.324046639028891637e+00 5.966067576657265361e-09
2.319936515539617883e+00 5.788434957241924039e-09
2.315858971139608258e+00 5.610272351598207478e-09
2.311814441288004840e+00 5.431997190299372744e-09
2.307803357918177589e+00 5.254034970806814096e-09
2.303826149391598577e+00 5.076815207997078321e-09
2.299883240452093691e+00 4.900767717664660268e-09
2.295975052180483367e+00 4.726318250689521351e-09
2.292102001949613221e+00 4.553884655113653944e-09
2.288264503379780379e+00 4.383872645239878837e-09
2.284462966294562136e+00 4.216672046549882098e-09
2.280697796677048750e+00 4.052653039756874617e-09
2.276969396626486120e+00 3.892162706358206457e-09
2.273278164315334138e+00 3.735522186456629132e-09
2.269624493946743815e+00 3.583023743508122208e-09
2.266008775712459400e+00 3.434928945079007331e-09
2.262431395751148155e+00 3.291466861562282871e-09
2.258892736107160903e+00 3.152832981795876316e-09
2.255393174689733993e+00 3.019188963896449695e-09
2.251933085232630027e+00 2.890662384814218335e-09
2.248512837254224905e+00 2.767347736879974638e-09
2.245132796018044719e+00 2.649307272717939162e-09
2.241793322493759621e+00 2.536572943567213420e-09
2.238494773318632003e+00 2.429148230769340635e-09
2.235237500759430507e+00 2.327010754505761615e-09
2.232021852674811235e+00 2.230114864372468863e-09
2.228848172478165246e+00 2.138394729934176558e-09
2.225716799100947441e+00 2.051767229582832246e-09
2.222628066956478410e+00 1.970135347347506967e-09
2.219582305904230335e+00 1.893391146551791911e-09
2.216579841214602720e+00 1.821419159552971625e-09
2.213620993534182180e+00 1.754099132134406005e-09
2.210706078851501388e+00 1.691309471202271391e-09
2.207835408463291849e+00 1.632929818809254990e-09
2.205009288941239376e+00 1.578844389420569506e-09
2.202228022099244953e+00 1.528944747290553732e-09
2.199491904961191402e+00 1.483132794155632195e-09
2.196801229729223426e+00 1.441322657908482509e-09
2.194156283752542791e+00 1.403441426846452730e-09
2.191557349496719098e+00 1.369427500916677341e-09
2.189004704513525912e+00 1.339227511260012390e-09
2.186498621411298693e+00 1.312793380392635272e-09
2.184039367825822975e+00 1.290084784098263190e-09
2.181627206391750118e+00 1.271083785972774663e-09
2.179262394714551299e+00 1.255828713766333693e-09
2.176945185343007072e+00 1.244469939972141473e-09
2.174675825742233837e+00 1.237341249646470425e-09
2.172454558267258751e+00 1.235026970171369665e-09
2.170281620137136436e+00 1.238390467371830810e-09
2.168157243409615464e+00 1.248522757286559150e-09
2.166081654956355074e+00 1.266573131020222839e-09
2.164055076438697878e+00 1.293445741156582711e-09
2.162077724283997249e+00 1.329382767067134925e-09
2.160149809662502918e+00 1.373501349212145083e-09
2.158271538464810568e+00 1.423393791879734970e-09
2.156443111279874092e+00 1.474922629309605738e-09
2.154664723373581836e+00 1.522334652209620778e-09
2.152936564667905284e+00 1.558770994073823210e-09
2.151258819720615278e+00 1.577173870611713419e-09
2.149631667705573346e+00 1.571498726778632713e-09
2.148055282393595444e+00 1.538052990224918019e-09
2.146529832133896143e+00 1.476727223407796302e-09
2.145055479836107448e+00 1.391872513489089065e-09
2.143632382952882942e+00 1.292618189627148371e-09
2.142260693463081900e+00 1.192509749095229818e-09
2.140940557855539605e+00 1.108461973183628136e-09
2.139672117113420757e+00 1.059137533845886802e-09
2.138455506699167064e+00 1.062967263663617981e-09
2.137290856540027040e+00 1.136085120821259580e-09
2.136178291014182218e+00 1.290470241386187022e-09
2.135117928937464438e+00 1.532551102495077600e-09
2.134109883550665554e+00 1.862455363857968110e-09
2.133154262507446663e+00 2.273983284178287560e-09
2.132251167862837526e+00 2.755283439554120743e-09
2.131400696062341282e+00 3.290104586819572867e-09
2.130602937931631580e+00 3.859425142731828536e-09
2.129857978666855445e+00 4.443242183072651974e-09
2.129165897825533449e+00 5.022270029949224963e-09
2.128526769318063394e+00 5.579366865049085653e-09
2.127940661399827071e+00 6.100553930662458266e-09
2.127407636663901869e+00 6.575550290312091475e-09
2.126927752034375008e+00 6.997852964384194700e-09
2.126501058760265295e+00 7.364408261332299189e-09
2.126127602410048834e+00 7.675032488169933871e-09
2.125807422866794028e+00 7.931611517876573830e-09
2.125540554323901876e+00 8.137349186207879133e-09
2.125327025281453341e+00 8.295979954955420376e-09
2.125166858543166892e+00 8.411195969687031362e-09
2.125060071213961788e+00 8.486079123511000299e-09
2.125006674698133313e+00 8.522795488398023239e-09
