2.510524725024933623e+00 3.242934352092689654e+00 -2.497644034544179270e+00 -2.539855737387317625e-01
2.505533875500751684e+00 3.239665265044208819e+00 -2.493494120784446100e+00 -2.453305339643163385e-01
2.500555618067555219e+00 3.239665265044208819e+00 -2.488539785198403909e+00 -2.448430855341673651e-01
2.495590477448740074e+00 3.236396177995728429e+00 -2.484384055011219505e+00 -2.362365304918765951e-01
2.490638976985150244e+00 3.236396177995728429e+00 -2.479454789207681475e+00 -2.357678136487817155e-01
2.485701638579916217e+00 3.233127090947248039e+00 -2.475295615506019509e+00 -2.272097090697388910e-01
2.480778982643444319e+00 3.233127090947248039e+00 -2.470393567542147562e+00 -2.267597454836766391e-01
2.475871528038564584e+00 3.233127090947248039e+00 -2.465506657271736568e+00 -2.263111714007128294e-01
2.470979792025841171e+00 3.229858003898767205e+00 -2.461360619355778656e+00 -2.178188102175845631e-01
2.466104290209049754e+00 3.229858003898767205e+00 -2.456504097173697332e+00 -2.173890309015519828e-01
2.461245536480833440e+00 3.226588916850286815e+00 -2.452360419754058274e+00 -2.089448790244063381e-01
2.456404042968536761e+00 3.226588916850286815e+00 -2.447536404073351601e+00 -2.085338654699965266e-01
2.451580319980224409e+00 3.226588916850286815e+00 -2.442730094764891113e+00 -2.081243605257310780e-01
2.446774875950893602e+00 3.223319829801806424e+00 -2.438608013189480506e+00 -1.997454670138054666e-01
2.441988217388885385e+00 3.223319829801806424e+00 -2.433837331570813500e+00 -1.993547022731251839e-01
2.437220848822494457e+00 3.220050742753325590e+00 -2.429723330258332314e+00 -1.910235700990799146e-01
2.432473272746792148e+00 3.220050742753325590e+00 -2.424990358948455604e+00 -1.906514663844182944e-01
2.427745989570661678e+00 3.220050742753325590e+00 -2.420277618111969176e+00 -1.902809531789325936e-01
2.423039497564052791e+00 3.216781655704845200e+00 -2.416193534881281302e+00 -1.820143091994551043e-01
2.418354292805463768e+00 3.216781655704845200e+00 -2.411521567520172216e+00 -1.816623651603876677e-01
2.413690869129650807e+00 3.216781655704845200e+00 -2.406871319702404755e+00 -1.813120572765455907e-01
2.409049718075579882e+00 3.213512568656364810e+00 -2.402822029413493432e+00 -1.731093270891251312e-01
2.404431328834614856e+00 3.213512568656364810e+00 -2.398215579274530995e+00 -1.727774591962625006e-01
2.399836188198955167e+00 3.213512568656364810e+00 -2.393632317640380869e+00 -1.724472619000629037e-01
2.395264780510326652e+00 3.213512568656364810e+00 -2.389072727600686008e+00 -1.721187700043204094e-01
2.390717587608931716e+00 3.210243481607883975e+00 -2.385086150130885763e+00 -1.639958540832625045e-01
2.386195088782660623e+00 3.210243481607883975e+00 -2.380574304243931572e+00 -1.636856246101331958e-01
2.381697760716572354e+00 3.210243481607883975e+00 -2.376087569826358603e+00 -1.633771217735315584e-01
2.377226077442653018e+00 3.210243481607883975e+00 -2.371626419793550156e+00 -1.630703780905900513e-01
2.372780510289849598e+00 3.206974394559403585e+00 -2.367710768769323959e+00 -1.550260154462320128e-01
2.368361527834390134e+00 3.206974394559403585e+00 -2.363301228021066791e+00 -1.547373004810568553e-01
2.363969595850396122e+00 3.206974394559403585e+00 -2.358918679947568542e+00 -1.544503528630041811e-01
2.359605177260787556e+00 3.206974394559403585e+00 -2.354563586482656845e+00 -1.541652028372212102e-01
2.355268732088488193e+00 3.203705307510923195e+00 -2.350726900637799321e+00 -1.461979444845968035e-01
2.350960717407940326e+00 3.203705307510923195e+00 -2.346427193406970257e+00 -1.459305342810286177e-01
2.346681587296925553e+00 3.203705307510923195e+00 -2.342156315045513804e+00 -1.456649170213548949e-01
2.342431792788704392e+00 3.203705307510923195e+00 -2.337914715716931102e+00 -1.454011207024384911e-01
2.338211781824477420e+00 3.203705307510923195e+00 -2.333702842498626140e+00 -1.451391731292095977e-01
2.334021999206167930e+00 3.200436220462442360e+00 -2.329982313183098341e+00 -1.372629339344569044e-01
2.329862886549540768e+00 3.200436220462442360e+00 -2.325830399048709918e+00 -1.370183381225893449e-01
2.325734882237653789e+00 3.200436220462442360e+00 -2.321709539417262214e+00 -1.367755717804827187e-01
2.321638421374652150e+00 3.200436220462442360e+00 -2.317620168639828560e+00 -1.365346604964440269e-01
2.317573935739904112e+00 3.200436220462442360e+00 -2.313562717748461228e+00 -1.362956296632514830e-01
2.313541853742494325e+00 3.197167133413961970e+00 -2.309970059790775299e+00 -1.285077113968664808e-01
2.309542600376064403e+00 3.197167133413961970e+00 -2.305976980727594938e+00 -1.282855693610158165e-01
2.305576597174019859e+00 3.197167133413961970e+00 -2.302017100495068469e+00 -1.280652742347085371e-01
2.301644262165098098e+00 3.197167133413961970e+00 -2.298090836476553989e+00 -1.278468492377174970e-01
2.297746009829305880e+00 3.197167133413961970e+00 -2.294198602512157237e+00 -1.276303173926982282e-01
2.293882251054235599e+00 3.197167133413961970e+00 -2.290340808855116705e+00 -1.274157015227624368e-01
2.290053393091751488e+00 3.193898046365481580e+00 -2.286921481229547304e+00 -1.197275319293742285e-01
2.286259839515067949e+00 3.193898046365481580e+00 -2.283133115774451660e+00 -1.195291990833592388e-01
2.282501990176210249e+00 3.193898046365481580e+00 -2.279380405727523318e+00 -1.193327329100983408e-01
2.278780241163868236e+00 3.193898046365481580e+00 -2.275663746635754769e+00 -1.191381541177206210e-01
2.275094984761648842e+00 3.193898046365481580e+00 -2.271983530246260319e+00 -1.189454832154195341e-01
2.271446609406726491e+00 3.193898046365481580e+00 -2.268340144464981112e+00 -1.187547405112911042e-01
2.267835499648903408e+00 3.193898046365481580e+00 -2.264733973315803617e+00 -1.185659461101935264e-01
2.264262036110073595e+00 3.193898046365481580e+00 -2.261165396900077784e+00 -1.183791199116278753e-01
2.260726595444105147e+00 3.190628959317000746e+00 -2.258009114481652091e+00 -1.108132585302028378e-01
2.257229550297142673e+00 3.190628959317000746e+00 -2.254516272918453801e+00 -1.106418450701484035e-01
2.253771269268324939e+00 3.190628959317000746e+00 -2.251062148877427838e+00 -1.104723316975500802e-01
2.250352116870935948e+00 3.190628959317000746e+00 -2.247647106433700248e+00 -1.103047362796301945e-01
2.246972453493983668e+00 3.190628959317000746e+00 -2.244271505543076195e+00 -1.101390764814529216e-01
2.243632635364213090e+00 3.190628959317000746e+00 -2.240935702004103192e+00 -1.099753697640621780e-01
2.240333014508560705e+00 3.190628959317000746e+00 -2.237640047420567324e+00 -1.098136333826413014e-01
2.237073938717049071e+00 3.190628959317000746e+00 -2.234384889164434007e+00 -1.096538843846943112e-01
2.233855751506125920e+00 3.190628959317000746e+00 -2.231170570339231052e+00 -1.094961396082488603e-01
2.230678792082461115e+00 3.190628959317000746e+00 -2.227997429743889146e+00 -1.093404156800816956e-01
2.227543395307190810e+00 3.187359872268520355e+00 -2.225210853640847031e+00 -1.019128785564534234e-01
2.224449891660620793e+00 3.187359872268520355e+00 -2.222120589314402483e+00 -1.017713469202522897e-01
2.221398607207395681e+00 3.187359872268520355e+00 -2.219072499972050583e+00 -1.016317468646135008e-01
2.218389863562129083e+00 3.187359872268520355e+00 -2.216066906891630772e+00 -1.014940931038052774e-01
2.215423977855504489e+00 3.187359872268520355e+00 -2.213104126871747290e+00 -1.013584001469504947e-01
2.212501262700849125e+00 3.187359872268520355e+00 -2.210184472198378991e+00 -1.012246822964973925e-01
2.209622026161183861e+00 3.187359872268520355e+00 -2.207308250611962119e+00 -1.010929536467119888e-01
2.206786571716750966e+00 3.187359872268520355e+00 -2.204475765274954480e+00 -1.009632280821925188e-01
2.203995198233027697e+00 3.187359872268520355e+00 -2.201687314739879664e+00 -1.008355192764059660e-01
2.201248199929226157e+00 3.187359872268520355e+00 -2.198943192917862888e+00 -1.007098406902469240e-01
2.198545866347277666e+00 3.187359872268520355e+00 -2.196243689047645109e+00 -1.005862055706185781e-01
2.195888482321319390e+00 3.187359872268520355e+00 -2.193589087665102966e+00 -1.004646269490366700e-01
2.193276327947666804e+00 3.187359872268520355e+00 -2.190979668573254102e+00 -1.003451176402557071e-01
2.190709678555295081e+00 3.187359872268520355e+00 -2.188415706812765649e+00 -1.002276902409184600e-01
2.188188804676815646e+00 3.187359872268520355e+00 -2.185897472632964522e+00 -1.001123571282281077e-01
2.185713972019962981e+00 3.187359872268520355e+00 -2.183425231463353988e+00 -9.999913045864369798e-02
2.183285441439586805e+00 3.187359872268520355e+00 -2.180999243885632044e+00 -9.988802216659878330e-02
2.180903468910158072e+00 3.184090785220039965e+00 -2.178934310037330846e+00 -9.265642582412920991e-02
2.178568305498788771e+00 3.184090785220039965e+00 -2.176601255067631246e+00 -9.255721561217017390e-02
2.176280197338767319e+00 3.184090785220039965e+00 -2.174315212862636848e+00 -9.246000455857295020e-02
2.174039385603617536e+00 3.184090785220039965e+00 -2.172076424378113657e+00 -9.236480290967671869e-02
2.171846106481675420e+00 3.184090785220039965e+00 -2.169885125589141595e+00 -9.227162070002330185e-02
2.169700591151197511e+00 3.184090785220039965e+00 -2.167741547465243279e+00 -9.218046775129958015e-02
2.167603065755990155e+00 3.184090785220039965e+00 -2.165645915946038169e+00 -9.209135367130209804e-02
2.165553751381577019e+00 3.184090785220039965e+00 -2.163598451917429610e+00 -9.200428785292452671e-02
2.163552864031893286e+00 3.184090785220039965e+00 -2.161599371188320351e+00 -9.191927947316756720e-02
2.161600614606520310e+00 3.184090785220039965e+00 -2.159648884467868957e+00 -9.183633749217164077e-02
2.159697208878453623e+00 3.184090785220039965e+00 -2.157747197343276024e+00 -9.175547065227250554e-02
2.157842847472416725e+00 3.184090785220039965e+00 -2.155894510258119734e+00 -9.167668747707977128e-02
2.156037725843711339e+00 3.184090785220039965e+00 -2.154091018491222531e+00 -9.159999627057843763e-02
2.154282034257620104e+00 3.184090785220039965e+00 -2.152336912136075586e+00 -9.152540511625376074e-02
2.152575957769347514e+00 3.184090785220039965e+00 -2.150632376080794383e+00 -9.145292187623904612e-02
2.150919676204517295e+00 3.184090785220039965e+00 -2.148977589988636527e+00 -9.138255419048711692e-02
2.149313364140218674e+00 3.184090785220039965e+00 -2.147372728279064447e+00 -9.131430947596499981e-02
2.147757190886602441e+00 3.184090785220039965e+00 -2.145817960109356548e+00 -9.124819492587202263e-02
2.146251320469038326e+00 3.184090785220039965e+00 -2.144313449356782808e+00 -9.118421750888185129e-02
2.144795911610824390e+00 3.184090785220039965e+00 -2.142859354601328370e+00 -9.112238396840779964e-02
2.143391117716458183e+00 3.184090785220039965e+00 -2.141455829108980691e+00 -9.106270082189210635e-02
2.142037086855466121e+00 3.184090785220039965e+00 -2.140103020815571799e+00 -9.100517436011899830e-02
2.140733961746798197e+00 3.184090785220039965e+00 -2.138801072311190765e+00 -9.094981064655162373e-02
2.139481879743783566e+00 3.184090785220039965e+00 -2.137550120825148170e+00 -9.089661551669288297e-02
2.138280972819654124e+00 3.184090785220039965e+00 -2.136350298211515675e+00 -9.084559457747043432e-02
2.137131367553632533e+00 3.184090785220039965e+00 -2.135201730935227360e+00 -9.079675320664562510e-02
2.136033185117592215e+00 3.184090785220039965e+00 -2.134104540058749055e+00 -9.075009655224670901e-02
2.134986541263284909e+00 3.184090785220039965e+00 -2.133058841229318769e+00 -9.070562953202625234e-02
2.133991546310139320e+00 3.184090785220039965e+00 -2.132064744666756884e+00 -9.066335683294270142e-02
2.133048305133634415e+00 3.184090785220039965e+00 -2.131122355151849224e+00 -9.062328291066645836e-02
2.132156917154243381e+00 3.184090785220039965e+00 -2.130231772015301228e+00 -9.058541198911014558e-02
2.131317476326957117e+00 3.184090785220039965e+00 -2.129393089127271210e+00 -9.054974805998354526e-02
2.130530071131378822e+00 3.184090785220039965e+00 -2.128606394887473385e+00 -9.051629488237265819e-02
2.129794784562398124e+00 3.184090785220039965e+00 -2.127871772215859991e+00 -9.048505598234363179e-02
2.129111694121443854e+00 3.184090785220039965e+00 -2.127189298543883389e+00 -9.045603465257102960e-02
2.128480871808315467e+00 3.184090785220039965e+00 -2.126559045806333259e+00 -9.042923395199083114e-02
2.127902384113593115e+00 3.184090785220039965e+00 -2.125981080433755555e+00 -9.040465670547793986e-02
2.127376292011631254e+00 3.184090785220039965e+00 -2.125455463345450102e+00 -9.038230550354857396e-02
2.126902650954127783e+00 3.184090785220039965e+00 -2.124982249943046408e+00 -9.036218270208695724e-02
2.126481510864283830e+00 3.184090785220039965e+00 -2.124561490104670103e+00 -9.034429042209728145e-02
2.126112916131539521e+00 3.184090785220039965e+00 -2.124193228179680926e+00 -9.032863054948001014e-02
2.125796905606894605e+00 3.184090785220039965e+00 -2.123877502984000909e+00 -9.031520473483309330e-02
2.125533512598813957e+00 3.184090785220039965e+00 -2.123614347796018986e+00 -9.030401439327798152e-02
2.125322764869718384e+00 3.184090785220039965e+00 -2.123403790353090237e+00 -9.029506070431059239e-02
2.125164684633055856e+00 3.184090785220039965e+00 -2.123245852848604898e+00 -9.028834461167678516e-02
