1.000000000000000000e+00 2.187502824561781314e-13
9.999983702184260803e-01 2.176259141696382249e-07
9.999853320639093823e-01 1.951039863024571061e-06
9.999592562779354710e-01 5.411464888273371719e-06
9.999201439066023323e-01 1.054829974535282110e-05
9.998679965190041541e-01 1.723555644337973277e-05
9.998028162071692648e-01 2.531684642299381746e-05
9.997246055859752012e-01 3.462964469258463944e-05
9.996333677930444583e-01 4.498789864361668178e-05
9.995291064886181465e-01 5.618633316904738447e-05
9.994118258554095524e-01 6.801105383249604738e-05
9.992815305984361629e-01 8.024345376279457518e-05
9.991382259448311487e-01 9.266845515164369776e-05
9.989819176436329773e-01 1.050779469342826651e-04
9.988126119655554858e-01 1.172789592774232270e-04
9.986303157027364152e-01 1.290955054647036451e-04
9.984350361684639630e-01 1.403759670204835289e-04
9.982267811968843496e-01 1.509927685243101566e-04
9.980055591426874040e-01 1.608483673920662617e-04
9.977713788807706097e-01 1.698723882366806538e-04
9.975242498058841667e-01 1.780258179423255824e-04
9.972641818322532936e-01 1.852955663471363504e-04
9.969911853931808787e-01 1.916968115542598994e-04
9.967052714406288150e-01 1.972654350296251867e-04
9.964064514447785736e-01 2.020589291646570761e-04
9.960947373935710170e-01 2.061476285619239760e-04
9.957701417922257825e-01 2.096149907513683184e-04
9.954326776627394624e-01 2.125486536827780307e-04
9.950823585433624663e-01 2.150409415255683941e-04
9.947191984880572324e-01 2.171804221655115918e-04
9.943432120659336793e-01 2.190534375390507853e-04
9.939544143606641180e-01 2.207366796986415497e-04
9.935528209698797353e-01 2.223006858689341122e-04
9.931384480045430951e-01 2.238037307161680597e-04
9.927113120883029884e-01 2.252972852470461792e-04
9.922714303568271887e-01 2.268205217896491403e-04
9.918188204571150024e-01 2.284067547786906740e-04
9.913535005467890571e-01 2.300785332135258114e-04
9.908754892933672176e-01 2.318549024334776154e-04
9.903848058735136295e-01 2.337471818063541749e-04
9.898814699722693344e-01 2.357657389925664438e-04
9.893655017822625686e-01 2.379152354223392038e-04
9.888369220028986328e-01 2.402009511578960543e-04
9.882957518395294461e-01 2.426242465027885181e-04
9.877420130026031142e-01 2.451888486653762259e-04
9.871757277067922942e-01 2.478954861306575225e-04
9.865969186701042393e-01 2.507473572109715260e-04
9.860056091129679734e-01 2.537451338408320710e-04
9.854018227573034805e-01 2.568923557811132762e-04
9.847855838255702432e-01 2.601903874171154112e-04
9.841569170397950206e-01 2.636429000940996984e-04
9.835158476205803080e-01 2.672514563178883485e-04
9.828624012860922576e-01 2.710199477167715980e-04
9.821966042510296147e-01 2.749503448575251201e-04
9.815184832255710035e-01 2.790462178572536921e-04
9.808280654143044508e-01 2.833096729291853370e-04
9.801253785151352593e-01 2.877441487545765700e-04
9.794104507181752295e-01 2.923517959654934879e-04
9.786833107046114533e-01 2.971356512183444612e-04
9.779439876455560121e-01 3.020979820423486768e-04
9.771925112008752468e-01 3.072414906698460436e-04
9.764289115180004863e-01 3.125685152381576333e-04
9.756532192307181273e-01 3.180813185387985887e-04
9.748654654579409495e-01 3.237824841860060111e-04
9.740656818024591157e-01 3.296738401936448546e-04
9.732539003496735175e-01 3.357581084734742550e-04
9.724301536663072509e-01 3.420368306728760141e-04
9.715944747991002162e-01 3.485129113361583254e-04
9.707468972734826229e-01 3.551874980977961084e-04
9.698874550922300664e-01 3.620638277522080103e-04
9.690161827341003953e-01 3.691426591426764047e-04
9.681331151524490419e-01 3.764275195228104385e-04
9.672382877738276985e-01 3.839188932277897673e-04
9.663317364965630096e-01 3.916205532014021347e-04
9.654134976893163911e-01 3.995327796387456213e-04
9.644836081896244195e-01 4.076595968009668215e-04
9.635421053024220139e-01 4.160010673403839103e-04
9.625890267985449666e-01 4.245615703330818174e-04
9.616244109132153772e-01 4.333409129958322513e-04
9.606482963445069911e-01 4.423437976286245972e-04
9.596607222517933300e-01 4.515699515923018905e-04
9.586617282541766150e-01 4.610242529086872477e-04
9.576513544288980384e-01 4.707064501253442135e-04
9.566296413097304940e-01 4.806215915509332156e-04
9.555966298853515450e-01 4.907694950139778909e-04
9.545523615977001830e-01 5.011553229011551230e-04
9.534968783403136028e-01 5.117790341089432839e-04
9.524302224566465469e-01 5.226458957637460231e-04
9.513524367383726643e-01 5.337560457846128939e-04
9.502635644236681056e-01 5.451148005082951482e-04
9.491636491954763555e-01 5.567225631700301958e-04
9.480527351797564117e-01 5.685846617765179332e-04
9.469308669437118686e-01 5.807018184830061791e-04
9.457980894940036798e-01 5.930793056626351136e-04
9.446544482749440474e-01 6.057182501505367763e-04
9.434999891666734362e-01 6.186238412326385645e-04
9.423347584833204893e-01 6.317976372245290252e-04
9.411588029711431824e-01 6.452447109130573762e-04
9.399721698066538789e-01 6.589670998294225009e-04
9.387749065947271765e-01 6.729697573351746485e-04
9.375670613666888809e-01 6.872552096275060061e-04
9.363486825783907674e-01 7.018282833627180993e-04
9.351198191082651379e-01 7.166920030567385663e-04
9.338805202553647211e-01 7.318510879507800649e-04
9.326308357373849223e-01 7.473090669418377442e-04
9.313708156886689737e-01 7.630705536067722110e-04
9.301005106581966553e-01 7.791395680130443506e-04
9.288199716075566936e-01 7.955206597317326499e-04
9.275292499089021758e-01 8.122183149302508991e-04
9.262283973428895312e-01 8.292370683590325484e-04
9.249174660966013040e-01 8.465818169786511844e-04
9.235965087614522728e-01 8.642571516541656821e-04
9.222655783310801381e-01 8.822683285937865834e-04
9.209247281992191114e-01 9.006200585053704497e-04
9.195740121575581849e-01 9.193179138803791485e-04
9.182134843935825241e-01 9.383667736470301677e-04
9.168431994884004288e-01 9.577724927221819206e-04
9.154632124145533068e-01 9.775401720293699654e-04
9.140735785338101049e-01 9.976759064952533777e-04
9.126743535949465302e-01 1.018185078046945869e-03
9.112655937315085053e-01 1.039073985487519013e-03
9.098473554595604140e-01 1.060348331201369301e-03
9.084196956754174712e-01 1.082014605479241030e-03
9.069826716533634370e-01 1.104078851313520853e-03
9.055363410433526772e-01 1.126547754514531027e-03
9.040807618686976799e-01 1.149427715102383516e-03
9.026159925237411397e-01 1.172725612574458719e-03
9.011420917715131651e-01 1.196448218317310540e-03
8.996591187413741642e-01 1.220602621794618066e-03
8.981671329266426307e-01 1.245195958646968170e-03
8.966661941822080539e-01 1.270235562218020387e-03
8.951563627221301722e-01 1.295728922176931069e-03
8.936376991172232387e-01 1.321683637520849408e-03
8.921102642926257431e-01 1.348107551245578996e-03
8.905741195253563669e-01 1.375008560918602194e-03
8.890293264418561714e-01 1.402394851679507684e-03
8.874759470155156871e-01 1.430274647226486423e-03
8.859140435641886802e-01 1.458656471833214441e-03
8.843436787476928185e-01 1.487548901541244865e-03
8.827649155652951274e-01 1.516960800718795445e-03
8.811778173531847891e-01 1.546901123569756255e-03
8.795824477819327303e-01 1.577379085275384908e-03
8.779788708539367770e-01 1.608404021532292352e-03
8.763671509008540417e-01 1.639985510388914996e-03
8.747473525810206540e-01 1.672133300488503997e-03
8.731195408768569477e-01 1.704857341176777312e-03
8.714837810922613226e-01 1.738167792008789812e-03
8.698401388499901188e-01 1.772075009789483803e-03
8.681886800890247224e-01 1.806589577345646272e-03
8.665294710619266816e-01 1.841722264542432728e-03
8.648625783321794991e-01 1.877484093149961279e-03
8.631880687715184353e-01 1.913886273792737239e-03
8.615060095572477650e-01 1.950940275514305346e-03
8.598164681695457112e-01 1.988657774764154319e-03
8.581195123887572773e-01 2.027050703758488844e-03
8.564152102926751997e-01 2.066131214264189855e-03
8.547036302538086883e-01 2.105911721363670861e-03
8.529848409366406203e-01 2.146404879606238734e-03
8.512589112948727443e-01 2.187623604895493155e-03
8.495259105686595591e-01 2.229581070541293304e-03
8.477859082818304248e-01 2.272290714035306303e-03
8.460389742391005719e-01 2.315766243397281415e-03
8.442851785232706741e-01 2.360021643818467629e-03
8.425245914924150981e-01 2.405071182852568969e-03
8.407572837770594942e-01 2.450929408584793731e-03
8.389833262773476186e-01 2.497611169856195357e-03
8.372027901601959421e-01 2.545131608152709137e-03
8.354157468564399336e-01 2.593506173458633070e-03
8.336222680579673527e-01 2.642750622908571646e-03
8.318224257148427725e-01 2.692881030477170968e-03
8.300162920324206661e-01 2.743913790505530994e-03
8.282039394684492795e-01 2.795865634722561645e-03
8.263854407301629568e-01 2.848753623562069043e-03
8.245608687713666951e-01 2.902595162952552061e-03
8.227302967895074870e-01 2.957408006051437041e-03
8.208937982227393348e-01 3.013210265745632204e-03
8.190514467469767190e-01 3.070020416499624847e-03
8.172033162729386291e-01 3.127857304919494114e-03
8.153494809431834911e-01 3.186740155255756574e-03
8.134900151291351023e-01 3.246688578304483038e-03
8.116249934280983513e-01 3.307722579296403734e-03
8.097544906602676118e-01 3.369862564074160589e-03
8.078785818657239215e-01 3.433129349883797324e-03
8.059973423014252791e-01 3.497544171265395095e-03
8.041108474381877258e-01 3.563128689346237252e-03
8.022191729576568786e-01 3.629905001070275923e-03
8.003223947492721368e-01 3.697895646861121179e-03
7.984205889072226725e-01 3.767123621912952386e-03
7.965138317273937618e-01 3.837612381650509167e-03
7.946021997043066776e-01 3.909385853007679712e-03
7.926857695280495886e-01 3.982468445488938566e-03
7.907646180812013537e-01 4.056885058587538125e-03
7.888388224357463230e-01 4.132661092328986617e-03
7.869084598499835881e-01 4.209822457905079522e-03
7.849736077654265731e-01 4.288395587804797425e-03
7.830343438036966308e-01 4.368407445683860843e-03
7.810907457634091999e-01 4.449885538181312661e-03
7.791428916170521912e-01 4.532857924886438648e-03
7.771908595078584892e-01 4.617353230091023747e-03
7.752347277466711262e-01 4.703400653973832495e-03
7.732745748088007964e-01 4.791029984685737063e-03
7.713104793308784846e-01 4.880271609396596814e-03
7.693425201077003228e-01 4.971156527305122322e-03
7.673707760890666751e-01 5.063716360638043090e-03
7.653953263766145598e-01 5.157983368856534391e-03
7.634162502206449652e-01 5.253990460525693150e-03
7.614336270169429488e-01 5.351771206336434009e-03
7.594475363035922966e-01 5.451359852488439454e-03
7.574580577577854079e-01 5.552791335081438788e-03
7.554652711926259645e-01 5.656101292550327897e-03
7.534692565539279352e-01 5.761326081323643773e-03
7.514700939170072536e-01 5.868502788956905282e-03
7.494678634834706088e-01 5.977669249327318031e-03
7.474626455779966872e-01 6.088864058122845334e-03
7.454545206451148598e-01 6.202126586788083047e-03
7.434435692459776535e-01 6.317496999640622585e-03
7.414298720551277810e-01 6.435016268378992640e-03
7.394135098572633957e-01 6.554726188812037488e-03
7.373945635439957957e-01 6.676669397691633624e-03
7.353731141106050195e-01 6.800889388659976664e-03
7.333492426527903341e-01 6.927430529966325211e-03
7.313230303634166152e-01 7.056338081426053940e-03
7.292945585292572863e-01 7.187658212636980487e-03
7.272639085277334825e-01 7.321438020735155337e-03
7.252311618236491064e-01 7.457725548411613982e-03
7.231963999659226650e-01 7.596569803788587837e-03
7.211597045843157749e-01 7.738020778749877919e-03
7.191211573861586714e-01 7.882129467990533350e-03
7.170808401530713860e-01 8.028947889780556346e-03
7.150388347376843701e-01 8.178529105649477368e-03
7.129952230603532337e-01 8.330927241068829953e-03
7.109500871058731519e-01 8.486197506148020209e-03
7.089035089201897177e-01 8.644396217047902592e-03
7.068555706071073530e-01 8.805580817971819102e-03
7.048063543249951657e-01 8.969809902822799622e-03
7.027559422834922520e-01 9.137143238205327339e-03
7.007044167402074475e-01 9.307641785895201525e-03
6.986518599974218535e-01 9.481367726214254624e-03
6.965983543987847026e-01 9.658384481936597293e-03
6.945439823260119994e-01 9.838756742301195055e-03
6.924888261955798319e-01 1.002255048735468425e-02
6.904329684554193491e-01 1.020983301375369759e-02
6.883764915816081853e-01 1.040067295920749264e-02
6.863194780750625501e-01 1.059514032914268822e-02
6.842620104582268770e-01 1.079330652266959761e-02
6.822041712717632489e-01 1.099524435975397091e-02
6.801460430712404914e-01 1.120102810755767286e-02
6.780877084238217112e-01 1.141073350938082327e-02
6.760292499049525006e-01 1.162443781208810298e-02
6.739707500950475882e-01 1.184221979542152831e-02
6.719122915761782666e-01 1.206415980022089787e-02
6.698539569287595974e-01 1.229033975942526308e-02
6.677958287282368399e-01 1.252084322720289911e-02
6.657379895417731008e-01 1.275575540987756995e-02
6.636805219249374277e-01 1.299516319711878365e-02
6.616235084183919035e-01 1.323915519384069941e-02
6.595670315445807397e-01 1.348782175296436674e-02
6.575111738044201459e-01 1.374125500673700935e-02
6.554560176739880895e-01 1.399954890169815593e-02
6.534016456012152751e-01 1.426279923133608185e-02
6.513481400025782353e-01 1.453110367129186419e-02
6.492955832597925303e-01 1.480456181337596114e-02
6.472440577165079478e-01 1.508327520238771959e-02
6.451936456750048121e-01 1.536734737117400121e-02
6.431444293928928468e-01 1.565688387799519382e-02
6.410964910798104821e-01 1.595199234349615330e-02
6.390499128941269369e-01 1.625278248859691674e-02
6.370047769396468551e-01 1.655936617248118109e-02
6.349611652623157187e-01 1.687185743289344036e-02
6.329191598469285918e-01 1.719037252489264908e-02
6.308788426138414174e-01 1.751502996121178171e-02
6.288402954156842029e-01 1.784595055370357536e-02
6.268036000340773128e-01 1.818325745376929772e-02
6.247688381763508714e-01 1.852707619592497065e-02
6.227360914722664953e-01 1.887753474118914962e-02
6.207054414707426915e-01 1.923476351877819249e-02
6.186769696365834736e-01 1.959889547121798636e-02
6.166507573472097548e-01 1.997006609801708910e-02
6.146268858893948472e-01 2.034841350409744010e-02
6.126054364560040710e-01 2.073407844470583072e-02
6.105864901427365821e-01 2.112720437089105063e-02
6.085701279448720857e-01 2.152793747856088236e-02
6.065564307540223243e-01 2.193642675808197412e-02
6.045454793548850070e-01 2.235282404223253722e-02
6.025373544220032906e-01 2.277728405575880910e-02
6.005321365165294800e-01 2.320996446602335492e-02
5.985299060829928353e-01 2.365102593610000567e-02
5.965307434460722646e-01 2.410063217509963995e-02
5.945347288073741243e-01 2.455894999414416982e-02
5.925419422422145699e-01 2.502614935826041886e-02
5.905524636964076812e-01 2.550240344229412134e-02
5.885663729830571400e-01 2.598788868336633640e-02
5.865837497793550126e-01 2.648278484000468613e-02
5.846046736233854180e-01 2.698727505452442471e-02
5.826292239109334137e-01 2.750154590458618598e-02
5.806574798922997660e-01 2.802578746286027780e-02
5.786895206691216043e-01 2.856019335936863662e-02
5.767254251911992924e-01 2.910496084580826981e-02
5.747652722533289626e-01 2.966029085284915129e-02
5.728091404921414886e-01 3.022638805908786988e-02
5.708571083829477866e-01 3.080346095137077161e-02
5.689092542365907779e-01 3.139172189062502255e-02
5.669656561963032360e-01 3.199138718145776855e-02
5.650263922345732936e-01 3.260267713998833000e-02
5.630915401500162787e-01 3.322581616474541005e-02
5.611611775642536548e-01 3.386103280400008103e-02
5.592353819187987352e-01 3.450855983032405372e-02
5.573142304719505002e-01 3.516863431345155361e-02
5.553978002956934112e-01 3.584149769868666402e-02
5.534861682726062160e-01 3.652739588155534678e-02
5.515794110927771943e-01 3.722657928408167061e-02
5.496776052507277299e-01 3.793930293923651609e-02
5.477808270423430992e-01 3.866582657274655888e-02
5.458891525618122520e-01 3.940641468645007112e-02
5.440026576985746987e-01 4.016133664376292378e-02
5.421214181342761673e-01 4.093086675831364429e-02
5.402455093397324770e-01 4.171528438674280970e-02
5.383750065719016265e-01 4.251487402067010563e-02
5.365099848708649866e-01 4.332992538013787087e-02
5.346505190568164867e-01 4.416073351503179562e-02
5.327966837270614597e-01 4.500759890714545186e-02
5.309485532530232588e-01 4.587082757280123990e-02
5.291062017772605319e-01 4.675073116871111822e-02
5.272697032104924908e-01 4.764762710551852937e-02
5.254391312286332827e-01 4.856183866309995295e-02
5.236145592698369100e-01 4.949369510791722798e-02
5.217960605315506983e-01 5.044353181591255952e-02
5.199837079675793117e-01 5.141169040105405402e-02
5.181775742851573163e-01 5.239851884623208944e-02
5.163777319420326251e-01 5.340437164023253275e-02
5.145842531435600442e-01 5.442960992216190619e-02
5.127972098398040357e-01 5.547460162981292242e-02
5.110166737226524702e-01 5.653972165308148584e-02
5.092427162229404836e-01 5.762535199596404561e-02
5.074754085075849908e-01 5.873188194712797294e-02
5.057148214767294148e-01 5.985970825597092954e-02
5.039610257608995170e-01 6.100923531647676340e-02
5.022140917181696640e-01 6.218087536197502291e-02
5.004740894313404187e-01 6.337504866893169109e-02
4.987410887051273445e-01 6.459218377123238097e-02
4.970151590633593575e-01 6.583271768546744562e-02
4.952963697461914006e-01 6.709709614784226117e-02
4.935847897073248336e-01 6.838577386481081710e-02
4.918804876112428115e-01 6.969921477755749994e-02
4.901835318304543221e-01 7.103789234147110665e-02
4.884939904427522683e-01 7.240228982247677580e-02
4.868119312284815425e-01 7.379290060985864430e-02
4.851374216678205897e-01 7.521022855000634999e-02
4.834705289380733517e-01 7.665478829852473419e-02
4.818113199109752554e-01 7.812710569705103025e-02
4.801598611500099145e-01 7.962771817235808625e-02
4.785162189077386552e-01 8.115717516318182723e-02
4.768804591231431411e-01 8.271603857431955586e-02
4.752526474189794348e-01 8.430488326236652841e-02
4.736328490991460471e-01 8.592429755481792442e-02
4.720211291460633118e-01 8.757488380520249416e-02
4.704175522180673585e-01 8.925725898773247124e-02
4.688221826468152997e-01 9.097205533610711048e-02
4.672350844347049614e-01 9.271992102764212151e-02
4.656563212523072703e-01 9.450152091994505621e-02
4.640859564358113531e-01 9.631753734177542214e-02
4.625240529844845128e-01 9.816867094719426701e-02
4.609706735581439174e-01 1.000556416333534676e-01
4.594258804746437219e-01 1.019791895322978009e-01
4.578897357073744012e-01 1.039400760850480721e-01
4.563623008827769056e-01 1.059390851978152942e-01
4.548436372778698611e-01 1.079770245020227337e-01
4.533338058177920904e-01 1.100547267106080224e-01
4.518328670733574581e-01 1.121730510919142360e-01
4.503408812586257026e-01 1.143328850864251678e-01
4.488579082284868127e-01 1.165351460502619119e-01
4.473840074762587826e-01 1.187807831744989440e-01
4.459192381313022979e-01 1.210707795318785029e-01
4.444636589566472451e-01 1.234061543122191990e-01
4.430173283466365408e-01 1.257879653787865037e-01
4.415803043245824511e-01 1.282173120566454660e-01
4.401526445404395638e-01 1.306953382166717026e-01
4.387344062684914170e-01 1.332232353251054102e-01
4.373256464050535031e-01 1.358022456568960257e-01
4.359264214661898729e-01 1.384336664814362905e-01
4.345367875854466155e-01 1.411188554472555534e-01
4.331568005115995490e-01 1.438592369194677811e-01
4.317865156064174537e-01 1.466563067132397036e-01
4.304259878424418484e-01 1.495116343355573918e-01
4.290752718007807553e-01 1.524268656409209777e-01
4.277344216689198397e-01 1.554037331268101618e-01
4.264034912385477050e-01 1.584440787631437586e-01
4.250825339033987849e-01 1.615498785577650642e-01
4.237716026571104466e-01 1.647232496646013622e-01
4.224707500910978020e-01 1.679664215492304435e-01
4.211800283924433397e-01 1.712816928717703913e-01
4.198994893418033780e-01 1.746714398288152503e-01
4.186291843113311151e-01 1.781382349023001577e-01
4.173691642626150555e-01 1.816850624205788856e-01
4.161194797446352567e-01 1.853154774574362895e-01
4.148801808917348399e-01 1.890334974870346019e-01
4.136513174216092659e-01 1.928431262678728941e-01
4.124329386333110414e-01 1.967477456125663327e-01
4.112250934052729678e-01 2.007499364803489450e-01
4.100278301933460989e-01 2.048522939289822986e-01
4.088411970288569064e-01 2.090593091170975248e-01
4.076652415166795440e-01 2.133794619189990083e-01
4.065000108333264861e-01 2.178259021811574936e-01
4.053455517250560414e-01 2.224141944010055716e-01
4.042019105059962980e-01 2.271569685843866371e-01
4.030691330562881647e-01 2.320575484359260199e-01
4.019472648202436216e-01 2.371065109363647561e-01
4.008363508045236223e-01 2.422852782317371778e-01
3.997364355763318722e-01 2.475784784715913678e-01
3.986475632616273135e-01 2.529921418334361016e-01
3.975697775433534864e-01 2.585703683723286628e-01
3.965031216596863750e-01 2.644003810027578671e-01
3.954476384022997948e-01 2.705982421305599961e-01
3.944033701146484328e-01 2.772735170557988349e-01
3.933703586902695948e-01 2.844814024146524178e-01
3.923486455711018839e-01 2.921792224026465434e-01
3.913382717458234183e-01 3.002071139911790532e-01
3.903392777482066478e-01 3.083072021850692401e-01
3.893517036554930977e-01 3.161821183746236219e-01
3.883755890867846561e-01 3.235827363176503324e-01
3.874109732014550112e-01 3.304031988090610494e-01
3.864578946975779639e-01 3.367616566686749136e-01
3.855163918103755027e-01 3.430398274409005577e-01
3.845865023106836422e-01 3.498632693874828559e-01
3.836682635034368571e-01 3.580061481752736530e-01
3.827617122261722793e-01 3.682298117697392348e-01
3.818668848475508804e-01 3.810862955561282184e-01
3.809838172658995270e-01 3.967481482028462625e-01
3.801125449077698004e-01 4.149211801746340855e-01
3.792531027265174104e-01 4.348655743253506123e-01
3.784055252008997061e-01 4.555062344874881153e-01
3.775698463336926713e-01 4.755838357996466925e-01
3.767460996503264603e-01 4.938061900541892979e-01
3.759343181975407511e-01 5.089694647994310595e-01
3.751345345420590283e-01 5.200467547266319768e-01
3.743467807692817395e-01 5.262405519252344455e-01
3.735710884819994360e-01 5.270110249162071048e-01
3.728074887991246755e-01 5.220809778802423251e-01
3.720560123544439657e-01 5.114274551589276241e-01
3.713166892953884690e-01 4.952605537762626575e-01
3.705895492818246928e-01 4.739960632752053260e-01
3.698746214848646630e-01 4.482230766036622294e-01
3.691719345856955270e-01 4.186713479793411907e-01
3.684815167744289743e-01 3.861798621255638220e-01
3.678033957489703631e-01 3.516708232975414572e-01
3.671375987139076646e-01 3.161306906741772615e-01
3.664841523794196143e-01 2.806025925661534970e-01
3.658430829602049017e-01 2.461921372432070709e-01
3.652144161744296791e-01 2.140872172786391636e-01
3.645981772426964973e-01 1.855801651216327786e-01
3.639943908870320599e-01 1.620477528268415568e-01
3.634030813298957385e-01 1.447862040784064219e-01
3.628242722932076281e-01 1.345928639095753665e-01
3.622579869973969746e-01 1.312369981971336363e-01
3.617042481604705317e-01 1.333428816946529150e-01
3.611630779971012895e-01 1.389344183527500276e-01
3.606344982177373537e-01 1.461363863912040206e-01
3.601185300277305879e-01 1.535315036699867464e-01
3.596151941264863483e-01 1.601860115669747342e-01
3.591245107066328157e-01 1.655455416438504912e-01
3.586464994532109762e-01 1.693217909847456737e-01
3.581811795428849754e-01 1.714054187306449650e-01
3.577285696431727335e-01 1.718053358978143541e-01
3.572886879116969339e-01 1.706075508816669306e-01
3.568615519954568827e-01 1.679467586743209062e-01
3.564471790301202425e-01 1.639865915387839490e-01
3.560455856393358043e-01 1.589053584514272255e-01
3.556567879340663541e-01 1.528858927834762793e-01
3.552808015119426899e-01 1.461080007687236837e-01
3.549176414566375115e-01 1.387432346363267621e-01
3.545673223372605709e-01 1.309510659061201288e-01
3.542298582077741398e-01 1.228765795821079726e-01
3.539052626064289608e-01 1.146489569271024744e-01
3.535935485552214597e-01 1.063810480670635134e-01
3.532947285593712183e-01 9.816936635285707091e-02
3.530088146068190991e-01 9.009486615368064721e-02
3.527358181677466842e-01 8.222386417699245609e-02
3.524757501941158111e-01 7.460949386831053354e-02
3.522286211192293681e-01 6.729309936906796574e-02
3.519944408573126293e-01 6.030595699306443708e-02
3.517732188031155727e-01 5.367079482185611178e-02
3.515649638315360703e-01 4.740347515500382969e-02
3.513696842972636181e-01 4.151439318062796063e-02
3.511873880344444365e-01 3.600991776317911258e-02
3.510180823563670560e-01 3.089351236402260864e-02
3.508617740551689401e-01 2.616681379068820645e-02
3.507184694015637594e-01 2.183039118234837359e-02
3.505881741445904809e-01 1.788441688950953568e-02
3.504708935113818868e-01 1.432904635831694536e-02
3.503666322069555750e-01 1.116470012742092066e-02
3.502753944140247211e-01 8.392129824015910969e-03
3.501971837928306575e-01 6.012432913541744701e-03
3.501320034809957682e-01 4.026921766073339459e-03
3.500798560933977011e-01 2.436943818096063124e-03
3.500407437220644513e-01 1.243636200049162135e-03
3.499999999999999778e-01 2.400648953675093157e-13
