6.354591535570501548e-02 3.969512154809143323e-01
8.106336188314852698e-02 3.876919144986697430e-01
9.785563735769274574e-02 3.777028038999511450e-01
1.173682134280854689e-01 3.659364486119977555e-01
1.408829801237607704e-01 3.512507172931575439e-01
1.645146503628008017e-01 3.343512474985173011e-01
1.894118278979328440e-01 3.141654489071480927e-01
2.134885812592110521e-01 2.912219699241788695e-01
2.337574853082170778e-01 2.676666572905209707e-01
2.493044119103456913e-01 2.452037139719556447e-01
2.607261294467220769e-01 2.244497874498434520e-01
2.676234191763886550e-01 2.071232394360377205e-01
2.725638869748506221e-01 1.910117289825402076e-01
2.749510593283728266e-01 1.775382652809884554e-01
2.759677666630198090e-01 1.654920423649830219e-01
2.757972275251132643e-01 1.549048219295160456e-01
2.746002730812576176e-01 1.457850908064752260e-01
2.731662778400130165e-01 1.368292602605643560e-01
2.708939043718759376e-01 1.293279579489827469e-01
2.684770887103967163e-01 1.219809607603957180e-01
2.659220931830747481e-01 1.147906322367328036e-01
2.627216442701370558e-01 1.090052233777385332e-01
2.594549587402485979e-01 1.033517429997603404e-01
2.561262626417165067e-01 9.783060450786759676e-02
2.527397722504625688e-01 9.244209635926707580e-02
2.492996905014410458e-01 8.718638266229011835e-02
2.454185914773125143e-01 8.322733770738109660e-02
2.419075498055398288e-01 7.822051839549058749e-02
2.380045613834637641e-01 7.447465571617724323e-02
2.341037234014326784e-01 7.082535483234256302e-02
2.305236806258917914e-01 6.618041814892988706e-02
2.266181760439682502e-01 6.274079129411787303e-02
2.227226006956933846e-01 5.939564772949507132e-02
2.185708561767532865e-01 5.718050919305250196e-02
2.147173056987367323e-01 5.400357008628029615e-02
2.108803524125067441e-01 5.091861556227384594e-02
2.070623142955904106e-01 4.792468654086540908e-02
2.030498703828459983e-01 4.598342405913417169e-02
1.992898797669992172e-01 4.315060422377170468e-02
1.953615069367850843e-01 4.133190216956941776e-02
1.916668987488056031e-01 3.865627730379166821e-02
1.878285145855061455e-01 3.695679237856397403e-02
1.842064212679080937e-01 3.443414789029192180e-02
1.804637710139168350e-01 3.285030224155709166e-02
1.767747148724768125e-01 3.131411871842618155e-02
1.732797570309906610e-01 2.900412061095310190e-02
1.696944478570862058e-01 2.757803200665502261e-02
1.661662674962745001e-01 2.619709653822189718e-02
1.626962820326656178e-01 2.486052666375126313e-02
1.592855384434345989e-01 2.356751734334257969e-02
1.559350642644328488e-01 2.231724636171004278e-02
1.526458672620615853e-01 2.110887465670590116e-02
1.494189351115191577e-01 1.994154665364177015e-02
1.462552350815233826e-01 1.881439060529230961e-02
1.431557137256168899e-01 1.772651893746498425e-02
1.401212965801559851e-01 1.667702860001700135e-02
1.371528878690828901e-01 1.566500142319900493e-02
1.342513702155778699e-01 1.468950447920294722e-02
1.314176043606888056e-01 1.374959044879045002e-02
1.286524288890278367e-01 1.284429799287550855e-02
1.259566599616284699e-01 1.197265212893437389e-02
1.233310910560496687e-01 1.113366461211332502e-02
1.207764927138127997e-01 1.032633432090382559e-02
1.182470339167303874e-01 1.011006676251796459e-02
1.158401623590339657e-01 9.351584692233641527e-03
1.135062967111073323e-01 8.622029403918237203e-03
1.112461183557506145e-01 7.920355429834271058e-03
1.090602846415851951e-01 7.245506303789556526e-03
1.069494286742114636e-01 6.596414970404845118e-03
1.049141591152131514e-01 5.972004198030932305e-03
1.029550599890745877e-01 5.371186995173930258e-03
1.010942664900346261e-01 4.313887079121280464e-03
9.928654213633446302e-02 3.765518727629164637e-03
9.755668586954648058e-02 3.237059876799294224e-03
9.590517607435146419e-02 2.727386445749400978e-03
9.433246561787833606e-02 2.235366844302569180e-03
9.283898170740434441e-02 1.759862408109367756e-03
9.142512575636735361e-02 1.299727836218870060e-03
9.008621612590853034e-02 1.280693483216980384e-03
8.882979506438604123e-02 1.262831813198345317e-03
8.765609295581740235e-02 1.246146101373342072e-03
8.655852189436717692e-02 1.640809560616489663e-03
8.555096732254682812e-02 1.621710283756111004e-03
8.461817374177278694e-02 2.005170317226861662e-03
8.376715089998303110e-02 2.382200849999360943e-03
8.299807883346728421e-02 2.753986038460847722e-03
8.231111093571798210e-02 3.121712399801483163e-03
8.172197751113241537e-02 3.099369060053553965e-03
8.120129809305882962e-02 3.465015799744213237e-03
8.076301951960927761e-02 3.829782423069713702e-03
8.040719389876450907e-02 4.194860109190389277e-03
8.015456102043024000e-02 4.181680199132483192e-03
7.996544243339442914e-02 4.551854220031434188e-03
7.988123264945237723e-02 4.547060766150105501e-03
