9.090902372080941873e+00 2.196278908144066950e-09
9.090848622539166257e+00 2.186241716367625662e-09
9.090741129233718354e+00 2.138260182888706183e-09
9.090579903720186650e+00 2.008864946510647727e-09
9.090364963330397785e+00 1.763274790137579253e-09
9.090096331170556709e+00 1.403362552993445648e-09
9.089774036118763334e+00 9.810223839146364297e-10
9.089398112821905684e+00 5.811407154142965133e-10
9.088968601691938431e+00 2.796560934795902527e-10
9.088485548901532596e+00 1.056262211760548832e-10
9.087949006379117733e+00 3.573948891772253505e-11
9.087359031803300624e+00 2.168687516530669189e-11
9.086715688596658680e+00 2.357252693180646513e-11
9.086019045918925841e+00 2.406482249840056618e-11
9.085269178659560296e+00 2.184289041883682537e-11
9.084466167429685157e+00 1.968661869602433252e-11
9.083610098553432266e+00 1.869923210303944293e-11
9.082701064058658957e+00 1.847534770750299659e-11
9.081739161667055527e+00 1.849469285010527676e-11
9.080724494783632750e+00 1.854892754616369748e-11
9.079657172485619654e+00 1.859273533321052239e-11
9.078537309510723574e+00 1.861898228277956338e-11
9.077365026244811119e+00 1.863170251924650739e-11
9.076140448708947872e+00 1.863900383028940545e-11
9.074863708545866103e+00 1.864641906755276036e-11
9.073534943005808984e+00 1.865549337646642365e-11
9.072154294931774388e+00 1.866577212629320960e-11
9.070721912744158288e+00 1.867658890754200246e-11
9.069237950424801298e+00 1.868765080861794880e-11
9.067702567500438349e+00 1.869893394206870232e-11
9.066115929025544418e+00 1.871047990356856218e-11
9.064478205564592272e+00 1.872230954353110325e-11
9.062789573173718694e+00 1.873442240328673090e-11
9.061050213381799168e+00 1.874681279457827231e-11
9.059260313170929280e+00 1.875947643708722104e-11
9.057420064956327010e+00 1.877241025272084636e-11
9.055529666565645286e+00 1.878561140991399588e-11
9.053589321217712538e+00 1.879907683678945801e-11
9.051599237500676409e+00 1.881280329187474728e-11
9.049559629349587908e+00 1.882678737350302816e-11
9.047470716023401138e+00 1.884102541895783935e-11
9.045332722081401045e+00 1.885551352144117569e-11
9.043145877359064500e+00 1.887024753785526406e-11
9.040910416943356509e+00 1.888522288691444279e-11
9.038626581147450878e+00 1.890043481761982877e-11
9.036294615484901982e+00 1.891587811684534222e-11
9.033914770643249881e+00 1.893154727627887786e-11
9.031487302457071209e+00 1.894743644450175133e-11
9.029012471880479396e+00 1.896353939935087915e-11
9.026490544959067108e+00 1.897984960197543890e-11
9.023921792801310460e+00 1.899636015462107007e-11
9.021306491549424322e+00 1.901306382968003721e-11
9.018644922349674076e+00 1.902995311422357408e-11
9.015937371322152671e+00 1.904702016646132580e-11
9.013184129530026567e+00 1.906425685370628289e-11
9.010385492948241648e+00 1.908165476458630976e-11
9.007541762431710453e+00 1.909920521365032573e-11
9.004653243682962938e+00 1.911689928422289767e-11
9.001720247219292759e+00 1.913472779171066307e-11
8.998743088339365315e+00 1.915268128606732184e-11
8.995722087089333741e+00 1.917075014030946458e-11
8.992657568228429099e+00 1.918892445303197069e-11
8.989549861194046088e+00 1.920719416055119100e-11
8.986399300066333140e+00 1.922554893237741667e-11
8.983206223532274493e+00 1.924397827641029081e-11
8.979970974849283749e+00 1.926247146944590472e-11
8.976693901808303622e+00 1.928101759664809896e-11
8.973375356696415395e+00 1.929960554524595457e-11
8.970015696258972326e+00 1.931822398607510903e-11
8.966615281661244552e+00 1.933686143826361300e-11
8.963174478449598581e+00 1.935550616839064879e-11
8.959693656512197180e+00 1.937414627089266059e-11
8.956173190039233845e+00 1.939276966349153043e-11
8.952613457482716086e+00 1.941136401103347430e-11
8.949014841515774421e+00 1.942991684306288197e-11
8.945377728991521948e+00 1.944841544516394292e-11
8.941702510901480494e+00 1.946684691531747595e-11
8.937989582333532468e+00 1.948519815062741403e-11
8.934239342429460606e+00 1.950345583926372254e-11
8.930452194342034744e+00 1.952160649780918716e-11
8.926628545191675812e+00 1.953963637072023098e-11
8.922768806022684629e+00 1.955753157703413312e-11
8.918873391759062130e+00 1.957527797691084599e-11
8.914942721159897943e+00 1.959286123017698749e-11
8.910977216774355725e+00 1.961026682228417742e-11
8.906977304896255276e+00 1.962747999230274865e-11
8.902943415518231873e+00 1.964448579011205828e-11
8.898875982285526121e+00 1.966126905723268688e-11
8.894775442449358138e+00 1.967781441987502911e-11
8.890642236819925159e+00 1.969410630890341089e-11
8.886476809719015435e+00 1.971012892052861858e-11
8.882279608932241999e+00 1.972586628326268625e-11
8.878051085660906949e+00 1.974130216492834655e-11
8.873791694473494474e+00 1.975642015076866206e-11
8.869501893256806824e+00 1.977120364014087153e-11
8.865182143166737916e+00 1.978563577683970025e-11
8.860832908578707645e+00 1.979969952057112219e-11
8.856454657037728495e+00 1.981337761035389603e-11
8.852047859208155955e+00 1.982665260862901327e-11
8.847612988823080116e+00 1.983950680343783928e-11
8.843150522633411725e+00 1.985192236166172257e-11
8.838660940356621865e+00 1.986388114244478051e-11
8.834144724625177858e+00 1.987536489348212357e-11
8.829602360934655891e+00 1.988635508762135007e-11
8.825034337591548095e+00 1.989683301358745076e-11
8.820441145660780080e+00 1.990677976769027156e-11
8.815823278912908734e+00 1.991617620223739783e-11
8.811181233771050003e+00 1.992500300286523745e-11
8.806515509257504704e+00 1.993324062679614025e-11
8.801826606940123199e+00 1.994086933210440997e-11
8.797115030878380537e+00 1.994786918850369909e-11
8.792381287569194015e+00 1.995422002905830498e-11
8.787625885892467181e+00 1.995990151972936859e-11
8.782849337056392258e+00 1.996489309269693095e-11
8.778052154542491436e+00 1.996917401361517448e-11
8.773234854050420140e+00 1.997272330956098168e-11
8.768397953442521597e+00 1.997551984821441958e-11
8.763541972688168258e+00 1.997754225647585464e-11
8.758667433807854508e+00 1.997876900326018570e-11
8.753774860817085113e+00 1.997917833256219657e-11
8.748864779670039837e+00 1.997874829459796745e-11
8.743937718203035558e+00 1.997745676994882294e-11
8.738994206077780547e+00 1.997528139917580992e-11
8.734034774724442229e+00 1.997219968444920793e-11
8.729059957284507121e+00 1.996818887544920968e-11
8.724070288553477326e+00 1.996322607263925249e-11
8.719066304923378752e+00 1.995728816435100022e-11
8.714048544325091683e+00 1.995035185190610925e-11
8.709017546170533919e+00 1.994239366003393175e-11
8.703973851294659170e+00 1.993338988032114512e-11
8.698918001897332886e+00 1.992331667365587681e-11
8.693850541485035777e+00 1.991214995205251389e-11
8.688772014812437661e+00 1.989986548486922549e-11
8.683682967823838084e+00 1.988643881967325125e-11
8.678583947594475489e+00 1.987184533613552774e-11
8.673475502271717374e+00 1.985606019815993372e-11
8.668358181016133202e+00 1.983905841130406160e-11
8.663232533942462510e+00 1.982081475374261680e-11
8.658099112060471114e+00 1.980130384913697299e-11
8.652958467215722038e+00 1.978050009586078462e-11
8.647811152030250526e+00 1.975837771444781643e-11
8.642657719843159114e+00 1.973491072337912301e-11
8.637498724651127446e+00 1.971007294952563204e-11
8.632334721048865234e+00 1.968383800833221204e-11
8.627166264169485288e+00 1.965617932299256551e-11
8.621993909624832142e+00 1.962707009747593222e-11
8.616818213445750274e+00 1.959648334471071276e-11
8.611639732022315030e+00 1.956439185974461278e-11
8.606459022044010254e+00 1.953076819483159798e-11
8.601276640439897037e+00 1.949558470647519680e-11
8.596093144318734502e+00 1.945881352106474880e-11
8.590909090909091717e+00 1.942042652338658007e-11
8.585725037499448931e+00 1.938039534689536724e-11
8.580541541378286396e+00 1.933869138680966028e-11
8.575359159774173179e+00 1.929528578441389764e-11
8.570178449795868403e+00 1.925014939853850472e-11
8.564999968372433159e+00 1.920325281977577464e-11
8.559824272193351291e+00 1.915456633420061841e-11
8.554651917648698145e+00 1.910405994403669992e-11
8.549483460769318199e+00 1.905170330079855158e-11
8.544319457167055987e+00 1.899746576098706344e-11
8.539160461975024319e+00 1.894131629013565329e-11
8.534007029787932908e+00 1.888322348730389880e-11
8.528859714602461395e+00 1.882315558136285685e-11
8.523719069757712319e+00 1.876108035047623638e-11
8.518585647875720923e+00 1.869696514286351711e-11
8.513460000802050232e+00 1.863077681802213022e-11
8.508342679546466059e+00 1.856248173837991992e-11
8.503234234223707944e+00 1.849204571831699105e-11
8.498135213994345349e+00 1.841943396667416851e-11
8.493046167005745772e+00 1.834461109356482640e-11
8.487967640333147656e+00 1.826754099241925249e-11
8.482900179920850547e+00 1.818818684412699753e-11
8.477844330523524263e+00 1.810651102105318924e-11
8.472800635647651291e+00 1.802247502495929621e-11
8.467769637493091750e+00 1.793603939261285671e-11
8.462751876894804681e+00 1.784716364946353232e-11
8.457747893264706107e+00 1.775580616567455829e-11
8.452758224533676312e+00 1.766192406137659407e-11
8.447783407093741204e+00 1.756547308793850916e-11
8.442823975740402886e+00 1.746640745913541281e-11
8.437880463615147875e+00 1.736467971173577247e-11
8.432953402148143596e+00 1.726024051544887774e-11
8.428043321001098320e+00 1.715303845109720146e-11
8.423150748010328925e+00 1.704301980001449676e-11
8.418276209130015175e+00 1.693012826064670758e-11
8.413420228375661836e+00 1.681430468197404924e-11
8.408583327767765070e+00 1.669548670579551181e-11
8.403766027275691997e+00 1.657360844475738866e-11
8.398968844761791175e+00 1.644860008833994421e-11
8.394192295925716252e+00 1.632038747186656214e-11
8.389436894248989418e+00 1.618889165414892736e-11
8.384703150939801120e+00 1.605402844730252799e-11
8.379991574878060234e+00 1.591570794256339171e-11
8.375302672560678729e+00 1.577383406781514633e-11
8.370636948047133430e+00 1.562830408543198778e-11
8.365994902905272923e+00 1.547900822487559301e-11
8.361377036157403353e+00 1.532582929803098696e-11
8.356783844226635338e+00 1.516864245257644554e-11
8.352215820883527542e+00 1.500731499769188766e-11
8.347673457193005575e+00 1.484170642780355999e-11
8.343157241461561568e+00 1.467166863267532069e-11
8.338667659184771708e+00 1.449704632546341522e-11
8.334205192995103317e+00 1.431767773961950607e-11
8.329770322610027478e+00 1.413339569146727280e-11
8.325363524780454938e+00 1.394402896498224595e-11
8.320985273239475788e+00 1.374940407818280550e-11
8.316636038651445517e+00 1.354934751429468183e-11
8.312316288561378386e+00 1.334368836526410190e-11
8.308026487344688960e+00 1.313226139902683738e-11
8.303767096157276484e+00 1.291491066606424162e-11
8.299538572885941434e+00 1.269149341268506957e-11
8.295341372099167998e+00 1.246188448525148477e-11
8.291175944998258274e+00 1.222598099529379563e-11
8.287042739368825295e+00 1.198370729884149931e-11
8.282942199532657312e+00 1.173502010488266689e-11
8.278874766299951560e+00 1.147991369154436976e-11
8.274840876921928157e+00 1.121842500892474226e-11
8.270840965043827708e+00 1.095063862769426407e-11
8.266875460658285490e+00 1.067669131477925232e-11
8.262944790059121303e+00 1.039677614085401205e-11
8.259049375795498804e+00 1.011114589369146853e-11
8.255189636626507621e+00 9.820115790085518557e-12
8.251365987476148689e+00 9.524065192508132179e-12
8.247578839388722827e+00 9.223438326536150298e-12
8.243828599484650965e+00 8.918743880011305152e-12
8.240115670916702939e+00 8.610553428249209327e-12
8.236440452826661485e+00 8.299498612634222104e-12
8.232803340302409012e+00 7.986267123297986239e-12
8.229204724335467347e+00 7.671597512447579372e-12
8.225644991778949588e+00 7.356272894240400943e-12
8.222124525305986253e+00 7.041113598778915548e-12
8.218643703368584852e+00 6.726969018222631163e-12
8.215202900156938881e+00 6.414708642211568120e-12
8.211802485559211107e+00 6.105212623783746721e-12
8.208442825121768038e+00 5.799361864098513512e-12
8.205124280009879811e+00 5.498028045688522435e-12
8.201847206968899684e+00 5.202063579833818321e-12
8.198611958285908941e+00 4.912291844723645620e-12
8.195418881751850293e+00 4.629497833811700985e-12
8.192268320624137345e+00 4.354419360235175822e-12
8.189160613589754334e+00 4.087739124620139930e-12
8.186096094728849693e+00 3.830077629522827311e-12
8.183075093478818118e+00 3.581987291637204233e-12
8.180097934598890674e+00 3.343947593750779650e-12
8.177164938135220495e+00 3.116361696093936859e-12
8.174276419386472980e+00 2.899554218794286789e-12
8.171432688869941785e+00 2.693770554395095398e-12
8.168634052288156866e+00 2.499177400530457410e-12
8.165880810496030762e+00 2.315864679042065382e-12
8.163173259468509357e+00 2.143848704396014262e-12
8.160511690268759111e+00 1.983076462944837423e-12
8.157896389016872973e+00 1.833430919935206959e-12
8.155327636859116325e+00 1.694737213801866682e-12
8.152805709937704037e+00 1.566769573965578488e-12
8.150330879361112224e+00 1.449258769535785961e-12
8.147903411174933552e+00 1.341900039122631082e-12
8.145523566333281451e+00 1.244361251979385525e-12
8.143191600670732555e+00 1.156291213760287218e-12
8.140907764874826924e+00 1.077328084987435175e-12
8.138672304459118934e+00 1.007107652001261098e-12
8.136485459736782389e+00 9.452715589322572938e-13
8.134347465794782295e+00 8.914756661240117255e-13
8.132258552468595525e+00 8.453991744051533793e-13
8.130218944317507024e+00 8.067550415794198651e-13
8.128228860600470895e+00 7.752998129658121723e-13
8.126288515252538147e+00 7.508368249105249923e-13
8.124398116861856423e+00 7.332054066333128268e-13
8.122557868647254153e+00 7.222604593650890361e-13
8.120767968436384265e+00 7.178778912310630378e-13
8.119028608644464740e+00 7.200559507293216201e-13
8.117339976253591161e+00 7.291752251147911000e-13
8.115702252792639015e+00 7.463805523621055307e-13
8.114115614317745084e+00 7.738577940381249556e-13
8.112580231393382135e+00 8.146008029669877443e-13
8.111096269074025145e+00 8.712783332775068678e-13
8.109663886886409045e+00 9.441538683290436085e-13
8.108283238812374449e+00 1.028631437600333870e-12
8.106954473272317330e+00 1.113601492942305059e-12
8.105677733109235561e+00 1.181934709931191504e-12
8.104453155573372314e+00 1.213944882637899375e-12
8.103280872307459859e+00 1.193500991355073708e-12
8.102161009332563779e+00 1.115172189763123983e-12
8.101093687034550683e+00 9.899534879142567676e-13
8.100079020151127907e+00 8.471980350534743403e-13
8.099117117759524476e+00 7.314201420925584658e-13
8.098208083264751167e+00 6.942589428604346095e-13
8.097352014388498276e+00 7.834937030373577744e-13
8.096549003158623137e+00 1.032003910934335399e-12
8.095799135899257593e+00 1.449647564736819761e-12
8.095102493221524753e+00 2.020205116845121130e-12
8.094459150014882809e+00 2.704106194927730608e-12
8.093869175439065700e+00 3.446090192160560560e-12
8.093332632916650837e+00 4.185712053752476087e-12
8.092849580126245002e+00 4.868038657257977896e-12
8.092420068996277749e+00 5.452088312132585881e-12
8.092044145699420099e+00 5.915420570922330150e-12
8.091721850647626724e+00 6.254456850436010806e-12
8.091453218487785648e+00 6.481203156942793141e-12
8.091238278097996783e+00 6.617758589353229761e-12
8.091077052584465079e+00 6.690150509892738842e-12
8.090969559279017176e+00 6.722772538542150930e-12
8.090915809737241560e+00 6.734131527427402074e-12
