8.322560993913292293e+00 3.141592653589793116e+00 -8.322560993913292293e+00 1.019219768190452742e-15
8.318229733697872774e+00 3.141592653589793116e+00 -8.318229733697872774e+00 1.018689341794544089e-15
8.313927403486106371e+00 3.141592653589793116e+00 -8.313927403486106371e+00 1.018162458302272638e-15
8.309654459735094534e+00 3.141592653589793116e+00 -8.309654459735094534e+00 1.017639173613511145e-15
8.305411355784173111e+00 3.141592653589793116e+00 -8.305411355784173111e+00 1.017119543246316584e-15
8.301198541806810383e+00 3.141592653589793116e+00 -8.301198541806810383e+00 1.016603622331038548e-15
8.297016464762856813e+00 3.141592653589793116e+00 -8.297016464762856813e+00 1.016091465604472007e-15
8.292865568351110994e+00 3.141592653589793116e+00 -8.292865568351110994e+00 1.015583127404048340e-15
8.288746292962256845e+00 3.141592653589793116e+00 -8.288746292962256845e+00 1.015078661662071713e-15
8.284659075632136549e+00 3.141592653589793116e+00 -8.284659075632136549e+00 1.014578121899996689e-15
8.280604349995380531e+00 3.141592653589793116e+00 -8.280604349995380531e+00 1.014081561222749212e-15
8.276582546239401594e+00 3.141592653589793116e+00 -8.276582546239401594e+00 1.013589032313093357e-15
8.272594091058754984e+00 3.138326964760697724e+00 -8.272549978633536583e+00 2.701567009164364958e-02
8.268639407609871483e+00 3.138326964760697724e+00 -8.268595316272437046e+00 2.700275534903740990e-02
8.264718915466156446e+00 3.138326964760697724e+00 -8.264674845034186035e+00 2.698995226439604433e-02
8.260833030573476066e+00 3.138326964760697724e+00 -8.260788980862431075e+00 2.697726219606690762e-02
8.256982165206034452e+00 3.138326964760697724e+00 -8.256938136029178921e+00 2.696468649040686602e-02
8.253166727922623735e+00 3.138326964760697724e+00 -8.253122719091042114e+00 2.695222648163943593e-02
8.249387123523282739e+00 3.138326964760697724e+00 -8.249343134845901204e+00 2.693988349171323043e-02
8.245643753006349996e+00 3.138326964760697724e+00 -8.245599784289955991e+00 2.692765883016171730e-02
8.241937013525920008e+00 3.138326964760697724e+00 -8.241893064575185335e+00 2.691555379396428152e-02
8.238267298349700951e+00 3.138326964760697724e+00 -8.238223368967197757e+00 2.690356966740859931e-02
8.234634996817302266e+00 3.138326964760697724e+00 -8.234591086803527915e+00 2.689170772195442760e-02
8.231040494298913046e+00 3.138326964760697724e+00 -8.230996603452309657e+00 2.687996921609864601e-02
8.227484172154431619e+00 3.138326964760697724e+00 -8.227440300271407381e+00 2.686835539524180458e-02
8.223966407692993030e+00 3.138326964760697724e+00 -8.223922554567943521e+00 2.685686749155594133e-02
8.220487574132942399e+00 3.138326964760697724e+00 -8.220443739558275453e+00 2.684550672385386735e-02
8.217048040562238143e+00 3.138326964760697724e+00 -8.217004224328393391e+00 2.683427429745986401e-02
8.213648171899299300e+00 3.138326964760697724e+00 -8.213604373794767710e+00 2.682317140408181991e-02
8.210288328854275619e+00 3.138326964760697724e+00 -8.210244548665626141e+00 2.681219922168474531e-02
8.206968867890791941e+00 3.138326964760697724e+00 -8.206925105402694598e+00 2.680135891436584775e-02
8.203690141188120677e+00 3.138326964760697724e+00 -8.203646396183364331e+00 2.679065163223100232e-02
8.200452496603821473e+00 3.138326964760697724e+00 -8.200408768863342246e+00 2.678007851127273131e-02
8.197256277636830291e+00 3.138326964760697724e+00 -8.197212566939731104e+00 2.676964067324968596e-02
8.194101823391022776e+00 3.138326964760697724e+00 -8.194058129514599997e+00 2.675933922556763059e-02
8.190989468539232377e+00 3.138326964760697724e+00 -8.190945791258997133e+00 2.674917526116195668e-02
8.187919543287740964e+00 3.138326964760697724e+00 -8.187875882377442238e+00 2.673914985838171665e-02
8.184892373341250860e+00 3.138326964760697724e+00 -8.184848728572903909e+00 2.672926408087522923e-02
8.181908279868327583e+00 3.138326964760697724e+00 -8.181864651012231704e+00 2.671951897747721835e-02
8.178967579467320448e+00 3.138326964760697724e+00 -8.178923966292089176e+00 2.670991558209754799e-02
8.176070584132782315e+00 3.138326964760697724e+00 -8.176026986405364738e+00 2.670045491361152865e-02
8.173217601222358297e+00 3.138326964760697724e+00 -8.173174018708063926e+00 2.669113797575180247e-02
8.170408933424184283e+00 3.138326964760697724e+00 -8.170365365886709696e+00 2.668196575700188325e-02
8.167644878724768631e+00 3.138326964760697724e+00 -8.167601325926220568e+00 2.667293923049124729e-02
8.164925730377376567e+00 3.138326964760697724e+00 -8.164882192078298573e+00 2.666405935389210696e-02
8.162251776870926179e+00 3.138326964760697724e+00 -8.162208252830323474e+00 2.665532706931782528e-02
8.159623301899367576e+00 3.138326964760697724e+00 -8.159579791874731924e+00 2.664674330322291604e-02
8.157040584331594957e+00 3.138326964760697724e+00 -8.156997088078931313e+00 2.663830896630479603e-02
8.154503898181856059e+00 3.138326964760697724e+00 -8.154460415455707434e+00 2.663002495340714010e-02
8.152013512580678523e+00 3.138326964760697724e+00 -8.151970043134156185e+00 2.662189214342495017e-02
8.149569691746318512e+00 3.138326964760697724e+00 -8.149526235331121526e+00 2.661391139921128954e-02
8.147172694956731576e+00 3.138326964760697724e+00 -8.147129251323177002e+00 2.660608356748578665e-02
8.144822776522056884e+00 3.138326964760697724e+00 -8.144779345419106420e+00 2.659840947874473824e-02
8.142520185757645024e+00 3.138326964760697724e+00 -8.142476766932929877e+00 2.659088994717305823e-02
8.140265166957597387e+00 3.138326964760697724e+00 -8.140221760157448472e+00 2.658352577055784344e-02
8.138057959368856231e+00 3.138326964760697724e+00 -8.138014564338325485e+00 2.657631773020377106e-02
8.135898797165818763e+00 3.138326964760697724e+00 -8.135855413648711121e+00 2.656926659085019973e-02
8.133787909425487683e+00 3.138326964760697724e+00 -8.133744537164387722e+00 2.656237310059000184e-02
8.131725520103172400e+00 3.138326964760697724e+00 -8.131682158839469210e+00 2.655563799079023457e-02
8.129711848008730257e+00 3.138326964760697724e+00 -8.129668497482645861e+00 2.654906197601452841e-02
8.127747106783344222e+00 3.138326964760697724e+00 -8.127703766733960222e+00 2.654264575394727627e-02
8.125831504876865452e+00 3.138326964760697724e+00 -8.125788175042155004e+00 2.653639000531961278e-02
8.123965245525690548e+00 3.138326964760697724e+00 -8.123921925642541453e+00 2.653029539383719090e-02
8.122148526731201912e+00 3.138326964760697724e+00 -8.122105216535446814e+00 2.652436256610976248e-02
8.120381541238762324e+00 3.138326964760697724e+00 -8.120338240465203583e+00 2.651859215158258731e-02
8.118664476517261974e+00 3.138326964760697724e+00 -8.118621184899705412e+00 2.651298476246963937e-02
8.116997514739232145e+00 3.138326964760697724e+00 -8.116954232010511916e+00 2.650754099368865524e-02
8.115380832761514895e+00 3.138326964760697724e+00 -8.115337558653520134e+00 2.650226142279803188e-02
8.113814602106504736e+00 3.138326964760697724e+00 -8.113771336350209751e+00 2.649714660993553184e-02
8.112298988943942746e+00 3.138326964760697724e+00 -8.112255731269438996e+00 2.649219709775886555e-02
8.110834154073291558e+00 3.138326964760697724e+00 -8.110790904209810748e+00 2.648741341138810199e-02
8.109420252906675231e+00 3.138326964760697724e+00 -8.109377010582619505e+00 2.648279605834998052e-02
8.108057435452392880e+00 3.138326964760697724e+00 -8.108014200395366800e+00 2.647834552852405474e-02
8.106745846298997193e+00 3.138326964760697724e+00 -8.106702618235832603e+00 2.647406229409070971e-02
8.105485624599957362e+00 3.138326964760697724e+00 -8.105442403256745365e+00 2.646994680948106665e-02
8.104276904058901110e+00 3.138326964760697724e+00 -8.104233689161018717e+00 2.646599951132878881e-02
8.103119812915418052e+00 3.138326964760697724e+00 -8.103076604187558374e+00 2.646222081842373314e-02
8.102014473931465233e+00 3.138326964760697724e+00 -8.101971271097667682e+00 2.645861113166753445e-02
8.100961004378332220e+00 3.138326964760697724e+00 -8.100917807162009154e+00 2.645517083403105263e-02
8.099959516024213713e+00 3.138326964760697724e+00 -8.099916324148184188e+00 2.645190029051378705e-02
8.099010115122334597e+00 3.138326964760697724e+00 -8.098966928308851010e+00 2.644879984810508816e-02
8.098112902399686064e+00 3.138326964760697724e+00 -8.098069720370460800e+00 2.644586983574738134e-02
8.097267973046340828e+00 3.138326964760697724e+00 -8.097224795522580010e+00 2.644311056430126775e-02
8.096475416705347428e+00 3.138326964760697724e+00 -8.096432243407779339e+00 2.644052232651253678e-02
8.095735317463224945e+00 3.138326964760697724e+00 -8.095692148112130226e+00 2.643810539698110071e-02
8.095047753841042137e+00 3.138326964760697724e+00 -8.095004588156282210e+00 2.643586003213188595e-02
8.094412798786077445e+00 3.138326964760697724e+00 -8.094369636487124708e+00 2.643378647018757369e-02
8.093830519664091838e+00 3.138326964760697724e+00 -8.093787360470059866e+00 2.643188493114339427e-02
8.093300978252175426e+00 3.138326964760697724e+00 -8.093257821881847391e+00 2.643015561674373279e-02
8.092824230732194479e+00 3.138326964760697724e+00 -8.092781076904055126e+00 2.642859871046076767e-02
8.092400327684828198e+00 3.138326964760697724e+00 -8.092357176117090489e+00 2.642721437747495503e-02
8.092029314084207670e+00 3.138326964760697724e+00 -8.091986164494846534e+00 2.642600276465755307e-02
8.091711229293139240e+00 3.138326964760697724e+00 -8.091668081399919998e+00 2.642496400055501307e-02
8.091446107058928305e+00 3.138326964760697724e+00 -8.091402960579435089e+00 2.642409819537533747e-02
8.091233975509805276e+00 3.138326964760697724e+00 -8.091190830161473002e+00 2.642340544097640867e-02
8.091074857151935973e+00 3.138326964760697724e+00 -8.091031712652080543e+00 2.642288581085622950e-02
