9.999928239856992196e-01 4.971447907239500037e-06
9.999354185008066942e-01 4.474377687262479189e-05
9.998206215543850028e-01 1.242923696770533955e-04
9.996484611897344941e-01 2.436246613354494674e-04
9.994189794632424295e-01 4.027497049321462821e-04
9.991322324341089800e-01 6.016730242876444298e-04
9.987882901506530686e-01 8.403859658163740590e-04
9.983872366332002812e-01 1.118847412915982727e-03
9.979291698535575073e-01 1.436956398158689046e-03
9.974142017110807501e-01 1.794515362427835138e-03
9.968424580053384387e-01 2.191185438899647970e-03
9.962140784053815645e-01 2.626436961898448268e-03
9.955292164156237522e-01 3.099500115888770627e-03
9.947880393383421449e-01 3.609321903789443429e-03
9.939907282328082072e-01 4.154536093396470585e-03
9.931374778710574391e-01 4.733452246572098648e-03
9.922284966903088810e-01 5.344068257655283823e-03
9.912640067420472878e-01 5.984108151707686479e-03
9.902442436377782986e-01 6.651083579744800252e-03
9.891694564914730314e-01 7.342374049911237939e-03
9.880399078587116524e-01 8.055318096691790539e-03
9.868558736725456804e-01 8.787305912579089148e-03
9.856176431760907963e-01 9.535863849170031492e-03
9.843255188518689192e-01 1.029872272742541998e-02
9.829798163479162021e-01 1.107386481569784011e-02
9.815808644006742689e-01 1.185954806755468681e-02
9.801290047546844519e-01 1.265431000934180185e-02
9.786245920791045716e-01 1.345695677954415227e-02
9.770679938810682419e-01 1.426654467592622030e-02
9.754595904159073516e-01 1.508236189583679610e-02
9.737997745942619243e-01 1.590391704339769174e-02
9.720889518860966749e-01 1.673093880946343454e-02
9.703275402216506862e-01 1.756338857205081219e-02
9.685159698893430757e-01 1.840148510961709880e-02
9.666546834306588565e-01 1.924573864587591707e-02
9.647441355320429679e-01 2.009699032294473553e-02
9.627847929138260152e-01 2.095645296293594667e-02
9.607771342162114703e-01 2.182574945895179863e-02
9.587216498823502020e-01 2.270694604617749107e-02
9.566188420385322022e-01 2.360257872890341585e-02
9.544692243715240387e-01 2.451567202511260174e-02
9.522733220030821233e-01 2.544974979155201211e-02
9.500316713616731024e-01 2.640883818387611964e-02
9.477448200514317911e-01 2.739746085936280162e-02
9.454133267183885136e-01 2.842062646619225239e-02
9.430377609140006001e-01 2.948380840953473275e-02
9.406187029560181267e-01 3.059291693393206141e-02
9.381567437867204262e-01 3.175426375523931338e-02
9.356524848285572293e-01 3.297451980318847481e-02
9.331065378372299657e-01 3.426066704761199233e-02
9.305195247522473068e-01 3.561994580734593324e-02
9.278920775449948088e-01 3.705979930912864373e-02
9.252248380643528503e-01 3.858781751586409792e-02
9.225184578799018320e-01 4.021168234310676382e-02
9.197735981227526114e-01 4.193911631910629545e-02
9.169909293240416925e-01 4.377783653207326098e-02
9.141711312511295873e-01 4.573551538470699285e-02
9.113148927415428702e-01 4.781974929185493772e-02
9.084229115347011163e-01 5.003803607128598507e-02
9.054958941014689122e-01 5.239776144801215618e-02
9.025345554715741292e-01 5.490619486887685780e-02
8.995396190589368679e-01 5.757049474098367703e-02
8.965118164849492643e-01 6.039772328092560955e-02
8.934518873997501220e-01 6.339487138732974314e-02
8.903605793015390013e-01 6.656889430291752785e-02
8.872386473539732865e-01 6.992675927255879997e-02
8.840868542016908638e-01 7.347550687473458630e-02
8.809059697840082581e-01 7.722232813834473131e-02
8.776967711468335320e-01 8.117465987996688725e-02
8.744600422528460149e-01 8.534030082874100032e-02
8.711965737899844964e-01 8.972755096570188271e-02
8.679071629782931785e-01 9.434537601247297567e-02
8.645926133751721254e-01 9.920359808866471840e-02
8.612537346790790638e-01 1.043131121595140404e-01
8.578913425317313823e-01 1.096861259787639820e-01
8.545062583188562932e-01 1.153364187929762918e-01
8.510993089695377822e-01 1.212796111546028954e-01
8.476713267542088648e-01 1.275334348941256080e-01
8.442231490813398853e-01 1.341179888008817711e-01
8.407556182928710431e-01 1.410559621137427722e-01
8.372695814584403262e-01 1.483728048643835618e-01
8.337658901684554813e-01 1.560968218541155805e-01
8.302454003260626436e-01 1.642591660247879892e-01
8.267089719380615875e-01 1.728937076363759318e-01
8.231574689048172244e-01 1.820367583367630826e-01
8.195917588092210826e-01 1.917266340879127950e-01
8.160127127047527296e-01 2.020030479434022086e-01
8.124212049026936500e-01 2.129063325120482131e-01
8.088181127585449826e-01 2.244765019527517891e-01
8.052043164577022960e-01 2.367521736468579663e-01
8.015806988004372524e-01 2.497693792776528865e-01
7.979481449862431131e-01 2.635603029299989908e-01
7.943075423975922700e-01 2.781519892154946105e-01
7.906597803831605376e-01 2.935650668637723171e-01
7.870057500405724937e-01 3.098125326268250657e-01
7.833463439987180532e-01 3.268986370307647715e-01
7.796824561996960057e-01 3.448179080833581045e-01
7.760149816804360334e-01 3.635543422712758099e-01
7.723448163540538314e-01 3.830807848370922919e-01
7.686728567909918430e-01 4.033585140831599802e-01
7.650000000000000133e-01 4.243370377928447068e-01
7.613271432090081836e-01 4.459541040650807919e-01
7.576551836459464173e-01 4.681359240116214626e-01
7.539850183195641042e-01 4.907975998108692894e-01
7.503175438003040210e-01 5.138437484055691229e-01
7.466536560012819734e-01 5.371693085000209811e-01
7.429942499594275329e-01 5.606605162907641882e-01
7.393402196168396001e-01 5.841960334222666695e-01
7.356924576024078677e-01 6.076482089107198004e-01
7.320518550137569136e-01 6.308844551847032633e-01
7.284193011995627742e-01 6.537687169498307416e-01
7.247956835422977306e-01 6.761630103225554356e-01
7.211818872414549331e-01 6.979290086401404025e-01
7.175787950973064877e-01 7.189296505910519608e-01
7.139872872952472971e-01 7.390307458732573442e-01
7.104082411907789441e-01 7.581025535209678923e-01
7.068425310951828022e-01 7.760213083759606167e-01
7.032910280619384391e-01 7.926706719375643528e-01
6.997545996739373830e-01 8.079430850108304529e-01
6.962341098315446564e-01 8.217410011770479583e-01
6.927304185415597004e-01 8.339779821123981529e-01
6.892443817071288725e-01 8.445796381457758573e-01
6.857768509186601413e-01 8.534844001312780204e-01
6.823286732457911619e-01 8.606441116623977372e-01
6.789006910304622444e-01 8.660244338141558362e-01
6.754937416811436224e-01 8.696050579023520966e-01
6.721086574682686443e-01 8.713797251286996559e-01
6.687462653209210739e-01 8.713560553681717336e-01
6.654073866248280122e-01 8.695551906819204424e-01
6.620928370217069592e-01 8.660112623386831965e-01
6.588034262100156413e-01 8.607706931353367175e-01
6.555399577471540118e-01 8.538913495633587702e-01
6.523032288531664946e-01 8.454415608174218333e-01
6.490940302159917685e-01 8.354990237367970751e-01
6.459131457983090518e-01 8.241496144687125991e-01
6.427613526460268512e-01 8.114861289122320409e-01
6.396394206984610253e-01 7.976069748181482399e-01
6.365481126002500156e-01 7.826148387705236242e-01
6.334881835150508733e-01 7.666153511552681321e-01
6.304603809410631587e-01 7.497157716372367942e-01
6.274654445284258975e-01 7.320237166370692217e-01
6.245041058985312254e-01 7.136459488504396376e-01
6.215770884652989103e-01 6.946872470232462460e-01
6.186851072584571565e-01 6.752493720338830219e-01
6.158288687488705504e-01 6.554301428934715679e-01
6.130090706759583341e-01 6.353226336190989088e-01
6.102264018772475263e-01 6.150144991313057918e-01
6.074815421200981946e-01 5.945874354461014866e-01
6.047751619356471764e-01 5.741167765455558181e-01
6.021079224550052178e-01 5.536712274901262054e-01
5.994804752477527199e-01 5.333127306468103956e-01
5.968934621627700610e-01 5.130964594097896514e-01
5.943475151714427973e-01 4.930709315345369048e-01
5.918432562132797115e-01 4.732782322304545652e-01
5.893812970439818999e-01 4.537543354842490384e-01
5.869622390859994265e-01 4.345295107239651178e-01
5.845866732816115130e-01 4.156288008729868144e-01
5.822551799485682356e-01 3.970725570608308885e-01
5.799683286383269243e-01 3.788770147187275894e-01
5.777266779969180144e-01 3.610548954534550936e-01
5.755307756284759879e-01 3.436160189276465937e-01
5.733811579614678244e-01 3.265679089576441485e-01
5.712783501176498246e-01 3.099163781751245739e-01
5.692228657837885564e-01 2.936660759237835761e-01
5.672152070861740114e-01 2.778209846526157878e-01
5.652558644679570587e-01 2.623848510325910155e-01
5.633453165693411702e-01 2.473615394953190827e-01
5.614840301106569509e-01 2.327552980018161022e-01
5.596724597783493405e-01 2.185709286974704124e-01
5.579110481139033517e-01 2.048138597330631805e-01
5.562002254057381023e-01 1.914901188748733274e-01
5.545404095840925640e-01 1.786062144201020496e-01
5.529320061189316737e-01 1.661689340912638202e-01
5.513754079208953440e-01 1.541850776197120076e-01
5.498709952453155747e-01 1.426611431960524701e-01
5.484191355993257577e-01 1.316029914043310156e-01
5.470201836520838246e-01 1.210155122555472973e-01
5.456744811481311075e-01 1.109023211863351122e-01
5.443823568239092303e-01 1.012655082324013245e-01
5.431441263274543463e-01 9.210546104306950588e-02
5.419600921412882633e-01 8.342077717641521728e-02
5.408305435085269952e-01 7.520827457618191325e-02
5.397557563622216170e-01 6.746310178887485187e-02
5.387359932579527388e-01 6.017894192612184556e-02
5.377715033096911457e-01 5.334829723875179897e-02
5.368625221289425875e-01 4.696283504341682014e-02
5.360092717671918194e-01 4.101377114676928171e-02
5.352119606616578817e-01 3.549226423453055723e-02
5.344707835843762744e-01 3.038979415830075914e-02
5.337859215946184621e-01 2.569849870306500569e-02
5.331575419946615879e-01 2.141144710741396673e-02
5.325857982889193876e-01 1.752283401702465701e-02
5.320708301464425194e-01 1.402808421570908223e-02
5.316127633667997454e-01 1.092386583015906090e-02
5.312117098493469580e-01 8.208017124665310804e-03
5.308677675658910466e-01 5.879398872418849925e-03
5.305810205367575971e-01 3.937690046361751010e-03
5.303515388102655326e-01 2.383148751229666011e-03
5.301793784456150238e-01 1.216362592562631470e-03
5.300645814991933324e-01 4.380128820447308675e-04
5.300071760143009181e-01 4.867521685456949562e-05
