9.999980187986277080e-01 1.319959453701484049e-12 1.340104037251201624e-12 2.660063490952685673e-12
9.999821693149513191e-01 9.349828992743200894e-11 1.081693116943141929e-10 2.016676016217462148e-10
9.999504710265378904e-01 5.469169702715157860e-10 8.162782379491166325e-10 1.363195208220632315e-09
9.999029252912362553e-01 1.356607708917761623e-09 2.937795558130252524e-09 4.294403267048014353e-09
9.998395341457478880e-01 1.983393797625427592e-09 7.027863317476375421e-09 9.011257115101803013e-09
9.997603003055381965e-01 1.884597687921411478e-09 1.259483445853727547e-08 1.447943214645868736e-08
9.996652271647211707e-01 1.171524005231400321e-09 1.797298281121109914e-08 1.914450681644249967e-08
9.995543187959138320e-01 4.455557437655736890e-10 2.139927958733900318e-08 2.184483533110457532e-08
9.994275799500615953e-01 8.568874078481080585e-11 2.234193106843273842e-08 2.242761980921755013e-08
9.992850160562345430e-01 8.822727315620439071e-12 2.164660710126226508e-08 2.165542982857788484e-08
9.991266332213958323e-01 9.972600846878353879e-12 2.055474074991368238e-08 2.056471335076055912e-08
9.989524382301386840e-01 9.405609744928253755e-12 1.982076957535455594e-08 1.983017518509948524e-08
9.987624385443967245e-01 7.184443794150329162e-12 1.956491476528546255e-08 1.957209920907961419e-08
9.985566423031242422e-01 6.769541202775659210e-12 1.957921687857742584e-08 1.958598641978020103e-08
9.983350583219472441e-01 6.834415407508994587e-12 1.965016474155690727e-08 1.965699915696441490e-08
9.980976960927859798e-01 6.863318182509438464e-12 1.969073237042765600e-08 1.969759568861016692e-08
9.978445657834483784e-01 6.884654005007231653e-12 1.970447083823865735e-08 1.971135549224366581e-08
9.975756782371943965e-01 6.911789777878146918e-12 1.971242742815077804e-08 1.971933921792865507e-08
9.972910449722716120e-01 6.943565038782086360e-12 1.972286318459909481e-08 1.972980674963787597e-08
9.969906781814216190e-01 6.978320156708663557e-12 1.973532870266484333e-08 1.974230702282155339e-08
9.966745907313582231e-01 7.015508551475373389e-12 1.974857609200821359e-08 1.975559160055968747e-08
9.963427961622156603e-01 7.055307184646615583e-12 1.976237673281953679e-08 1.976943204000418350e-08
9.959953086869690608e-01 7.097918960677392660e-12 1.977681654500072148e-08 1.978391446396139959e-08
9.956321431908251585e-01 7.143478841436660281e-12 1.979192723509485746e-08 1.979907071393629447e-08
9.952533152305852449e-01 7.192118157626824560e-12 1.980770649598843393e-08 1.981489861414606219e-08
9.948588410339782584e-01 7.243980007872878077e-12 1.982415365305107509e-08 1.983139763305894656e-08
9.944487374989658957e-01 7.299215104643416406e-12 1.984127040574972148e-08 1.984856962085436446e-08
9.940230221930186350e-01 7.357980672922446329e-12 1.985905847397080968e-08 1.986641645464373100e-08
9.935817133523634492e-01 7.420440803338818710e-12 1.987751955436805222e-08 1.988493999517139252e-08
9.931248298812018760e-01 7.486766607001562931e-12 1.989665543605972327e-08 1.990414220266672417e-08
9.926523913509016639e-01 7.557136306078769913e-12 1.991646799523159635e-08 1.992402513153767367e-08
9.921644179991567780e-01 7.631735342330063589e-12 1.993695918999208935e-08 1.994459092533441917e-08
9.916609307291216480e-01 7.710756491637661776e-12 1.995813105951892850e-08 1.996584181601056460e-08
9.911419511085149958e-01 7.794399982245900999e-12 1.997998572205998180e-08 1.998778012204222698e-08
9.906075013686966857e-01 7.882873617806704901e-12 2.000252537281248713e-08 2.001040824643029259e-08
9.900576044037145973e-01 7.976392905283392971e-12 2.002575228232537269e-08 2.003372867523065605e-08
9.894922837693246320e-01 8.075181187689951252e-12 2.004966879493422137e-08 2.005774397612191073e-08
9.889115636819812982e-01 8.179469781689512561e-12 2.007427732677907799e-08 2.008245679656076909e-08
9.883154690178000967e-01 8.289498120082887753e-12 2.009958036383301324e-08 2.010786986195309684e-08
9.877040253114927060e-01 8.405513899531665550e-12 2.012558046056880773e-08 2.013398597446833817e-08
9.870772587552725241e-01 8.527773233630385656e-12 2.015228023893015774e-08 2.016080801216378952e-08
9.864351961977325667e-01 8.656540811105931120e-12 2.017968238696373352e-08 2.018833892777483802e-08
9.857778651426959415e-01 8.792090059298355824e-12 2.020778965751852051e-08 2.021658174757781978e-08
9.851052937480372362e-01 8.934703313391079285e-12 2.023660486771455764e-08 2.024553957102794967e-08
9.844175108244765937e-01 9.084671991335354014e-12 2.026613089870918928e-08 2.027521557070052533e-08
9.837145458343452553e-01 9.242296774343803905e-12 2.029637069515531493e-08 2.030561299192965772e-08
9.829964288903237923e-01 9.407887793259084009e-12 2.032732726483048471e-08 2.033673515262374362e-08
9.822631907541520269e-01 9.581764821063059033e-12 2.035900367894665865e-08 2.036858544376772314e-08
9.815148628353111970e-01 9.764257471520766862e-12 2.039140307268020782e-08 2.040116733015172981e-08
9.807514771896789219e-01 9.955705404030579267e-12 2.042452864548010850e-08 2.043448435088413787e-08
9.799730665181553002e-01 1.015645853487559349e-11 2.045838366146966420e-08 2.046854012000453940e-08
9.791796641652629196e-01 1.036687725507131426e-11 2.049297145035378045e-08 2.050333832760885231e-08
9.783713041177176661e-01 1.058733265499976295e-11 2.052829540855120635e-08 2.053888274120620750e-08
9.775480210029738881e-01 1.081820675586517901e-11 2.056435900004556773e-08 2.057517720680143387e-08
9.767098500877399170e-01 1.105989274808237038e-11 2.060116575715039344e-08 2.061222564989847467e-08
9.758568272764681639e-01 1.131279523693314631e-11 2.063871928173482826e-08 2.065003207697175986e-08
9.749889891098167949e-01 1.157733049570188289e-11 2.067702324664286640e-08 2.068860057713856676e-08
9.741063727630844271e-01 1.185392672625186262e-11 2.071608139669355841e-08 2.072793532341980879e-08
9.732090160446178473e-01 1.214302432725684413e-11 2.075589754955179414e-08 2.076804057387904986e-08
9.722969573941923072e-01 1.244507617044894752e-11 2.079647559702776384e-08 2.080892067319821404e-08
9.713702358813646187e-01 1.276054788503431008e-11 2.083781950644133624e-08 2.085058005432637152e-08
9.704288912038001591e-01 1.308991815032440643e-11 2.087993332153483920e-08 2.089302323968516249e-08
9.694729636855717869e-01 1.343367899686937502e-11 2.092282116327193745e-08 2.093625484226880836e-08
9.685024942754328903e-01 1.379233611638547651e-11 2.096648723096550332e-08 2.098027956708188733e-08
9.675175245450630124e-01 1.416640918066600337e-11 2.101093580344824604e-08 2.102510221262891134e-08
9.665180966872871648e-01 1.455643216963481491e-11 2.105617123985728594e-08 2.107072767202692032e-08
9.655042535142684956e-01 1.496295370875977633e-11 2.110219798025310722e-08 2.111716093396186851e-08
9.644760384556740895e-01 1.538653741614309457e-11 2.114902054653046247e-08 2.116440708394660396e-08
9.634334955568149006e-01 1.582776225959780985e-11 2.119664354344654167e-08 2.121247130570613801e-08
9.623766694767588170e-01 1.628722292384403591e-11 2.124507165925390757e-08 2.126135888217775299e-08
9.613056054864178579e-01 1.676553018803867639e-11 2.129430966613236343e-08 2.131107519632040172e-08
9.602203494666086137e-01 1.726331131404647578e-11 2.134436242097747450e-08 2.136162573229152086e-08
9.591209479060867071e-01 1.778121044576034532e-11 2.139523486632041271e-08 2.141301607676617220e-08
9.580074478995562748e-01 1.831988901961197253e-11 2.144693203083638490e-08 2.146525191985599732e-08
9.568798971456511371e-01 1.888002618657844133e-11 2.149945902972353777e-08 2.151833905591011703e-08
9.557383439448932094e-01 1.946231924611785982e-11 2.155282106546160826e-08 2.157228338470772727e-08
9.545828371976219362e-01 2.006748409232654593e-11 2.160702342866398904e-08 2.162709091275631608e-08
9.534134264019008542e-01 2.069625567254422479e-11 2.166207149857638939e-08 2.168276775424893324e-08
9.522301616513959566e-01 2.134938845874903773e-11 2.171797074347976149e-08 2.173932013193851029e-08
9.510330936332312968e-01 2.202765693215866751e-11 2.177472672142325855e-08 2.179675437835541739e-08
9.498222736258163934e-01 2.273185608141050575e-11 2.183234508108448279e-08 2.185507693716589247e-08
9.485977534966506530e-01 2.346280191461031429e-11 2.189083156233245463e-08 2.191429436424706497e-08
9.473595857001007037e-01 2.422133198559248282e-11 2.195019199666040354e-08 2.197441332864599567e-08
9.461078232751539696e-01 2.500830593485015051e-11 2.201043230795488714e-08 2.203544061388973886e-08
9.448425198431468219e-01 2.582460604559637385e-11 2.207155851343559088e-08 2.209738311948118601e-08
9.435637296054667500e-01 2.667113781526601658e-11 2.213357672426947646e-08 2.216024786208474314e-08
9.422715073412315512e-01 2.754883054284075480e-11 2.219649314605056320e-08 2.222404197659340372e-08
9.409659084049420974e-01 2.845863793253840955e-11 2.226031407964795359e-08 2.228877271758049037e-08
9.396469887241114538e-01 2.940153871435210991e-11 2.232504592218839810e-08 2.235444746090275073e-08
9.383148047968691285e-01 3.037853728176741578e-11 2.239069516770516546e-08 2.242107370498693433e-08
9.369694136895404535e-01 3.139066434713741057e-11 2.245726840770495253e-08 2.248865907205209093e-08
9.356108730342030944e-01 3.243897761529263507e-11 2.252477233207768042e-08 2.255721130969297284e-08
9.342392410262166935e-01 3.352456247591609172e-11 2.259321373010650845e-08 2.262673829258242562e-08
9.328545764217317515e-01 3.464853271512447479e-11 2.266259949118948975e-08 2.269724802390461410e-08
9.314569385351710862e-01 3.581203124677614590e-11 2.273293660547300292e-08 2.276874863671977777e-08
9.300463872366901974e-01 3.701623086411663745e-11 2.280423216477753926e-08 2.284124839564165711e-08
9.286229829496119859e-01 3.826233501235453967e-11 2.287649336364573397e-08 2.291475569865808831e-08
9.271867866478386011e-01 3.955157858270390722e-11 2.294972750012239082e-08 2.298927907870509495e-08
9.257378598532397529e-01 4.088522872844492122e-11 2.302394197642374411e-08 2.306482720515218998e-08
9.242762646330167087e-01 4.226458570369836217e-11 2.309914429990945541e-08 2.314140888561315354e-08
9.228020635970443086e-01 4.369098372562187647e-11 2.317534208417392947e-08 2.321903306789955230e-08
9.213153198951883338e-01 4.516579186059918521e-11 2.325254304984906990e-08 2.329770884170967023e-08
9.198160972146006698e-01 4.669041493504593606e-11 2.333075502532046864e-08 2.337744544025551331e-08
9.183044597769911555e-01 4.826629447161254602e-11 2.340998594774449735e-08 2.345825224221611052e-08
9.167804723358765617e-01 4.989490965155249896e-11 2.349024386414128426e-08 2.354013877379283595e-08
9.152442001738066990e-01 5.157777830392069211e-11 2.357153693222892257e-08 2.362311471053284246e-08
9.136957090995677655e-01 5.331645792235207168e-11 2.365387342120195987e-08 2.370718987912431164e-08
9.121350654453636020e-01 5.511254671026110843e-11 2.373726171276099317e-08 2.379237425947125433e-08
9.105623360639741870e-01 5.696768465532201313e-11 2.382171030220579469e-08 2.387867798686111762e-08
9.089775883258917055e-01 5.888355463401018811e-11 2.390722779931960764e-08 2.396611135395361819e-08
9.073808901164348573e-01 6.086188354702264779e-11 2.399382292919284274e-08 2.405468481273986665e-08
9.057723098328408495e-01 6.290444348650840643e-11 2.408150453326496185e-08 2.414440897675146918e-08
9.041519163813349635e-01 6.501305293608225647e-11 2.417028157043116951e-08 2.423529462336725300e-08
9.025197791741795816e-01 6.718957800454338464e-11 2.426016311794611441e-08 2.432735269595065807e-08
9.008759681267008990e-01 6.943593369421199418e-11 2.435115837227660999e-08 2.442059430597082341e-08
8.992205536542927646e-01 7.175408520492252972e-11 2.444327665016983564e-08 2.451503073537475908e-08
8.975536066694016490e-01 7.414604927476821361e-11 2.453652738976489873e-08 2.461067343903966542e-08
8.958751985784882965e-01 7.661389555863226541e-11 2.463092015152269146e-08 2.470753404708132281e-08
8.941854012789692829e-01 7.915974804553197374e-11 2.472646461912970812e-08 2.480562436717523986e-08
8.924842871561367019e-01 8.178578651594754159e-11 2.482317060056466140e-08 2.490495638708060979e-08
8.907719290800579781e-01 8.449424804037855687e-11 2.492104802918116915e-08 2.500554227722154736e-08
8.890484004024538089e-01 8.728742852030692389e-11 2.502010696466477262e-08 2.510739439318507838e-08
8.873137749535563445e-01 9.016768427274878818e-11 2.512035759397684544e-08 2.521052527824959263e-08
8.855681270389466064e-01 9.313743365969743675e-11 2.522181023242057137e-08 2.531494766608026808e-08
8.838115314363713670e-01 9.619915876379860239e-11 2.532447532471910142e-08 2.542067448348290080e-08
8.820440633925397123e-01 9.935540711163472967e-11 2.542836344598899989e-08 2.552771885310063614e-08
8.802657986199000639e-01 1.026087934459650338e-10 2.553348530269875475e-08 2.563609409614472023e-08
8.784768132933967744e-01 1.059620015483848801e-10 2.563985173372782031e-08 2.574581373527620536e-08
8.766771840472071808e-01 1.094177861139577231e-10 2.574747371142243715e-08 2.585689149753639608e-08
8.748669879714583431e-01 1.129789746793728942e-10 2.585636234257250928e-08 2.596934131725188109e-08
8.730463026089253509e-01 1.166484696061384567e-10 2.596652886939892694e-08 2.608317733900506449e-08
8.712152059517094260e-01 1.204292501204068249e-10 2.607798467059677034e-08 2.619841392071717717e-08
8.693737764378972610e-01 1.243243744111736415e-10 2.619074126234944637e-08 2.631506563676061990e-08
8.675220929482001520e-01 1.283369817886250538e-10 2.630481029931236182e-08 2.643314728110098582e-08
8.656602348025760341e-01 1.324702949043874643e-10 2.642020357561117493e-08 2.655267387051556384e-08
8.637882817568313110e-01 1.367276220355405514e-10 2.653693302584478159e-08 2.667366064788032289e-08
8.619063139992036993e-01 1.411123594343460411e-10 2.665501072606503473e-08 2.679612308549937999e-08
8.600144121469286418e-01 1.456279937456432646e-10 2.677444889475220528e-08 2.692007688849784700e-08
8.581126572427846266e-01 1.502781044938861899e-10 2.689525989379333837e-08 2.704553799828722436e-08
8.562011307516221859e-01 1.550663666418871372e-10 2.701745622944910830e-08 2.717252259609099379e-08
8.542799145568740204e-01 1.599965532234737871e-10 2.714105055329204653e-08 2.730104710651552058e-08
8.523490909570479168e-01 1.650725380523471006e-10 2.726605566314403176e-08 2.743112820119637821e-08
8.504087426622003454e-01 1.702982985094358102e-10 2.739248450403192510e-08 2.756278280254136052e-08
8.484589527903944051e-01 1.756779184110693001e-10 2.752035016910870185e-08 2.769602808751976958e-08
8.464998048641387829e-01 1.812155909604189584e-10 2.764966590051984709e-08 2.783088149148026450e-08
8.445313828068100603e-01 1.869156217847361252e-10 2.778044509029998305e-08 2.796736071208472070e-08
8.425537709390578112e-01 1.927824320609747275e-10 2.791270128129329948e-08 2.810548371335427467e-08
8.405670539751923798e-01 1.988205617324643988e-10 2.804644816799633155e-08 2.824526872972879554e-08
8.385713170195561172e-01 2.050346728194808252e-10 2.818169959734952210e-08 2.838673427016900277e-08
8.365666455628781861e-01 2.114295528265945941e-10 2.831846956957576437e-08 2.852989912240235780e-08
8.345531254786113795e-01 2.180101182497332284e-10 2.845677223901532503e-08 2.867478235726505746e-08
8.325308430192547293e-01 2.247814181859588896e-10 2.859662191487657017e-08 2.882140333306252983e-08
8.304998848126580180e-01 2.317486380490994798e-10 2.873803306195197280e-08 2.896978170000107094e-08
8.284603378583115241e-01 2.389171033944677795e-10 2.888102030136423973e-08 2.911993740475870911e-08
8.264122895236185595e-01 2.462922838560617687e-10 2.902559841130179750e-08 2.927189069515785896e-08
8.243558275401531299e-01 2.538797971996805329e-10 2.917178232767375076e-08 2.942566212487343160e-08
8.222910399999022735e-01 2.616854134955719812e-10 2.931958714471079251e-08 2.958127255820636490e-08
8.202180153514919692e-01 2.697150594143083486e-10 2.946902811558407089e-08 2.973874317499837997e-08
8.181368423963989445e-01 2.779748226496942545e-10 2.962012065301594629e-08 2.989809547566563987e-08
8.160476102851456082e-01 2.864709564725887598e-10 2.977288032979857727e-08 3.005935128627116345e-08
8.139504085134821043e-01 2.952098844196554192e-10 2.992732287925926598e-08 3.022253276367891819e-08
8.118453269185524901e-01 3.041982051212484037e-10 3.008346419574061329e-08 3.038766240086186143e-08
8.097324556750458147e-01 3.134426972727950202e-10 3.024132033504491663e-08 3.055476303231771346e-08
8.076118852913340973e-01 3.229503247541551563e-10 3.040090751478530157e-08 3.072385783953945367e-08
8.054837066055947625e-01 3.327282419015868109e-10 3.056224211469309545e-08 3.089497035659468025e-08
8.033480107819197524e-01 3.427837989370798930e-10 3.072534067691029868e-08 3.106812447584737728e-08
8.012048893064095401e-01 3.531245475599702932e-10 3.089021990622582744e-08 3.124334445378579923e-08
7.990544339832557075e-01 3.637582467058343813e-10 3.105689667023213542e-08 3.142065491693797037e-08
7.968967369308067594e-01 3.746928684778957943e-10 3.122538799943320389e-08 3.160008086791110247e-08
7.947318905776233899e-01 3.859366042563803834e-10 3.139571108731481895e-08 3.178164769157119649e-08
7.925599876585177617e-01 3.974978709914781166e-10 3.156788329034559063e-08 3.196538116133706642e-08
7.903811212105823492e-01 4.093853176857254114e-10 3.174192212788798797e-08 3.215130744557371095e-08
7.881953845692043492e-01 4.216078320717624103e-10 3.191784528205349637e-08 3.233945311412526017e-08
7.860028713640664355e-01 4.341745474915708258e-10 3.209567059750572874e-08 3.252984514499729791e-08
7.838036755151372992e-01 4.470948499835560103e-10 3.227541608117138877e-08 3.272251093115494302e-08
7.815978912286472013e-01 4.603783855840557991e-10 3.245709990186099870e-08 3.291747828744505413e-08
7.793856129930539778e-01 4.740350678500596797e-10 3.264074038983219422e-08 3.311477545768225576e-08
7.771669355749941666e-01 4.880750856102252606e-10 3.282635603626837577e-08 3.331443112187860279e-08
7.749419540152236996e-01 5.025089109514922708e-10 3.301396549264684175e-08 3.351647440359833443e-08
7.727107636245476030e-01 5.173473074488301183e-10 3.320358757001524373e-08 3.372093487746407509e-08
7.704734599797361527e-01 5.326013386458564037e-10 3.339524123818751400e-08 3.392784257683336823e-08
7.682301389194310381e-01 5.482823767943036671e-10 3.358894562483920783e-08 3.413722800163351274e-08
7.659808965400403125e-01 5.644021118605403619e-10 3.378472001448762955e-08 3.434912212634817043e-08
7.637258291916213526e-01 5.809725608077630026e-10 3.398258384735694733e-08 3.456355640816471126e-08
7.614650334737540494e-01 5.980060771627545729e-10 3.418255671813502676e-08 3.478056279529778112e-08
7.591986062314022288e-01 6.155153608764031011e-10 3.438465837461701345e-08 3.500017373549341335e-08
7.569266445507657481e-01 6.335134684874230812e-10 3.458890871621863143e-08 3.522242218470605410e-08
7.546492457551213784e-01 6.520138235990815221e-10 3.479532779235850897e-08 3.544734161595758728e-08
7.523665074006539166e-01 6.710302276790605503e-10 3.500393580070821519e-08 3.567496602838727284e-08
7.500785272722766406e-01 6.905768711929248511e-10 3.521475308529295409e-08 3.590532995648588152e-08
7.477854033794433253e-01 7.106683450819121364e-10 3.542780013445018204e-08 3.613846847953209191e-08
7.454872339519497126e-01 7.313196525962378801e-10 3.564309757865410297e-08 3.637441723125034023e-08
7.431841174357247670e-01 7.525462214954998095e-10 3.586066618816936719e-08 3.661321240966486420e-08
7.408761524886149363e-01 7.743639166283180316e-10 3.608052687051685472e-08 3.685489078714516965e-08
7.385634379761569779e-01 7.967890529036367011e-10 3.630270066778485525e-08 3.709948972068849433e-08
7.362460729673432347e-01 8.198384086664422505e-10 3.652720875378825856e-08 3.734704716245470081e-08
7.339241567303781411e-01 8.435292394910510797e-10 3.675407243102748126e-08 3.759760167051853255e-08
7.315977887284250691e-01 8.678792924057393647e-10 3.698331312742812450e-08 3.785119241983386645e-08
7.292670686153464032e-01 8.929068205628391975e-10 3.721495239289011539e-08 3.810785921345295541e-08
7.269320962314348433e-01 9.186305983690593041e-10 3.744901189565982520e-08 3.836764249402888430e-08
7.245929715991359377e-01 9.450699370912167561e-10 3.768551341848391112e-08 3.863058335557512684e-08
7.222497949187633992e-01 9.722447009532350734e-10 3.792447885450802905e-08 3.889672355546126598e-08
7.199026665642076495e-01 1.000175323740745019e-09 3.816593020293948228e-08 3.916610552668022792e-08
7.175516870786355916e-01 1.028882825930095466e-09 3.840988956449883984e-08 3.943877239042893820e-08
7.151969571701839445e-01 1.058388832359029008e-09 3.865637913663075269e-08 3.971476796898978046e-08
7.128385777076444718e-01 1.088715590457107596e-09 3.890542120843560631e-08 3.999413679889271412e-08
7.104766497161441041e-01 1.119885989054749768e-09 3.915703815531351966e-08 4.027692414436826860e-08
7.081112743728171788e-01 1.151923577790439607e-09 3.941125243333672440e-08 4.056317601112716131e-08
7.057425530024705740e-01 1.184852587136078266e-09 3.966808657335686921e-08 4.085293916049294975e-08
7.033705870732440690e-01 1.218697949061113100e-09 3.992756317482134179e-08 4.114626112388245675e-08
7.009954781922635991e-01 1.253485318357058022e-09 4.018970489924578809e-08 4.144319021760284714e-08
6.986173281012886260e-01 1.289241094644759432e-09 4.045453446334075761e-08 4.174377555798551911e-08
6.962362386723541796e-01 1.325992445087539410e-09 4.072207463183827400e-08 4.204806707692581031e-08
6.938523119034061271e-01 1.363767327834160983e-09 4.099234821000652551e-08 4.235611553784068836e-08
6.914656499139332224e-01 1.402594516216405864e-09 4.126537803577603197e-08 4.266797255199243887e-08
6.890763549405916066e-01 1.442503623727151069e-09 4.154118697144677538e-08 4.298369059517392417e-08
6.866845293328256439e-01 1.483525129805625959e-09 4.181979789502884968e-08 4.330332302483447771e-08
6.842902755484838728e-01 1.525690406457327606e-09 4.210123369124011527e-08 4.362692409769744164e-08
6.818936961494295179e-01 1.569031745737121454e-09 4.238551724208015158e-08 4.395454898781727469e-08
6.794948937971481140e-01 1.613582388125339094e-09 4.267267141691252041e-08 4.428625380503786260e-08
6.770939712483479145e-01 1.659376551828001789e-09 4.296271906210479192e-08 4.462209561393279681e-08
6.746910313505605217e-01 1.706449463033327254e-09 4.325568299026787124e-08 4.496213245330120097e-08
6.722861770377333013e-01 1.754837387157508665e-09 4.355158596902234302e-08 4.530642335617985044e-08
6.698795113258210199e-01 1.804577661113923295e-09 4.385045070922353563e-08 4.565502837033745872e-08
6.674711373083728194e-01 1.855708726641519662e-09 4.415229985267280025e-08 4.600800857931432074e-08
6.650611581521161941e-01 1.908270164729439436e-09 4.445715595933285872e-08 4.636542612406229733e-08
6.626496770925367485e-01 1.962302731176604139e-09 4.476504149400226805e-08 4.672734422517887426e-08
6.602367974294571784e-01 2.017848393325956840e-09 4.507597881240488284e-08 4.709382720573084216e-08
6.578226225226118107e-01 2.074950368015178827e-09 4.538999014668953134e-08 4.746494051470470810e-08
6.554072557872182569e-01 2.133653160786948598e-09 4.570709759033009810e-08 4.784075075111704505e-08
6.529908006895488448e-01 2.194002606403482718e-09 4.602732308240452626e-08 4.822132568880800650e-08
6.505733607424971643e-01 2.256045910711488298e-09 4.635068839122871827e-08 4.860673430194020781e-08
6.481550395011447252e-01 2.319831693905708337e-09 4.667721509732202833e-08 4.899704679122773667e-08
6.457359405583247280e-01 2.385410035241468690e-09 4.700692457566592574e-08 4.939233461090739608e-08
6.433161675401845025e-01 2.452832519248649675e-09 4.733983797724183311e-08 4.979267049649048154e-08
6.408958241017463919e-01 2.522152283501374308e-09 4.767597620984123765e-08 5.019812849334261237e-08
6.384750139224679710e-01 2.593424067999632495e-09 4.801535991812222761e-08 5.060878398612185887e-08
6.360538407018001550e-01 2.666704266221250055e-09 4.835800946286172465e-08 5.102471372908297388e-08
6.336324081547454190e-01 2.742050977905251001e-09 4.870394489938404280e-08 5.144599587728929298e-08
6.312108200074149078e-01 2.819524063630273291e-09 4.905318595513976098e-08 5.187271001877003592e-08
6.287891799925851011e-01 2.899185201254135174e-09 4.940575200641414990e-08 5.230493720766828590e-08
6.263675918452547009e-01 2.981097944283241610e-09 4.976166205414483808e-08 5.274275999842807969e-08
6.239461592981999649e-01 3.065327782243323993e-09 5.012093469880537912e-08 5.318626248104870642e-08
6.215249860775320379e-01 3.151942203126317600e-09 5.048358811429599710e-08 5.363553031742231511e-08
6.191041758982536169e-01 3.241010757991187160e-09 5.084964002084667837e-08 5.409065077883786677e-08
6.166838324598156174e-01 3.332605127799514852e-09 5.121910765692184967e-08 5.455171278472136411e-08
6.142640594416753919e-01 3.426799192569920819e-09 5.159200775004894064e-08 5.501880694261886394e-08
6.118449604988553947e-01 3.523669102939466766e-09 5.196835648650466943e-08 5.549202558944413620e-08
6.094266392575028446e-01 3.623293354223968473e-09 5.234816947989019316e-08 5.597146283411415998e-08
6.070091993104511641e-01 3.725752863073101918e-09 5.273146173857257092e-08 5.645721460164567201e-08
6.045927442127817519e-01 3.831131046819884394e-09 5.311824763189075648e-08 5.694937867871064336e-08
6.021773774773881982e-01 3.939513905628857960e-09 5.350854085507476923e-08 5.744805476070362388e-08
5.997632025705428305e-01 4.050990107551754831e-09 5.390235439290860939e-08 5.795334450046036423e-08
5.973503229074633714e-01 4.165651076604710447e-09 5.429970048207645394e-08 5.846535155868116439e-08
5.949388418478840368e-01 4.283591083985564996e-09 5.470059057208618783e-08 5.898418165607175365e-08
5.925288626916271895e-01 4.404907342555704351e-09 5.510503528477543223e-08 5.950994262733113906e-08
5.901204886741791000e-01 4.529700104716063776e-09 5.551304437240529756e-08 6.004274447712136547e-08
5.877138229622669297e-01 4.658072763813253112e-09 5.592462667420910204e-08 6.058269943802235019e-08
5.853089686494397093e-01 4.790131959218150462e-09 5.633979007132238386e-08 6.112992203054054094e-08
5.829060287516520944e-01 4.925987685225927212e-09 5.675854144014714646e-08 6.168452912537307698e-08
5.805051062028520059e-01 5.065753403933547031e-09 5.718088660409309602e-08 6.224664000802664884e-08
5.781063038505704910e-01 5.209546162257774513e-09 5.760683028353168578e-08 6.281637644578945533e-08
5.757097244515161361e-01 5.357486713265003370e-09 5.803637604395040064e-08 6.339386275721540732e-08
5.733154706671743650e-01 5.509699641992555423e-09 5.846952624234731754e-08 6.397922588433986717e-08
5.709236450594084022e-01 5.666313495950054990e-09 5.890628197174068008e-08 6.457259546769072928e-08
5.685343500860668975e-01 5.827460920498578998e-09 5.934664300365246959e-08 6.517410392415105024e-08
5.661476880965938818e-01 5.993278799315567433e-09 5.979060772858806824e-08 6.578388652790363485e-08
5.637637613276458293e-01 6.163908400163754024e-09 6.023817309450200218e-08 6.640208149466574959e-08
5.613826718987113829e-01 6.339495526193820249e-09 6.068933454309173324e-08 6.702883006928555100e-08
5.590045218077365208e-01 6.520190673021789096e-09 6.114408594382950218e-08 6.766427661685129210e-08
5.566294129267560509e-01 6.706149191835825170e-09 6.160241952574390979e-08 6.830856871757973827e-08
5.542574469975295459e-01 6.897531458800353351e-09 6.206432580686122533e-08 6.896185726566157703e-08
5.518887256271829411e-01 7.094503051039922777e-09 6.252979352117308086e-08 6.962429657221300529e-08
5.495233502838559048e-01 7.297234929499595308e-09 6.299880954309976705e-08 7.029604447259935657e-08
5.471614222923556481e-01 7.505903628995809086e-09 6.347135880938161940e-08 7.097726243837742683e-08
5.448030428298161754e-01 7.720691455789690420e-09 6.394742423826990448e-08 7.166811569405958828e-08
5.424483129213644172e-01 7.941786693033305296e-09 6.442698664595570390e-08 7.236877333898900588e-08
5.400973334357923594e-01 8.169383814459281036e-09 6.491002466017659030e-08 7.307940847463587795e-08
5.377502050812367207e-01 8.403683706705101663e-09 6.539651463084587673e-08 7.380019833755098335e-08
5.354070284008640712e-01 8.644893900687259618e-09 6.588643053762177411e-08 7.453132443830903538e-08
5.330679037685651656e-01 8.893228812465428960e-09 6.637974389439381209e-08 7.527297270685924436e-08
5.307329313846536056e-01 9.148909994063213072e-09 6.687642365052571925e-08 7.602533364458893398e-08
5.284022112715750508e-01 9.412166394740774361e-09 6.737643608867165794e-08 7.678860248341243561e-08
5.260758432696219788e-01 9.683234633246081320e-09 6.787974471916257132e-08 7.756297935240864767e-08
5.237539270326567742e-01 9.962359281604532707e-09 6.838631017090058411e-08 7.834866945250511682e-08
5.214365620238430310e-01 1.024979316104216489e-08 6.889609007849664018e-08 7.914588323953881169e-08
5.191238475113850726e-01 1.054579765067698756e-08 6.940903896551305905e-08 7.995483661619004330e-08
5.168158825642752419e-01 1.085064300965509633e-08 6.992510812385837919e-08 8.077575113351348049e-08
5.145127660480504073e-01 1.116460871345514192e-08 7.044424548915238904e-08 8.160885420260752764e-08
5.122145966205566836e-01 1.148798380513427350e-08 7.096639551175191411e-08 8.245437931688618596e-08
5.099214727277233683e-01 1.182106726234196276e-08 7.149149902339135579e-08 8.331256628573331689e-08
5.076334925993460923e-01 1.216416838098591989e-08 7.201949309942461440e-08 8.418366148041053429e-08
5.053507542448786305e-01 1.251760717649835671e-08 7.255031091637689829e-08 8.506791809287525499e-08
5.030733554492343718e-01 1.288171480372186696e-08 7.308388160454414297e-08 8.596559640826600993e-08
5.008013937685978911e-01 1.325683399651124422e-08 7.362013009560778700e-08 8.687696409211903453e-08
4.985349665262460706e-01 1.364331952823217996e-08 7.415897696512363526e-08 8.780229649335581853e-08
4.962741708083786563e-01 1.404153869442533981e-08 7.470033826955494342e-08 8.874187696398028654e-08
4.940191034599597519e-01 1.445187181900606753e-08 7.524412537765445583e-08 8.969599719666052336e-08
4.917698610805689707e-01 1.487471278547827388e-08 7.579024479609174133e-08 9.066495758157001687e-08
4.895265400202638562e-01 1.531046959476522083e-08 7.633859798905390283e-08 9.164906758381912036e-08
4.872892363754524059e-01 1.575956495139059612e-08 7.688908119150979228e-08 9.264864614290038509e-08
4.850580459847763093e-01 1.622243687989369430e-08 7.744158521594763822e-08 9.366402209584133913e-08
4.828330644250059533e-01 1.669953937352144838e-08 7.799599525233597299e-08 9.469553462585741806e-08
4.806143870069460311e-01 1.719134307741999428e-08 7.855219066097513456e-08 9.574353373839513545e-08
4.784021087713528075e-01 1.769833600873910887e-08 7.911004475793787847e-08 9.680838076667698734e-08
4.761963244848628207e-01 1.822102431628547331e-08 7.966942459279362559e-08 9.789044890907909890e-08
4.739971286359336289e-01 1.875993308260516670e-08 8.023019071825908294e-08 9.899012380086424964e-08
4.718046154307957152e-01 1.931560717164763631e-08 8.079219695140892236e-08 1.001078041230565653e-07
4.696188787894176042e-01 1.988861212544968133e-08 8.135529012605108500e-08 1.012439022515007630e-07
4.674400123414823582e-01 2.047953511360060400e-08 8.191930983581861792e-08 1.023988449494192252e-07
4.652681094223768410e-01 2.108898593960924080e-08 8.248408816751209527e-08 1.035730741071213328e-07
4.631032630691933050e-01 2.171759810871111737e-08 8.304944942422016503e-08 1.047670475329312791e-07
4.609455660167443569e-01 2.236602996209973200e-08 8.361520983768031559e-08 1.059812397997800443e-07
4.587951106935904688e-01 2.303496588305379052e-08 8.418117726928569510e-08 1.072161431523394856e-07
4.566519892180803675e-01 2.372511758095646939e-08 8.474715089910554105e-08 1.084722684800620104e-07
4.545162933944051353e-01 2.443722545980172857e-08 8.531292090224875397e-08 1.097501463620504825e-07
4.523881147086659116e-01 2.517206007845563392e-08 8.587826811183400075e-08 1.110503281902896347e-07
4.502675443249543052e-01 2.593042371068212340e-08 8.644296366775523435e-08 1.123733873784373511e-07
4.481546730814476298e-01 2.671315201374365338e-08 8.700676865037896059e-08 1.137199206641226173e-07
4.460495914865179601e-01 2.752111581525081424e-08 8.756943369823653939e-08 1.150905495134873470e-07
4.439523897148543452e-01 2.835522302889052010e-08 8.813069860866344972e-08 1.164859216375539764e-07
4.418631576036011199e-01 2.921642071071552443e-08 8.869029192027035951e-08 1.179067126309858773e-07
4.397819846485079842e-01 3.010569726884265025e-08 8.924793047607293938e-08 1.193536277449156029e-07
4.377089600000978464e-01 3.102408484063980797e-08 8.980331896594010966e-08 1.208274038065799309e-07
4.356441724598469900e-01 3.197266185280556179e-08 9.035614944687976296e-08 1.223288112996853248e-07
4.335877104763815604e-01 3.295255578113877791e-08 9.090610083966026559e-08 1.238586566207990435e-07
4.315396621416883738e-01 3.396494612829452457e-08 9.145283840013960808e-08 1.254177845284341327e-07
4.295001151873418799e-01 3.501106763939573731e-08 9.199601316340502308e-08 1.270070808028007472e-07
4.274691569807452796e-01 3.609221377703580043e-08 9.253526135874286649e-08 1.286274751357786735e-07
4.254468745213887404e-01 3.720974047892736082e-08 9.307020379339636674e-08 1.302799442723237209e-07
4.234333544371218228e-01 3.836507022324506459e-08 9.360044520281881383e-08 1.319655154260638917e-07
4.214286829804438916e-01 3.955969642854748595e-08 9.412557356493249351e-08 1.336852699934799861e-07
4.194329460248077401e-01 4.079518821707933358e-08 9.464515937584095208e-08 1.354403475929202989e-07
4.174462290609423087e-01 4.207319557219850437e-08 9.515875488423715518e-08 1.372319504564356662e-07
4.154686171931899485e-01 4.339545492263829246e-08 9.566589328154892105e-08 1.390613482041872135e-07
4.135001951358612260e-01 4.476379518816907120e-08 9.616608784479198950e-08 1.409298830329610475e-07
4.115410472096056038e-01 4.618014432283578849e-08 9.665883102899150378e-08 1.428389753518272989e-07
4.095912573377996635e-01 4.764653639312014119e-08 9.714359350582351761e-08 1.447901298989436588e-07
4.076509090429521476e-01 4.916511922887292007e-08 9.761982314511886247e-08 1.467849423739917825e-07
4.057200854431259329e-01 5.073816268434264695e-08 9.808694393583624059e-08 1.488251066201788875e-07
4.037988692483779896e-01 5.236806754471648675e-08 9.854435484295757977e-08 1.509124223876740798e-07
4.018873427572153822e-01 5.405737510987140572e-08 9.899142859676480112e-08 1.530488037066362135e-07
3.999855878530714781e-01 5.580877748116849935e-08 9.942751041107402747e-08 1.552362878922425202e-07
3.980936860007961986e-01 5.762512856893001041e-08 9.985191662697250317e-08 1.574770451959025003e-07
3.962117182431688645e-01 5.950945582776314936e-08 1.002639332787218547e-07 1.597733891064850040e-07
3.943397651974239748e-01 6.146497271438043342e-08 1.006628145787998141e-07 1.621277872931802343e-07
3.924779070517998569e-01 6.349509184850229764e-08 1.010477813194682093e-07 1.645428731679705069e-07
3.906262235621028034e-01 6.560343884276931017e-08 1.014180191888549206e-07 1.670214580316242308e-07
3.887847940482905273e-01 6.779386675342412852e-08 1.017726770005040644e-07 1.695665437539282062e-07
3.869536973910747690e-01 7.007047109096505795e-08 1.021108648367735948e-07 1.721813359277386395e-07
3.851330120285417768e-01 7.243760531994930487e-08 1.024316521082396489e-07 1.748692574281889538e-07
3.833228159527929946e-01 7.489989676994979480e-08 1.027340655336595653e-07 1.776339623036093601e-07
3.815231867066031790e-01 7.746226287459600141e-08 1.030170870479672110e-07 1.804793499225631991e-07
3.797342013801000560e-01 8.012992765042512894e-08 1.032796516490016076e-07 1.834095792994267365e-07
3.779559366074602966e-01 8.290843831795542037e-08 1.035206451972605403e-07 1.864290835152159607e-07
3.761884685636287529e-01 8.580368194760331260e-08 1.037389021867807591e-07 1.895425841343840717e-07
3.744318729610534580e-01 8.882190197436472129e-08 1.039332035087211492e-07 1.927551054830858837e-07
3.726862250464436643e-01 9.196971435706042967e-08 1.041022742321335244e-07 1.960719885891939408e-07
3.709515995975463110e-01 9.525412304859500479e-08 1.042447814286944433e-07 1.994989044772894614e-07
3.692280709199421418e-01 9.868253428064785123e-08 1.043593320692972228e-07 2.030418663499450873e-07
3.675157128438633070e-01 1.022627689383298370e-07 1.044444710201067027e-07 2.067072399584365397e-07
3.658145987210307815e-01 1.060030719991418724e-07 1.044986791646290210e-07 2.105017511637708934e-07
3.641248014215117124e-01 1.099121176322124078e-07 1.045203716764279994e-07 2.144324893086404072e-07
3.624463933305984153e-01 1.139990081013718210e-07 1.045078964650482246e-07 2.185069045664200456e-07
3.607794463457074108e-01 1.182732641008969445e-07 1.044595328171458199e-07 2.227327969180427512e-07
3.591240318732991654e-01 1.227448035971263897e-07 1.043734902566646100e-07 2.271182938537909864e-07
3.574802208258204272e-01 1.274239056850199127e-07 1.042479076537191324e-07 2.316718133387390319e-07
3.558480836186652119e-01 1.323211554395095316e-07 1.040808526239929164e-07 2.364020080635024347e-07
3.542276901671592149e-01 1.374473652995520905e-07 1.038703212801700335e-07 2.413176865797221239e-07
3.526191098835651516e-01 1.428134682274208554e-07 1.036142384254166931e-07 2.464277066528375221e-07
3.510224116741082478e-01 1.484303777999802181e-07 1.033104583174993653e-07 2.517408361174795702e-07
3.494376639360258774e-01 1.543088105745666493e-07 1.029567661802258586e-07 2.572655767547925080e-07
3.478649345546364069e-01 1.604590665848271442e-07 1.025508806950552694e-07 2.630099472798823872e-07
3.463042909004322434e-01 1.668907647046776251e-07 1.020904577682613049e-07 2.689812224729389432e-07
3.447557998261933099e-01 1.736125308976125370e-07 1.015730959334776288e-07 2.751856268310901790e-07
3.432195276641234472e-01 1.806316390467346059e-07 1.009963438105094028e-07 2.816279828572439822e-07
3.416955402230088534e-01 1.879536061142158717e-07 1.003577100938533529e-07 2.883113162080692245e-07
3.401839027853994502e-01 1.955817457552177906e-07 9.965467658073597018e-08 2.952364223359537343e-07
3.386846801048117861e-01 2.035166871288127320e-07 9.888471476155644036e-08 3.024014018903691724e-07
3.371979364029557003e-01 2.117558683966805157e-07 9.804530647947476602e-08 3.098011748761552685e-07
3.357237353669833557e-01 2.202930171459180827e-07 9.713396911418431103e-08 3.174269862601024070e-07
3.342621401467602560e-01 2.291176325651834909e-07 9.614828565319969772e-08 3.252659182183832151e-07
3.328132133521614078e-01 2.382144864835934576e-07 9.508593988110647445e-08 3.333004263646999453e-07
3.313770170503880785e-01 2.475631621886660640e-07 9.394475674360564525e-08 3.415079189322717357e-07
3.299536127633098670e-01 2.571376511235931588e-07 9.272274773192582636e-08 3.498603988555189984e-07
3.285430614648289227e-01 2.669060279972409393e-07 9.141816089187895094e-08 3.583241888891198902e-07
3.271454235782683684e-01 2.768302244234336132e-07 9.002953479979791326e-08 3.668597592232315265e-07
3.257607589737832043e-01 2.868659198793398360e-07 8.855575557637700269e-08 3.754216754557168519e-07
3.243891269657970255e-01 2.969625665213804610e-07 8.699611574389210160e-08 3.839586822652725494e-07
3.230305863104594444e-01 3.070635612548669711e-07 8.535037348702257999e-08 3.924139347418895643e-07
3.216851952031308803e-01 3.171065745028894149e-07 8.361881066756953713e-08 4.007253851704589256e-07
3.203530112758886106e-01 3.270240404912384156e-07 8.180228778365409315e-08 4.088263282748924823e-07
3.190340915950578560e-01 3.367438087302017253e-07 7.990229396679722580e-08 4.166461026969989643e-07
3.177284926587685132e-01 3.461899509333963560e-07 7.792099008536962198e-08 4.241109410187659912e-07
3.164362703945332589e-01 3.552837120919315640e-07 7.586124307771755082e-08 4.311449551696491148e-07
3.151574801568532425e-01 3.639445890521996616e-07 7.372664977487101390e-08 4.376712388270706754e-07
3.138921767248459838e-01 3.720915149587416953e-07 7.152154868944901702e-08 4.436130636481907256e-07
3.126404142998994717e-01 3.796441235389488043e-07 6.925101853953513390e-08 4.488951420784839647e-07
3.114022465033494114e-01 3.865240636256741389e-07 6.692086263215401261e-08 4.534449262578281383e-07
3.101777263741836710e-01 3.926563317135117576e-07 6.453757863719478499e-08 4.571939103507065558e-07
3.089669063667687121e-01 3.979705888668515313e-07 6.210831372352199088e-08 4.600789025903735089e-07
3.077698383486039968e-01 4.024024280396921986e-07 5.964080548424000608e-08 4.620432335239322312e-07
3.065865735980992657e-01 4.058945588657810230e-07 5.714330952890246678e-08 4.630378683946834633e-07
3.054171628023780172e-01 4.083978791930928729e-07 5.462451504904132368e-08 4.630223942421341900e-07
3.042616560551068550e-01 4.098724059451789121e-07 5.209345004982918790e-08 4.619658559950081198e-07
3.031201028543488718e-01 4.102880420933837358e-07 4.955937826902666576e-08 4.598474203624103950e-07
3.019925521004438451e-01 4.096251613646756544e-07 4.703169006110370048e-08 4.566568514257793482e-07
3.008790520939133017e-01 4.078749975201442256e-07 4.451978969578435515e-08 4.523947872159285940e-07
2.997796505333914507e-01 4.050398303772786900e-07 4.203298160052738787e-08 4.470728119778060713e-07
2.986943945135821510e-01 4.011329660384787531e-07 3.958035806534696666e-08 4.407133241038257198e-07
2.976233305232412474e-01 3.961785139297808106e-07 3.717069083007860631e-08 4.333492047598594103e-07
2.965665044431851638e-01 3.902109682099595249e-07 3.481232880350541928e-08 4.250232970134649376e-07
2.955239615443259749e-01 3.832746058652579653e-07 3.251310394085380168e-08 4.157877098061117736e-07
2.944957464857316243e-01 3.754227183160315616e-07 3.028024705132591493e-08 4.057029653673574964e-07
2.934819033127127885e-01 3.667166975182048840e-07 2.812031503987350110e-08 3.948370125580783719e-07
2.924824754549369965e-01 3.572250011536688244e-07 2.603913081876241946e-08 3.832641319724312604e-07
2.914975057245670631e-01 3.470220243233161584e-07 2.404173685447117009e-08 3.710637611777873186e-07
2.905270363144282220e-01 3.361869069370189163e-07 2.213236303413059621e-08 3.583192699711495225e-07
2.895711087961999053e-01 3.248023065552603227e-07 2.031440922551449902e-08 3.451167157807748052e-07
2.886297641186353902e-01 3.129531657217040991e-07 1.859044254989768536e-08 3.315436082716017778e-07
2.877030426058077572e-01 3.007255009312209830e-07 1.696220898001693476e-08 3.176877099112379211e-07
2.867909839553821061e-01 2.882052375416517800e-07 1.543065842319814922e-08 3.036358959648499060e-07
2.858936272369155263e-01 2.754771114889620819e-07 1.399598198164421464e-08 2.894730934706062717e-07
2.850110108901831585e-01 2.626236549556641537e-07 1.265765963997573213e-08 2.752813145956398842e-07
2.841431727235319005e-01 2.497242794786853702e-07 1.141451626615561867e-08 2.611387957448410071e-07
2.832901499122600919e-01 2.368544665800321820e-07 1.026478358055121208e-08 2.471192501605834024e-07
2.824519789970261763e-01 2.240850729673316445e-07 9.206165684441592676e-09 2.332912386517732289e-07
2.816286958822822872e-01 2.114817546883042091e-07 8.235905858530706076e-09 2.197176605468349085e-07
2.808203358347372003e-01 1.991045122701851253e-07 7.350852637667006854e-09 2.064553649078521380e-07
2.800269334818447642e-01 1.870073567320782903e-07 6.547523599884373032e-09 1.935548803319626708e-07
2.792485228103211981e-01 1.752380943228445903e-07 5.822165819632029901e-09 1.810602601424766309e-07
2.784851371646888119e-01 1.638382258254991032e-07 5.170812464032856265e-09 1.690090382895319620e-07
2.777368092458480375e-01 1.528429542370694402e-07 4.589335486193984180e-09 1.574322897232634269e-07
2.770035711096762721e-01 1.422812925879797547e-07 4.073494737431148612e-09 1.463547873254109050e-07
2.762854541656547536e-01 1.321762616709553106e-07 3.618984048101340800e-09 1.357952457190566398e-07
2.755824891755234152e-01 1.225451656262173138e-07 3.221474895220349367e-09 1.257666405214376727e-07
2.748947062519627726e-01 1.133999318431508207e-07 2.876658196998325458e-09 1.162765900401491478e-07
2.742221348573041229e-01 1.047475006689482195e-07 2.580284583676497123e-09 1.073277852526247121e-07
2.735648038022674422e-01 9.659025012025688094e-08 2.328203230271042685e-09 9.891845335052792404e-08
2.729227412447275403e-01 8.892644127023325886e-08 2.116399054345451444e-09 9.104284032457871610e-08
2.722959746885071919e-01 8.175067123047387940e-08 1.941027832537720137e-09 8.369169906301160078e-08
2.716845309821998566e-01 7.505432256077171238e-08 1.798448612530458962e-09 7.685277117330216990e-08
2.710884363180187107e-01 6.882600031353227326e-08 1.685252724558962380e-09 7.051125303809123688e-08
2.705077162306753213e-01 6.305195047767663875e-08 1.598288737440247243e-09 6.465023921511688785e-08
2.699423955962854116e-01 5.771645604119256076e-08 1.534682850194601681e-09 5.925113889138716244e-08
2.693924986313033787e-01 5.280220899122884385e-08 1.491854448360930805e-09 5.429406343958977734e-08
2.688580488914850131e-01 4.829065813828929452e-08 1.467526854249209463e-09 4.975818499253850399e-08
2.683390692708784164e-01 4.416233361519247802e-08 1.459733628603509770e-09 4.562206724379598883e-08
2.678355820008432864e-01 4.039714931664680201e-08 1.466821130671451016e-09 4.186397044731825220e-08
2.673476086490983450e-01 3.697468452267571942e-08 1.487448376917513606e-09 3.846213289959323385e-08
2.668751701187980774e-01 3.387444542304674987e-08 1.520585284055745832e-09 3.539503070710249881e-08
2.664182866476366707e-01 3.107610664767735779e-08 1.565510347088106708e-09 3.264161699476546450e-08
2.659769778069813739e-01 2.855973521570207569e-08 1.621811502609377916e-09 3.018154671831145402e-08
2.655512625010341687e-01 2.630600503858251193e-08 1.689399514437750229e-09 2.799540455302026071e-08
2.651411589660217505e-01 2.429639847319608008e-08 1.768530438461729633e-09 2.606492891165780806e-08
2.647466847694148195e-01 2.251333539154424433e-08 1.859777057785977364e-09 2.437311244933022149e-08
2.643678568091749059e-01 2.094014582520648726e-08 1.963871892044730612e-09 2.290401771725121746e-08
2.640046913130310591e-01 1.956103077265553859e-08 2.081597335032369797e-09 2.164262810768790880e-08
2.636572038377843485e-01 1.836163883806563410e-08 2.214418486368651039e-09 2.057605732443428513e-08
2.633254092686418413e-01 1.733088368563781105e-08 2.366572505374717697e-09 1.969745619101252792e-08
2.630093218185783899e-01 1.646311818177469767e-08 2.547799092173364648e-09 1.901091727394806149e-08
2.627089550277284524e-01 1.575723037410040334e-08 2.773303374319976647e-09 1.853053374842038123e-08
2.624243217628056124e-01 1.520847509485163167e-08 3.056769110509340958e-09 1.826524420536097098e-08
2.621554342165515750e-01 1.479271784132916930e-08 3.396081484352798193e-09 1.818879932568196832e-08
2.619023039072139736e-01 1.445002209882672945e-08 3.758523173816426700e-09 1.820854527264315533e-08
2.616649416780527093e-01 1.407937253442114042e-08 4.076655461563130548e-09 1.815602799598427263e-08
2.614433576968757666e-01 1.355336009531072929e-08 4.262526140482086996e-09 1.781588623579281546e-08
2.612375614556032843e-01 1.275140158386981275e-08 4.237221738739932479e-09 1.698862332260974606e-08
2.610475617698613804e-01 1.159919867371724989e-08 3.962420038527069494e-09 1.556161871224431773e-08
2.608733667786041766e-01 1.009789318414283800e-08 3.458120787327271546e-09 1.355601397147010914e-08
2.607149839437654104e-01 8.330909808538637704e-09 2.797860117404191650e-09 1.112876992594283018e-08
2.605724200499384691e-01 6.446161692980453219e-09 2.084421456117754369e-09 8.530583149098208415e-09
2.604456812040862324e-01 4.620431364841791077e-09 1.417965155885760553e-09 6.038396520727551216e-09
2.603347728352788937e-01 3.017633053401100524e-09 8.701106294638084174e-10 3.887743682864908942e-09
2.602396996944619234e-01 1.752884515511915406e-09 4.723543534546188798e-10 2.225238868966534390e-09
2.601604658542521764e-01 8.713564319125797125e-10 2.193879073843781304e-10 1.090744339296957895e-09
2.600970747087636425e-01 3.463338540212347050e-10 8.188490854981658307e-11 4.282187625710513139e-10
2.600495289734621185e-01 9.589265174687373423e-11 2.150823740625291892e-11 1.174008891531266596e-10
2.600178306850486343e-01 1.294802567437079792e-11 2.795857210968947019e-12 1.574388288533974655e-11
2.600019812013723008e-01 1.631576459817169211e-13 3.453565613884662214e-14 1.976933021205635559e-13
