2.087678536114045448e-03 3.859556968923007327e-32
4.175357072228090896e-03 5.577616169994874829e-30
6.263035608342136344e-03 1.643389837586122320e-25
8.350714144456181792e-03 5.962768332928571249e-22
1.043839268057022637e-02 5.804073894950296373e-20
1.252607121668427269e-02 3.016744522621751778e-19
1.461374975279831900e-02 6.175489428865345440e-19
1.670142828891236358e-02 2.480360188298964713e-18
1.878910682502640817e-02 1.703984838768448287e-17
2.087678536114045275e-02 4.752082908104237126e-17
2.296446389725450080e-02 3.386249666311343118e-17
2.505214243336854538e-02 1.357616639586021203e-16
2.713982096948258996e-02 2.519184298225921796e-16
2.922749950559663801e-02 4.970519250471005273e-16
3.131517804171068259e-02 8.593599787115483844e-16
3.340285657782472717e-02 1.268806110266253091e-15
3.549053511393877175e-02 1.584435040142500101e-15
3.757821365005281633e-02 1.674059373686242630e-15
3.966589218616686091e-02 4.865675044791298088e-15
4.175357072228090549e-02 7.080803416588236123e-15
4.384124925839495701e-02 6.541652941880813581e-15
4.592892779450900159e-02 4.064901414422351067e-15
4.801660633062304617e-02 5.086313560812292204e-15
5.010428486673709075e-02 1.292826588730495423e-14
5.219196340285113533e-02 1.969181323797447124e-14
5.427964193896517991e-02 2.906606102081861223e-14
5.636732047507922450e-02 4.468084752626227835e-14
5.845499901119327602e-02 7.477898870211367404e-14
6.054267754730732060e-02 1.021428419445788740e-13
6.263035608342136518e-02 1.274122218081340843e-13
6.471803461953540282e-02 1.718016129828697440e-13
6.680571315564945434e-02 2.382803668574121027e-13
6.889339169176350586e-02 3.133858915509553796e-13
7.098107022787754350e-02 3.129562332320140662e-13
7.306874876399159502e-02 2.710584149106580032e-13
7.515642730010563266e-02 2.084883756495971420e-13
7.724410583621968418e-02 1.495780502727440157e-13
7.933178437233372182e-02 1.799984674241341277e-13
8.141946290844777334e-02 2.033585263030218999e-13
8.350714144456181098e-02 1.901577989250082249e-13
8.559481998067586250e-02 2.786997679733478663e-13
8.768249851678991402e-02 4.256518053993169784e-13
8.977017705290395166e-02 3.776551937353947193e-13
9.185785558901800318e-02 2.749767184306946316e-13
9.394553412513204083e-02 3.913004549379319281e-13
9.603321266124609235e-02 4.652096098154408298e-13
9.812089119736012999e-02 3.914657362641145765e-13
1.002085697334741815e-01 2.474888603094706803e-13
1.022962482695882330e-01 3.782947352725505932e-13
1.043839268057022707e-01 4.025502659272231778e-13
1.064716053418163222e-01 2.595010754815885204e-13
1.085592838779303598e-01 3.438514086900254367e-13
1.106469624140444113e-01 3.904037248837107572e-13
1.127346409501584490e-01 3.337090504528703344e-13
1.148223194862725005e-01 3.000960540998563809e-13
1.169099980223865520e-01 4.322262085294716692e-13
1.189976765585005897e-01 5.201833533968396280e-13
1.210853550946146412e-01 6.387672993981626621e-13
1.231730336307286788e-01 6.474030819761483662e-13
1.252607121668427304e-01 6.461418589953741561e-13
1.273483907029567819e-01 6.025932985457143444e-13
1.294360692390708056e-01 6.335744700622002166e-13
1.315237477751848572e-01 6.640839043572313948e-13
1.336114263112989087e-01 6.925834660581604632e-13
1.356991048474129602e-01 6.886516286753676596e-13
1.377867833835270117e-01 6.666199839519471312e-13
1.398744619196410355e-01 6.994468498275938434e-13
1.419621404557550870e-01 7.611455390251018263e-13
1.440498189918691385e-01 7.124012403486447159e-13
1.461374975279831900e-01 5.522727906004391617e-13
1.482251760640972138e-01 4.404138321243925406e-13
1.503128546002112653e-01 3.949615877509399839e-13
1.524005331363253168e-01 4.185910494470072300e-13
1.544882116724393684e-01 4.921187461663226137e-13
1.565758902085534199e-01 4.778161519554511074e-13
1.586635687446674436e-01 5.052237762353712229e-13
1.607512472807814952e-01 4.155563665835339763e-13
1.628389258168955467e-01 3.855397971641386253e-13
1.649266043530095982e-01 4.290489315116541949e-13
1.670142828891236220e-01 4.677277168999158089e-13
1.691019614252376735e-01 5.668148644162600820e-13
1.711896399613517250e-01 7.169028722981354440e-13
1.732773184974657765e-01 9.280674084920003689e-13
1.753649970335798280e-01 1.253560256969826977e-12
1.774526755696938518e-01 1.879587151450975811e-12
1.795403541058079033e-01 2.931267778234859238e-12
1.816280326419219548e-01 4.586156983682702632e-12
1.837157111780360064e-01 7.113221707823268679e-12
1.858033897141500579e-01 1.081280220004805058e-11
1.878910682502640817e-01 1.623552119566801288e-11
1.899787467863781332e-01 2.451325982800725227e-11
1.920664253224921847e-01 3.721949801487197994e-11
1.941541038586062362e-01 5.604430291519174090e-11
1.962417823947202600e-01 8.286577624903423775e-11
1.983294609308343115e-01 1.204174587241994461e-10
2.004171394669483630e-01 1.747208902225204530e-10
2.025048180030624145e-01 2.553032608687900539e-10
2.045924965391764661e-01 3.715929419016328303e-10
2.066801750752904898e-01 5.273694940652138749e-10
2.087678536114045413e-01 7.267059891534223016e-10
2.108555321475185929e-01 1.009227410812281725e-09
2.129432106836326444e-01 1.494662520125897864e-09
2.150308892197466681e-01 2.315850587935568911e-09
2.171185677558607197e-01 3.434729486086251377e-09
2.192062462919747712e-01 4.837419042364346365e-09
2.212939248280888227e-01 7.132739751987354199e-09
2.233816033642028742e-01 1.209869834925642780e-08
2.254692819003168980e-01 2.065183618202895456e-08
2.275569604364309495e-01 3.140988764433052669e-08
2.296446389725450010e-01 4.220023102956541193e-08
2.317323175086590525e-01 5.573820423523266776e-08
2.338199960447731041e-01 9.110989873535058162e-08
2.359076745808871278e-01 1.576575265360808748e-07
2.379953531170011793e-01 2.349283414330257590e-07
2.400830316531152309e-01 2.824385955108742294e-07
2.421707101892292824e-01 2.787573368315722804e-07
2.442583887253433061e-01 5.202910456929610831e-07
2.463460672614573577e-01 1.078285208383490180e-06
2.484337457975714092e-01 1.692680198336661362e-06
2.505214243336854607e-01 1.773510375191313072e-06
2.526091028697994845e-01 1.568784011283074428e-06
2.546967814059135637e-01 4.645720892179042673e-06
2.567844599420275875e-01 1.230747292864064189e-05
2.588721384781416113e-01 2.374907420609006671e-05
2.609598170142556905e-01 3.802244758057250171e-05
2.630474955503697143e-01 5.146704568468734317e-05
2.651351740864837936e-01 6.402596205960693089e-05
2.672228526225978174e-01 7.606185366240626917e-05
2.693105311587118411e-01 8.754200520897215240e-05
2.713982096948259204e-01 9.816332295838138045e-05
2.734858882309399442e-01 1.082647901998243353e-04
2.755735667670540234e-01 1.175085224098119431e-04
2.776612453031680472e-01 1.257222494678109787e-04
2.797489238392820710e-01 1.325770863365118479e-04
2.818366023753961502e-01 1.385503259754097035e-04
2.839242809115101740e-01 1.433657034917279862e-04
2.860119594476242533e-01 1.466260886243466463e-04
2.880996379837382770e-01 1.490947781496555302e-04
2.901873165198523008e-01 1.504986500273680270e-04
2.922749950559663801e-01 1.507184499231562836e-04
2.943626735920804038e-01 1.499859455876731526e-04
2.964503521281944276e-01 1.485599153267149071e-04
2.985380306643085069e-01 1.462047894622559420e-04
3.006257092004225306e-01 1.427545542502892280e-04
3.027133877365366099e-01 1.388305759045676028e-04
3.048010662726506337e-01 1.342140963092216784e-04
3.068887448087646574e-01 1.287078195090511547e-04
3.089764233448787367e-01 1.230195433691119754e-04
3.110641018809927605e-01 1.169584448073406058e-04
3.131517804171068398e-01 1.103495469391521682e-04
3.152394589532208635e-01 1.038413242562710959e-04
3.173271374893348873e-01 9.726494362308838175e-05
3.194148160254489666e-01 9.047506061196418186e-05
3.215024945615629903e-01 8.400366913695663385e-05
3.235901730976770696e-01 7.769531210128877662e-05
3.256778516337910934e-01 7.143220171014552438e-05
3.277655301699051171e-01 6.561219977417872087e-05
3.298532087060191964e-01 6.008508116095406776e-05
3.319408872421332202e-01 5.476726157326021634e-05
3.340285657782472439e-01 4.992091848405807319e-05
3.361162443143613232e-01 4.539363284572733685e-05
3.382039228504753470e-01 4.116475157970367257e-05
3.402916013865894262e-01 3.735477097989521649e-05
3.423792799227034500e-01 3.380110332221884686e-05
3.444669584588174738e-01 3.060728047720461968e-05
3.465546369949315531e-01 2.772027395650851912e-05
3.486423155310455768e-01 2.503369870045592699e-05
3.507299940671596561e-01 2.265634486462820573e-05
3.528176726032736799e-01 2.049914587434377439e-05
3.549053511393877036e-01 1.850466831599806018e-05
3.569930296755017829e-01 1.673824376144756535e-05
3.590807082116158067e-01 1.510719475310724103e-05
3.611683867477298859e-01 1.364871674022863921e-05
3.632560652838439097e-01 1.233397147233643201e-05
3.653437438199579335e-01 1.111273026276132614e-05
3.674314223560720127e-01 1.003182305562903517e-05
3.695191008921860365e-01 9.041456269089720519e-06
3.716067794283001158e-01 8.143033052252549484e-06
3.736944579644141395e-01 7.340391395397141851e-06
3.757821365005281633e-01 6.596756073564442738e-06
3.778698150366422426e-01 5.940271415737893465e-06
3.799574935727562663e-01 5.338767038436064945e-06
3.820451721088702901e-01 4.799135100774737188e-06
3.841328506449843694e-01 4.316561805329209239e-06
3.862205291810983931e-01 3.871803183760865278e-06
3.883082077172124724e-01 3.480319590693908098e-06
3.903958862533264962e-01 3.119719247523285951e-06
3.924835647894405199e-01 2.802349940476762385e-06
3.945712433255545992e-01 2.514943172298151532e-06
3.966589218616686230e-01 2.253998188353098950e-06
3.987466003977827023e-01 2.023164351807598825e-06
4.008342789338967260e-01 1.810891273174832150e-06
4.029219574700107498e-01 1.624505885325385306e-06
4.050096360061248291e-01 1.453195096699451976e-06
4.070973145422388528e-01 1.302760126599938012e-06
4.091849930783529321e-01 1.165360642835495141e-06
4.112726716144669559e-01 1.043590470618434425e-06
4.133603501505809796e-01 9.343449850103276791e-07
4.154480286866950589e-01 8.350964236382447270e-07
4.175357072228090827e-01 7.476394711963363906e-07
4.196233857589231619e-01 6.675736586430741067e-07
4.217110642950371857e-01 5.974264712317988049e-07
4.237987428311512095e-01 5.331294843386081351e-07
4.258864213672652888e-01 4.768733934665713511e-07
4.279740999033793125e-01 4.253519895872352327e-07
4.300617784394933363e-01 3.802749459360271995e-07
4.321494569756074156e-01 3.390420813463522242e-07
4.342371355117214393e-01 3.029615088083557539e-07
4.363248140478355186e-01 2.699938218782664812e-07
4.384124925839495424e-01 2.411457683230840018e-07
4.405001711200635661e-01 2.148105523042423164e-07
4.425878496561776454e-01 1.917706187531611242e-07
4.446755281922916692e-01 1.707524146048475257e-07
4.467632067284057484e-01 1.523706875888151761e-07
4.488508852645197722e-01 1.356112783242563470e-07
4.509385638006337960e-01 1.209608818110457587e-07
4.530262423367478752e-01 1.076092493059151845e-07
4.551139208728618990e-01 9.594427985286400973e-08
4.572015994089759783e-01 8.531651562937017264e-08
4.592892779450900020e-01 7.603794532192172200e-08
4.613769564812040258e-01 6.758504063265091227e-08
4.634646350173181051e-01 6.021185209611574276e-08
4.655523135534321288e-01 5.349405768190232314e-08
4.676399920895462081e-01 4.764029596391506980e-08
4.697276706256602319e-01 4.230602880517448228e-08
4.718153491617742556e-01 3.766115324327941123e-08
4.739030276978883349e-01 3.343056122610475717e-08
4.759907062340023587e-01 2.974369996834059364e-08
4.780783847701163825e-01 2.639579418848392285e-08
4.801660633062304617e-01 2.346148832408472930e-08
4.822537418423444855e-01 2.082495003017507574e-08
4.843414203784585648e-01 1.847096028152154878e-08
4.864290989145725885e-01 1.641735223433374976e-08
4.885167774506866123e-01 1.455347758599300796e-08
4.906044559868006916e-01 1.293244465408302791e-08
4.926921345229147153e-01 1.145869715358659937e-08
4.947798130590287946e-01 1.017655519514858858e-08
4.968674915951428184e-01 9.014985007360498109e-09
4.989551701312568421e-01 7.992060768962776438e-09
5.010428486673709214e-01 7.087208145005606921e-09
5.031305272034849452e-01 6.273853613537199615e-09
5.052182057395989689e-01 5.567360520248580114e-09
5.073058842757129927e-01 4.926008532728013844e-09
5.093935628118271275e-01 4.366956173726021093e-09
5.114812413479411513e-01 3.864871450671549641e-09
5.135689198840551750e-01 3.418022765353877340e-09
5.156565984201691988e-01 3.030140940120927283e-09
5.177442769562832225e-01 2.678393101185752704e-09
5.198319554923973573e-01 2.371953117572772604e-09
5.219196340285113811e-01 2.097275028163707438e-09
5.240073125646254049e-01 1.852900399939885275e-09
5.260949911007394286e-01 1.640984735182766128e-09
5.281826696368534524e-01 1.449064728541389761e-09
5.302703481729675872e-01 1.280444585072279899e-09
5.323580267090816109e-01 1.132485365460922838e-09
5.344457052451956347e-01 9.994378410946886598e-10
5.365333837813096585e-01 8.838016088009227319e-10
5.386210623174236822e-01 7.800972458382240479e-10
5.407087408535378170e-01 6.880710764382314571e-10
5.427964193896518408e-01 6.083204773569271516e-10
5.448840979257658645e-01 5.363847821167557627e-10
5.469717764618798883e-01 4.728322234649249357e-10
5.490594549979939121e-01 4.178183255143645252e-10
5.511471335341080469e-01 3.681420607008840478e-10
5.532348120702220706e-01 3.243266906384229550e-10
5.553224906063360944e-01 2.864190422024439061e-10
5.574101691424501182e-01 2.522023653816375670e-10
5.594978476785641419e-01 2.220426684937880309e-10
5.615855262146782767e-01 1.959578313684004046e-10
5.636732047507923005e-01 1.724462683422743616e-10
5.657608832869063242e-01 1.517243702814484842e-10
5.678485618230203480e-01 1.337938456509881700e-10
5.699362403591343718e-01 1.176944927892670909e-10
5.720239188952485065e-01 1.034827057163399406e-10
5.741115974313625303e-01 9.113384318591057606e-11
5.761992759674765541e-01 8.017416691515140678e-11
5.782869545035905778e-01 7.043921563762042378e-11
5.803746330397046016e-01 6.188076003647209579e-11
5.824623115758186254e-01 5.449466818291669506e-11
5.845499901119327602e-01 4.785098779116443454e-11
5.866376686480467839e-01 4.200867506919443678e-11
5.887253471841608077e-01 3.693635360904470855e-11
5.908130257202748314e-01 3.244954876624354086e-11
5.929007042563888552e-01 2.846574431086512589e-11
5.949883827925029900e-01 2.496677332063865443e-11
5.970760613286170138e-01 2.193975328097135016e-11
5.991637398647310375e-01 1.924406592386834269e-11
6.012514184008450613e-01 1.686397561813252088e-11
6.033390969369590850e-01 1.477766125437101156e-11
6.054267754730732198e-01 1.297460626443375041e-11
6.075144540091872436e-01 1.137411528180778217e-11
6.096021325453012674e-01 9.959913701554597742e-12
6.116898110814152911e-01 8.719100700520598191e-12
6.137774896175293149e-01 7.638392457594490536e-12
6.158651681536434497e-01 6.692753639189548119e-12
6.179528466897574734e-01 5.853292936316248878e-12
6.200405252258714972e-01 5.118387896719826553e-12
6.221282037619855210e-01 4.476478206633131945e-12
6.242158822980995447e-01 3.922172257391572584e-12
6.263035608342136795e-01 3.432832112923407454e-12
6.283912393703277033e-01 2.999953761753100039e-12
6.304789179064417270e-01 2.619725024440555842e-12
6.325665964425557508e-01 2.286580681049038658e-12
6.346542749786697746e-01 1.997601437824301159e-12
6.367419535147839094e-01 1.746179567697377623e-12
6.388296320508979331e-01 1.524806773186479005e-12
6.409173105870119569e-01 1.331274554374692538e-12
6.430049891231259807e-01 1.161926990527918215e-12
6.450926676592400044e-01 1.013281694664000113e-12
6.471803461953541392e-01 8.834456234826022297e-13
6.492680247314681630e-01 7.703525069580760727e-13
6.513557032675821867e-01 6.708635212370928362e-13
6.534433818036962105e-01 5.844384384476647279e-13
6.555310603398102343e-01 5.096965670976641935e-13
6.576187388759243690e-01 4.447581504024197405e-13
6.597064174120383928e-01 3.877330845482197367e-13
6.617940959481524166e-01 3.371878960752709369e-13
6.638817744842664403e-01 2.928968937204837968e-13
6.659694530203804641e-01 2.539269568121188746e-13
6.680571315564944879e-01 2.203603676215159896e-13
6.701448100926086227e-01 1.920035098897003842e-13
6.722324886287226464e-01 1.679663249254982234e-13
6.743201671648366702e-01 1.469624991398447907e-13
6.764078457009506939e-01 1.278693885395882288e-13
6.784955242370647177e-01 1.102046894996941031e-13
6.805832027731788525e-01 9.426724963685806959e-14
6.826708813092928763e-01 8.084317570707823307e-14
6.847585598454069000e-01 7.049274103889540217e-14
6.868462383815209238e-01 6.294452755342585421e-14
6.889339169176349476e-01 5.674964186044971635e-14
6.910215954537490823e-01 5.067900776995531765e-14
6.931092739898631061e-01 4.394203764768797889e-14
6.951969525259771299e-01 3.662736254689885602e-14
6.972846310620911536e-01 2.957127994782860551e-14
6.993723095982051774e-01 2.436973489128315483e-14
7.014599881343193122e-01 2.225384138840358936e-14
7.035476666704333359e-01 2.223481307284469232e-14
7.056353452065473597e-01 2.220970318958093716e-14
7.077230237426613835e-01 2.081979999233455142e-14
7.098107022787754072e-01 1.779382509181112047e-14
7.118983808148895420e-01 1.362475982174383006e-14
7.139860593510035658e-01 8.901994463792834659e-15
7.160737378871175896e-01 6.274122171579397234e-15
7.181614164232316133e-01 7.876952123337410112e-15
7.202490949593456371e-01 9.987944093713182084e-15
7.223367734954597719e-01 1.064170775741742828e-14
7.244244520315737956e-01 9.698924469316098831e-15
7.265121305676878194e-01 7.539787396190045455e-15
7.285998091038018432e-01 4.590756027589573578e-15
7.306874876399158669e-01 2.784241587135183156e-15
7.327751661760300017e-01 4.700171379100753551e-15
7.348628447121440255e-01 6.764610855932034358e-15
7.369505232482580492e-01 7.564862103659708795e-15
7.390382017843720730e-01 7.129351426616951383e-15
7.411258803204860968e-01 5.630774510205143045e-15
7.432135588566002316e-01 3.555163978299833608e-15
7.453012373927142553e-01 3.222577561655691680e-15
7.473889159288282791e-01 5.294733688972608145e-15
7.494765944649423028e-01 6.896728693188432789e-15
7.515642730010563266e-01 7.663160818370635720e-15
7.536519515371704614e-01 7.356355932788308772e-15
7.557396300732844852e-01 6.098129836446155176e-15
7.578273086093985089e-01 4.546667027910836713e-15
7.599149871455125327e-01 4.509306617679963745e-15
7.620026656816265564e-01 6.166720916042048950e-15
7.640903442177405802e-01 7.784228455374435352e-15
7.661780227538547150e-01 8.794886953677729663e-15
7.682657012899687388e-01 8.905398771130245328e-15
7.703533798260827625e-01 8.108424060418848245e-15
7.724410583621967863e-01 6.572809666301535757e-15
7.745287368983108101e-01 5.020890540223519128e-15
7.766164154344249448e-01 5.303150913284309605e-15
7.787040939705389686e-01 6.960197303264038478e-15
7.807917725066529924e-01 8.360282616800278959e-15
7.828794510427670161e-01 8.747886976203610830e-15
7.849671295788810399e-01 8.368531397421563235e-15
7.870548081149951747e-01 7.233658081128044704e-15
7.891424866511091984e-01 5.490152678127988690e-15
7.912301651872232222e-01 3.913822894364263736e-15
7.933178437233372460e-01 4.393904437224047241e-15
7.954055222594512697e-01 6.018952609294617183e-15
7.974932007955654045e-01 6.902291081017948666e-15
7.995808793316794283e-01 6.983991757490324022e-15
8.016685578677934521e-01 6.202768564007277591e-15
8.037562364039074758e-01 4.448147024767802789e-15
8.058439149400214996e-01 3.135813310523315103e-15
8.079315934761356344e-01 3.736225747399289231e-15
8.100192720122496581e-01 4.914981483209675219e-15
8.121069505483636819e-01 5.337026601081440432e-15
8.141946290844777057e-01 4.575390505438303239e-15
8.162823076205917294e-01 3.159015883239071709e-15
8.183699861567058642e-01 2.398356511955357437e-15
8.204576646928198880e-01 3.689800752347320297e-15
8.225453432289339117e-01 5.116977004543442334e-15
8.246330217650479355e-01 5.540487523698025977e-15
8.267207003011619593e-01 4.966117234876521997e-15
8.288083788372760941e-01 2.878507219058421950e-15
8.308960573733901178e-01 2.603782917447870244e-15
8.329837359095041416e-01 5.177301429910845775e-15
8.350714144456181653e-01 7.728736244116808806e-15
8.371590929817321891e-01 8.867009089045558628e-15
8.392467715178463239e-01 8.485452995911010606e-15
8.413344500539603477e-01 5.916732966782688050e-15
8.434221285900743714e-01 3.433692185345777052e-15
8.455098071261883952e-01 5.602771157682104116e-15
8.475974856623024190e-01 8.705274941050286499e-15
8.496851641984164427e-01 1.026277616219162184e-14
8.517728427345305775e-01 9.376612927595576607e-15
8.538605212706446013e-01 6.870581680071954571e-15
8.559481998067586250e-01 4.126743074254344137e-15
8.580358783428726488e-01 4.900287065424812970e-15
8.601235568789866726e-01 7.079891316885010461e-15
8.622112354151008073e-01 7.154214404418204771e-15
8.642989139512148311e-01 5.117467660516239584e-15
8.663865924873288549e-01 2.533192405836853636e-15
8.684742710234428786e-01 3.595963252219407666e-15
8.705619495595569024e-01 5.642445076272275765e-15
8.726496280956710372e-01 5.981702736725933443e-15
8.747373066317850610e-01 4.940170393571331775e-15
8.768249851678990847e-01 4.274987187517452548e-15
8.789126637040131085e-01 5.331280234485748757e-15
8.810003422401271322e-01 6.563612214369557126e-15
8.830880207762412670e-01 6.558466086934646038e-15
8.851756993123552908e-01 5.525296657778000382e-15
8.872633778484693146e-01 4.918085992804965483e-15
8.893510563845833383e-01 5.943736071194073252e-15
8.914387349206973621e-01 7.408517941998019316e-15
8.935264134568114969e-01 7.888231528008301057e-15
8.956140919929255206e-01 6.657530785217636258e-15
8.977017705290395444e-01 3.978629686383178242e-15
8.997894490651535682e-01 2.988248048097559719e-15
9.018771276012675919e-01 6.098707023180932306e-15
9.039648061373817267e-01 7.914138259791435402e-15
9.060524846734957505e-01 7.851774946661646437e-15
9.081401632096097742e-01 6.615498513470260444e-15
9.102278417457237980e-01 7.041245719863881817e-15
9.123155202818378218e-01 9.143586972795253375e-15
9.144031988179519566e-01 1.022077461219747202e-14
9.164908773540659803e-01 9.304353195437182011e-15
9.185785558901800041e-01 6.849444374471591312e-15
9.206662344262940278e-01 6.095490877369146329e-15
9.227539129624080516e-01 8.727970454703331128e-15
9.248415914985221864e-01 1.070323527773762819e-14
9.269292700346362102e-01 1.043354475004924096e-14
9.290169485707502339e-01 6.142474715023095222e-15
9.311046271068642577e-01 5.285156001746479676e-15
9.331923056429782815e-01 1.039951895460476255e-14
9.352799841790924162e-01 1.198953521047331777e-14
9.373676627152064400e-01 7.447538595626528890e-15
9.394553412513204638e-01 5.322422748241554606e-15
9.415430197874344875e-01 1.006937888239166982e-14
9.436306983235485113e-01 8.993653337431828519e-15
9.457183768596625351e-01 5.194398571302772643e-15
9.478060553957766698e-01 1.031034184334433704e-14
9.498937339318906936e-01 1.045306613646464647e-14
9.519814124680047174e-01 6.695002678987047019e-15
9.540690910041187411e-01 1.251979879736147154e-14
9.561567695402327649e-01 1.355150893556787117e-14
9.582444480763468997e-01 9.752306425372916592e-15
9.603321266124609235e-01 1.331474282065876371e-14
9.624198051485749472e-01 1.649665114107170476e-14
9.645074836846889710e-01 1.188550509341717212e-14
9.665951622208029947e-01 6.337322899801164128e-15
9.686828407569171295e-01 1.116448632102884499e-14
9.707705192930311533e-01 1.150855342175383165e-14
9.728581978291451771e-01 1.888346045192129371e-14
9.749458763652592008e-01 1.901542165304179377e-14
9.770335549013732246e-01 1.214616269068309088e-14
9.791212334374873594e-01 2.307164198435720455e-14
9.812089119736013831e-01 2.042100273940919901e-14
9.832965905097154069e-01 1.174575939951325891e-14
9.853842690458294307e-01 9.580954030519260272e-15
9.874719475819434544e-01 2.909856076573834848e-14
9.895596261180575892e-01 2.349472034992097194e-14
9.916473046541716130e-01 2.877918225130700247e-14
9.937349831902856367e-01 2.779745250818554896e-14
9.958226617263996605e-01 4.196037058497907999e-14
9.979103402625136843e-01 7.438508968143832654e-14
