1.470588235294117752e+00 5.221321115702782184e-09 1.127443669657699674e-08 1.649575781227980043e-08
1.470585580167100614e+00 5.053947604985777340e-09 1.127304207872260312e-08 1.632698968370836640e-08
1.470564339320155955e+00 3.855689866629769216e-09 1.116099850296112230e-08 1.501668836959087663e-08
1.470521858528618830e+00 2.108423962930460103e-09 1.048260255706491503e-08 1.259102651999539416e-08
1.470458139597154545e+00 6.777263763840122118e-10 8.730332796878489662e-09 9.408059173262519555e-09
1.470373185232665580e+00 4.964372887287115770e-11 5.968137913028883967e-09 6.017781641901738419e-09
1.470266999044176570e+00 5.788219904953615780e-11 3.059793716956885518e-09 3.117675916006424894e-09
1.470139585542680427e+00 2.052426708160621778e-10 1.027729464910161280e-09 1.232972135726224078e-09
1.469990950140947605e+00 2.000921465116184615e-10 1.704174852035867072e-10 3.705096317152054272e-10
1.469821099153294952e+00 9.467738442631786789e-11 1.976624454100390213e-11 1.144436289673217668e-10
1.469630039795318588e+00 2.053171174230558873e-11 3.753508662779666234e-11 5.806679837010232538e-11
1.469417780183586819e+00 8.600080638383842695e-13 3.335590224773431975e-11 3.421591031157266423e-11
1.469184329335295303e+00 3.065963032214472326e-13 2.106278020741724632e-11 2.136937651063872364e-11
1.468929697167884019e+00 4.069363631129321008e-13 1.738229243754390321e-11 1.778922880065682486e-11
1.468653894498616497e+00 9.509482629309330876e-14 1.727949897244465152e-11 1.737459379873771547e-11
1.468356933044119517e+00 7.221955250252547094e-15 1.733206650326780657e-11 1.733928845851804386e-11
1.468038825419885507e+00 1.034380964842922688e-15 1.733428514245338254e-11 1.733531952341822733e-11
1.467699585139736973e+00 1.925620193682756397e-15 1.733509503837572040e-11 1.733702065856940611e-11
1.467339226615252068e+00 3.200935485320372909e-15 1.733293576122687314e-11 1.733613669671219394e-11
1.466957765155153082e+00 3.505050105430569758e-15 1.733224624645075786e-11 1.733575129655621594e-11
1.466555216964654296e+00 3.431307916917214923e-15 1.733287904709915777e-11 1.733631035501606147e-11
1.466131599144776310e+00 3.401937011139027940e-15 1.733370644241375740e-11 1.733710837942489656e-11
1.465686929691616625e+00 3.420839725179099664e-15 1.733446966782931260e-11 1.733789050755444872e-11
1.465221227495587586e+00 3.444603441460222334e-15 1.733523347836944654e-11 1.733867808181086167e-11
1.464734512340612138e+00 3.466608162758041209e-15 1.733603271324353878e-11 1.733949932140627121e-11
1.464226804903284274e+00 3.489639386443854633e-15 1.733686596562674424e-11 1.734035560501315407e-11
1.463698126751990625e+00 3.514395461560475834e-15 1.733773042866500719e-11 1.734124482412658339e-11
1.463148500345993641e+00 3.540808673341098766e-15 1.733862587903216060e-11 1.734216668770547432e-11
1.462577949034478353e+00 3.568922600361864642e-15 1.733955229302133413e-11 1.734312121562171017e-11
1.461986497055559386e+00 3.598823219021584284e-15 1.734050952213228530e-11 1.734410834535129338e-11
1.461374169535252010e+00 3.630593467097097438e-15 1.734149742555983254e-11 1.734512801902691072e-11
1.460740992486404988e+00 3.664318090077863629e-15 1.734251588011400611e-11 1.734618019820406045e-11
1.460086992807594353e+00 3.700085175839354137e-15 1.734356477167996722e-11 1.734726485685581803e-11
1.459412198281982098e+00 3.737985886334208905e-15 1.734464399289385027e-11 1.734838197878017740e-11
1.458716637576134678e+00 3.778114449719062335e-15 1.734575344094532846e-11 1.734953155539504924e-11
1.458000340238806203e+00 3.820568183411242033e-15 1.734689301499232541e-11 1.735071358317571033e-11
1.457263336699682332e+00 3.865447508292541516e-15 1.734806261363812397e-11 1.735192806114638481e-11
1.456505658268088199e+00 3.912855961268422250e-15 1.734926213261250112e-11 1.735317498857377385e-11
1.455727337131657917e+00 3.962900210303913126e-15 1.735049146255089014e-11 1.735445436276118139e-11
1.454928406354967008e+00 4.015690069834345883e-15 1.735175048685662931e-11 1.735576617692647606e-11
1.454108899878128858e+00 4.071338516818588535e-15 1.735303907977186360e-11 1.735711041828866403e-11
1.453268852515351428e+00 4.129961705613548648e-15 1.735435710470748317e-11 1.735848706641307866e-11
1.452408299953458881e+00 4.191678985262294369e-15 1.735570441277532046e-11 1.735989609176059947e-11
1.451527278750376349e+00 4.256612917197734756e-15 1.735708084155863344e-11 1.736133745447584537e-11
1.450625826333575397e+00 4.324889293663397552e-15 1.735848621416120012e-11 1.736281110345486789e-11
1.449703980998484854e+00 4.396637154840545284e-15 1.735992033852529845e-11 1.736431697568013344e-11
1.448761781906864332e+00 4.471988808068440681e-15 1.736138300696678229e-11 1.736585499577485071e-11
1.447799269085139562e+00 4.551079847148843514e-15 1.736287399593539300e-11 1.736742507578255933e-11
1.446816483422702859e+00 4.634049172523212414e-15 1.736439306596854061e-11 1.736902711514107047e-11
1.445813466670175407e+00 4.721039010779099613e-15 1.736593996182688076e-11 1.737066100083764395e-11
1.444790261437634449e+00 4.812194936488568403e-15 1.736751441278928208e-11 1.737232660772576616e-11
1.443746911192801852e+00 4.907665894170402594e-15 1.736911613310455408e-11 1.737402379899869473e-11
1.442683460259199135e+00 5.007604220876075384e-15 1.737074482254327672e-11 1.737575242676414233e-11
1.441599953814262980e+00 5.112165667815043427e-15 1.737240016703699141e-11 1.737751233270481912e-11
1.440496437887426984e+00 5.221509424051506803e-15 1.737408183936995655e-11 1.737930334879401831e-11
1.439372959358165893e+00 5.335798140442442092e-15 1.737578949990478854e-11 1.738112529804522276e-11
1.438229565954004086e+00 5.455197954521099454e-15 1.737752279730052884e-11 1.738297799525502944e-11
1.437066306248488079e+00 5.579878514956270021e-15 1.737928136924256305e-11 1.738486124775752529e-11
1.435883229659123295e+00 5.710013007949377493e-15 1.738106484315211889e-11 1.738677485616008694e-11
1.434680386445273736e+00 5.845778183837004884e-15 1.738287283685197209e-11 1.738871861503583430e-11
1.433457827706028143e+00 5.987354384488245178e-15 1.738470495916162876e-11 1.739069231354609369e-11
1.432215605378028611e+00 6.134925570351548454e-15 1.738656081045606321e-11 1.739269573602645524e-11
1.430953772233263699e+00 6.288679349275663559e-15 1.738843998316153519e-11 1.739472866251080805e-11
1.429672381876827769e+00 6.448807005526311932e-15 1.739034206217854418e-11 1.739679086918406962e-11
1.428371488744642592e+00 6.615503529956432466e-15 1.739226662522400745e-11 1.739888212875399067e-11
1.427051148101145417e+00 6.788967649997009410e-15 1.739421324312927134e-11 1.740100221077925504e-11
1.425711416036941293e+00 6.969401861275675320e-15 1.739618148006650340e-11 1.740315088192777649e-11
1.424352349466419865e+00 7.157012459535865269e-15 1.739817089370797644e-11 1.740532790616754156e-11
1.422974006125337754e+00 7.352009573711179765e-15 1.740018103531764316e-11 1.740753304489135878e-11
1.421576444568365627e+00 7.554607198992214827e-15 1.740221144981491637e-11 1.740976605701387462e-11
1.420159724166601078e+00 7.765023231385155654e-15 1.740426167578986515e-11 1.741202669902125933e-11
1.418723905105046423e+00 7.983479502660166178e-15 1.740633124548145615e-11 1.741431472498409923e-11
1.417269048380050966e+00 8.210201816589738965e-15 1.740841968471316922e-11 1.741662988652977026e-11
1.415795215796721296e+00 8.445419985263686107e-15 1.741052651281691613e-11 1.741897193280215489e-11
1.414302469966294495e+00 8.689367866817186670e-15 1.741265124252746203e-11 1.742134061039428827e-11
1.412790874303478494e+00 8.942283403676462592e-15 1.741479337986667824e-11 1.742373566327036097e-11
1.411260493023758888e+00 9.204408662142769719e-15 1.741695242401053750e-11 1.742615683267266758e-11
1.409711391140669789e+00 9.475989872135467378e-15 1.741912786716093646e-11 1.742860385703307254e-11
1.408143634463032479e+00 9.757277468389640176e-15 1.742131919440552737e-11 1.743107647187396174e-11
1.406557289592160309e+00 1.004852613227821049e-14 1.742352588358299104e-11 1.743357440971523964e-11
1.404952423919027860e+00 1.034999483498204543e-14 1.742574740514217055e-11 1.743609739997713874e-11
1.403329105621409889e+00 1.066194688104990622e-14 1.742798322201175477e-11 1.743864516889280018e-11
1.401687403660983433e+00 1.098464995336551879e-14 1.743023278946923808e-11 1.744121743942262503e-11
1.400027387780398813e+00 1.131837615868807366e-14 1.743249555502579041e-11 1.744381393118449381e-11
1.398349128500317118e+00 1.166340207455321579e-14 1.743477095831065552e-11 1.744643436038521714e-11
1.396652697116414155e+00 1.202000879672808942e-14 1.743705843096188237e-11 1.744907843975862000e-11
1.394938165696351096e+00 1.238848198822722458e-14 1.743935739651215804e-11 1.745174587850035923e-11
1.393205607076713815e+00 1.276911192907589302e-14 1.744166727029094517e-11 1.745443638222000843e-11
1.391455094859917807e+00 1.316219356742122194e-14 1.744398745933040951e-11 1.745714965289784430e-11
1.389686703411082691e+00 1.356802657143158960e-14 1.744631736227918641e-11 1.745988538885060257e-11
1.387900507854870957e+00 1.398691538263936346e-14 1.744865636931357840e-11 1.746264328469619687e-11
1.386096584072298965e+00 1.441916926995085683e-14 1.745100386206013627e-11 1.746542303133008268e-11
1.384275008697511300e+00 1.486510238507210313e-14 1.745335921351853096e-11 1.746822431590362782e-11
1.382435859114526266e+00 1.532503381897101986e-14 1.745572178798345282e-11 1.747104682180240545e-11
1.380579213453948517e+00 1.579928765993867240e-14 1.745809094095980945e-11 1.747389022861972752e-11
1.378705150589649486e+00 1.628819305242699167e-14 1.746046601908818252e-11 1.747675421214063428e-11
1.376813750135416736e+00 1.679208425739595805e-14 1.746284636007490837e-11 1.747963844433232358e-11
1.374905092441572441e+00 1.731130071389515392e-14 1.746523129262264333e-11 1.748254259333653170e-11
1.372979258591558560e+00 1.784618710219226923e-14 1.746762013635437618e-11 1.748546632345655379e-11
1.371036330398494041e+00 1.839709340769197946e-14 1.747001220173963136e-11 1.748840929514733060e-11
1.369076390401697818e+00 1.896437498634035912e-14 1.747240679002256566e-11 1.749137116500888593e-11
1.367099521863182954e+00 1.954839263155934455e-14 1.747480319314773198e-11 1.749435158577929568e-11
1.365105808764119466e+00 2.014951264276245267e-14 1.747720069368046643e-11 1.749735020632322677e-11
1.363095335801266739e+00 2.076810689483241154e-14 1.747959856472746929e-11 1.750036667162229539e-11
1.361068188383375510e+00 2.140455290921658042e-14 1.748199606986316658e-11 1.750340062277237219e-11
1.359024452627558777e+00 2.205923392682458892e-14 1.748439246305388728e-11 1.750645169698072267e-11
1.356964215355634717e+00 2.273253898248275529e-14 1.748678698857594986e-11 1.750951952755843654e-11
1.354887564090436980e+00 2.342486298043206033e-14 1.748917888092932207e-11 1.751260374390975517e-11
1.352794587052097652e+00 2.413660677153901610e-14 1.749156736475703222e-11 1.751570397152854960e-11
1.350685373154298485e+00 2.486817723241597866e-14 1.749395165476440597e-11 1.751881983199685359e-11
1.348560012000494357e+00 2.561998734619380894e-14 1.749633095563432557e-11 1.752195094298048536e-11
1.346418593880106984e+00 2.639245628445122142e-14 1.749870446193488610e-11 1.752509691821932502e-11
1.344261209764688436e+00 2.718600949117430728e-14 1.750107135803182099e-11 1.752825736752297184e-11
1.342087951304057114e+00 2.800107876876904295e-14 1.750343081799879816e-11 1.753143189676757773e-11
1.339898910822403533e+00 2.883810236564023648e-14 1.750578200552602945e-11 1.753462010789166283e-11
1.337694181314369679e+00 2.969752506517187593e-14 1.750812407382270535e-11 1.753782159888784375e-11
1.335473856441096396e+00 3.057979827692768255e-14 1.751045616552648008e-11 1.754103596380342807e-11
1.333238030526246787e+00 3.148538013004296179e-14 1.751277741261177414e-11 1.754426279274181991e-11
1.330986798551996975e+00 3.241473556825063018e-14 1.751508693629330433e-11 1.754750167186155706e-11
1.328720256155002444e+00 3.336833644667639217e-14 1.751738384691904790e-11 1.755075218336577731e-11
1.326438499622334843e+00 3.434666163096552471e-14 1.751966724386598546e-11 1.755401390549692907e-11
1.324141625887391482e+00 3.535019709849459597e-14 1.752193621543627044e-11 1.755728641253477122e-11
1.321829732525777512e+00 3.637943604133527573e-14 1.752418983875680096e-11 1.756056927479810831e-11
1.319502917751160354e+00 3.743487897152598672e-14 1.752642717967391908e-11 1.756386205864541087e-11
1.317161280411098145e+00 3.851703382887844365e-14 1.752864729264999386e-11 1.756716432647887707e-11
1.314804919982839548e+00 3.962641609070383178e-14 1.753084922065350649e-11 1.757047563674421620e-11
1.312433936569098680e+00 4.076354888351482312e-14 1.753303199504503506e-11 1.757379554392851284e-11
1.310048430893802074e+00 4.192896309754580154e-14 1.753519463545665101e-11 1.757712359855421046e-11
1.307648504297809877e+00 4.312319750390157228e-14 1.753733614967439161e-11 1.758045934717829712e-11
1.305234258734609964e+00 4.434679887348859428e-14 1.753945553352208310e-11 1.758380233239557547e-11
1.302805796765988511e+00 4.560032209831241651e-14 1.754155177074876979e-11 1.758715209284707989e-11
1.300363221557671034e+00 4.688433031610610791e-14 1.754362383291174881e-11 1.759050816322783461e-11
1.297906636874940789e+00 4.819939503751659086e-14 1.754567067925374347e-11 1.759387007429127714e-11
1.295436147078230738e+00 4.954609627504275082e-14 1.754769125657386306e-11 1.759723735284892225e-11
1.292951857118689318e+00 5.092502267488376099e-14 1.754968449909575484e-11 1.760060952177063336e-11
1.290453872533722679e+00 5.233677165245948523e-14 1.755164932833471225e-11 1.760398609998718170e-11
1.287942299442510707e+00 5.378194953029392314e-14 1.755358465296455379e-11 1.760736660249483447e-11
1.285417244541499082e+00 5.526117167792419762e-14 1.755548936868759733e-11 1.761075054036554930e-11
1.282878815099867120e+00 5.677506265563711438e-14 1.755736235810619508e-11 1.761413742076180527e-11
1.280327118954969867e+00 5.832425636205943963e-14 1.755920249058879819e-11 1.761752674695081364e-11
1.277762264507757317e+00 5.990939618367183699e-14 1.756100862212499981e-11 1.762091801830867963e-11
1.275184360718169652e+00 6.153113514659756391e-14 1.756277959517786074e-11 1.762431073032446070e-11
1.272593517100508054e+00 6.319013607293513296e-14 1.756451423853597654e-11 1.762770437460890695e-11
1.269989843718782652e+00 6.488707174095333718e-14 1.756621136716568691e-11 1.763109843890662646e-11
1.267373451182036259e+00 6.662262504720729053e-14 1.756786978205714574e-11 1.763449240710433772e-11
1.264744450639645912e+00 6.839748917198796733e-14 1.756948827007628162e-11 1.763788575924825008e-11
1.262102953776601089e+00 7.021236775002074651e-14 1.757106560381758237e-11 1.764127797156759322e-11
1.259449072808758618e+00 7.206797504451130082e-14 1.757260054145205851e-11 1.764466851649656325e-11
1.256782920478076271e+00 7.396503612302539207e-14 1.757409182655956154e-11 1.764805686268260096e-11
1.254104610047822810e+00 7.590428703765941340e-14 1.757553818796212963e-11 1.765144247499979480e-11
1.251414255297765843e+00 7.788647501063170595e-14 1.757693833955543989e-11 1.765482481456607386e-11
1.248711970519339687e+00 7.991235862263034484e-14 1.757829098013857397e-11 1.765820333876119268e-11
1.245997870510788363e+00 8.198270800403513052e-14 1.757959479323669117e-11 1.766157750124072864e-11
1.243272070572289945e+00 8.409830503223026769e-14 1.758084844693567637e-11 1.766494675196789934e-11
1.240534686501058026e+00 8.625994353419597538e-14 1.758205059371740829e-11 1.766831053725161941e-11
1.237785834586422551e+00 8.846842949091618091e-14 1.758319987028506603e-11 1.767166829977598813e-11
1.235025631604888652e+00 9.072458124525386973e-14 1.758429489736946548e-11 1.767501947861472318e-11
1.232254194815177506e+00 9.302922971682688793e-14 1.758533427953681080e-11 1.767836350925365276e-11
1.229471641953243877e+00 9.538321862177061810e-14 1.758631660499390321e-11 1.768169982361567646e-11
1.226678091227273892e+00 9.778740469488062969e-14 1.758724044539010543e-11 1.768502785008497321e-11
1.223873661312664618e+00 1.002426579173679547e-13 1.758810435562107701e-11 1.768834701353845028e-11
1.221058471346982310e+00 1.027498617520691747e-13 1.758890687364796747e-11 1.769165673540001087e-11
1.218232640924900023e+00 1.053099133819920264e-13 1.758964652031083215e-11 1.769495643369279251e-11
1.215396290093118115e+00 1.079237239515187616e-13 1.759032179912028609e-11 1.769824552307183097e-11
1.212549539345264549e+00 1.105922188150016512e-13 1.759093119603412974e-11 1.770152341484910836e-11
1.209692509616775435e+00 1.133163377930306979e-13 1.759147317923471134e-11 1.770478951702771309e-11
1.206825322279757362e+00 1.160970354318552408e-13 1.759194619890363006e-11 1.770804323433547314e-11
1.203948099137831962e+00 1.189352812672503795e-13 1.759234868699564107e-11 1.771128396826289008e-11
1.201060962420961165e+00 1.218320600968832562e-13 1.759267905702951128e-11 1.771451111712640869e-11
1.198164034780254239e+00 1.247883722589843293e-13 1.759293570388815833e-11 1.771772407614713804e-11
1.195257439282758405e+00 1.278052339142188360e-13 1.759311700359396440e-11 1.772092223750821128e-11
1.192341299406229460e+00 1.308836773343911017e-13 1.759322131305569127e-11 1.772410499039008306e-11
1.189415739033886421e+00 1.340247512003864497e-13 1.759324696981535335e-11 1.772727172101574972e-11
1.186480882449149732e+00 1.372295209056207228e-13 1.759319229179854158e-11 1.773042181270413805e-11
1.183536854330360599e+00 1.404990688640033757e-13 1.759305557705600389e-11 1.773355464592001398e-11
1.180583779745484341e+00 1.438344948264627014e-13 1.759283510351255379e-11 1.773666959833902937e-11
1.177621784146797745e+00 1.472369162058784958e-13 1.759252912874179619e-11 1.773976604494768804e-11
1.174650993365559559e+00 1.507074684072979705e-13 1.759213588972765055e-11 1.774284335813497869e-11
1.171671533606664095e+00 1.542473051649949646e-13 1.759165360257980400e-11 1.774590090774478773e-11
1.168683531443281298e+00 1.578575988891312470e-13 1.759108046223791346e-11 1.774893806112705849e-11
1.165687113811478159e+00 1.615395410201792254e-13 1.759041464220289803e-11 1.775195418322304255e-11
1.162682408004827472e+00 1.652943423903935131e-13 1.758965429426335537e-11 1.775494863665375305e-11
1.159669541668999271e+00 1.691232335944211138e-13 1.758879754820020982e-11 1.775792078179460490e-11
1.156648642796338722e+00 1.730274653688708964e-13 1.758784251150430774e-11 1.776086997687319009e-11
1.153619839720428475e+00 1.770083089793671250e-13 1.758678726911125767e-11 1.776379557809061795e-11
1.150583261110636801e+00 1.810670566165615967e-13 1.758562988309486944e-11 1.776669693971145814e-11
1.147539035966651744e+00 1.852050218012451449e-13 1.758436839232284344e-11 1.776957341412408607e-11
1.144487293613000833e+00 1.894235397972800730e-13 1.758300081214315292e-11 1.777242435194042274e-11
1.141428163693556819e+00 1.937239680357591017e-13 1.758152513410688668e-11 1.777524910214262367e-11
1.138361776166030959e+00 1.981076865526425793e-13 1.757993932566318431e-11 1.777804701221582838e-11
1.135288261296450996e+00 2.025760984347814976e-13 1.757824132982110021e-11 1.778081742825590072e-11
1.132207749653628248e+00 2.071306302727120898e-13 1.757642906481663757e-11 1.778355969508932156e-11
1.129120372103610048e+00 2.117727326269729687e-13 1.757450042376220795e-11 1.778627315638919122e-11
1.126026259804121299e+00 2.165038805075093791e-13 1.757245327425527793e-11 1.778895715476278453e-11
1.122925544198991155e+00 2.213255738589456154e-13 1.757028545800698761e-11 1.779161103186593123e-11
1.119818357012570598e+00 2.262393380562473061e-13 1.756799479054033312e-11 1.779423412859659237e-11
1.116704830244135360e+00 2.312467244193868393e-13 1.756557906089420395e-11 1.779682578531357524e-11
1.113585096162278854e+00 2.363493107406363191e-13 1.756303603127107512e-11 1.779938534201170507e-11
1.110459287299293329e+00 2.415487018186649952e-13 1.756036343664034495e-11 1.780191213845898187e-11
1.107327536445538829e+00 2.468465300094373609e-13 1.755755898430905101e-11 1.780440551431847327e-11
1.104189976643803472e+00 2.522444557961039665e-13 1.755462035344856442e-11 1.780686480924468429e-11
1.101046741183649758e+00 2.577441683638851295e-13 1.755154519464384753e-11 1.780928936300774428e-11
1.097897963595753534e+00 2.633473861814956011e-13 1.754833112954573112e-11 1.781167851572724379e-11
1.094743777646230543e+00 2.690558576064335256e-13 1.754497575058147222e-11 1.781403160818786859e-11
1.091584317330954512e+00 2.748713615124272269e-13 1.754147662061227230e-11 1.781634798212470589e-11
1.088419716869864162e+00 2.807957079250172844e-13 1.753783127250616772e-11 1.781862698043117041e-11
1.085250110701261539e+00 2.868307386716949483e-13 1.753403720864018652e-11 1.782086794731187768e-11
1.082075633476100363e+00 2.929783280559795669e-13 1.753009190033170060e-11 1.782307022838767017e-11
1.078896420052266825e+00 2.992403835452514268e-13 1.752599278726746099e-11 1.782523317081269560e-11
1.075712605488849505e+00 3.056188464664447771e-13 1.752173727705665864e-11 1.782735612352312018e-11
1.072524325040402182e+00 3.121156927227283908e-13 1.751732274491175870e-11 1.782943843763446927e-11
1.069331714151198209e+00 3.187329335347821784e-13 1.751274653331820345e-11 1.783147946685298502e-11
1.066134908449476670e+00 3.254726161985480949e-13 1.750800595160262075e-11 1.783347856780117683e-11
1.062934043741679435e+00 3.323368248628166700e-13 1.750309827540102126e-11 1.783543510026382354e-11
1.059729256006683329e+00 3.393276813323048278e-13 1.749802074602863219e-11 1.783734842736095121e-11
1.056520681390023197e+00 3.464473458878637770e-13 1.749277056979044227e-11 1.783921791567831428e-11
1.053308456198107423e+00 3.536980181219222403e-13 1.748734491738165414e-11 1.784104293550355896e-11
1.050092716892427891e+00 3.610819377985741035e-13 1.748174092346448128e-11 1.784282286126305856e-11
1.046873600083763067e+00 3.686013857379513175e-13 1.747595568630527747e-11 1.784455707204323763e-11
1.043651242526373535e+00 3.762586847215354149e-13 1.746998626731888629e-11 1.784624495204043215e-11
1.040425781112193970e+00 3.840562004277271570e-13 1.746382969051279186e-11 1.784788589094052674e-11
1.037197352865016464e+00 3.919963423973670453e-13 1.745748294185042247e-11 1.784947928424780410e-11
1.033966094934669622e+00 4.000815650159028930e-13 1.745094296851289184e-11 1.785102453352877272e-11
1.030732144591192778e+00 4.083143685176029925e-13 1.744420667814418716e-11 1.785252104666176860e-11
1.027495639219004220e+00 4.166973000260343162e-13 1.743727093825435824e-11 1.785396823828038866e-11
1.024256716311063853e+00 4.252329546215136010e-13 1.743013257576336294e-11 1.785536553038484837e-11
1.021015513463034763e+00 4.339239764302488009e-13 1.742278837648443154e-11 1.785671235291462652e-11
1.017772168367435004e+00 4.427730597554650040e-13 1.741523508447233560e-11 1.785800814422781322e-11
1.014526818807789610e+00 4.517829502492387032e-13 1.740746940134392373e-11 1.785925235159315956e-11
1.011279602652777498e+00 4.609564460985870477e-13 1.739948798558221392e-11 1.786044443168077986e-11
1.008030657850373712e+00 4.702963992358291711e-13 1.739128745174962841e-11 1.786158385098542587e-11
1.004780122421989441e+00 4.798057166040843782e-13 1.738286436968972565e-11 1.786267008629379528e-11
1.001528134456609820e+00 4.894873614643753858e-13 1.737421526386293551e-11 1.786370262532729312e-11
9.982748321049250695e-01 4.993443547215369983e-13 1.736533661273964778e-11 1.786468096746117155e-11
9.950203535734640781e-01 5.093797762919690446e-13 1.735622484806897807e-11 1.786560462436094196e-11
9.917648371187215428e-01 5.195967665291762422e-13 1.734687635405513825e-11 1.786647312058430399e-11
9.885084210412855565e-01 5.299985276805218104e-13 1.733728746658635551e-11 1.786728599426688469e-11
9.852512436799614193e-01 5.405883253715703634e-13 1.732745447248644510e-11 1.786804279785802859e-11
9.819934434058958939e-01 5.513694901487200773e-13 1.731737360868069246e-11 1.786874309882939426e-11
9.787351586166976869e-01 5.623454190784149399e-13 1.730704106132022753e-11 1.786938648039865651e-11
9.754765277305588178e-01 5.735195773819659535e-13 1.729645296494793921e-11 1.786997254232987800e-11
9.722176891803744336e-01 5.848955001190379637e-13 1.728560540165079286e-11 1.787050090176982436e-11
9.689587814078611805e-01 5.964767939353654661e-13 1.727449440013818314e-11 1.787097119407352275e-11
9.656999428576765743e-01 6.082671388583644128e-13 1.726311593481934970e-11 1.787138307367770644e-11
9.624413119715378162e-01 6.202702901381643324e-13 1.725146592494205926e-11 1.787173621508020632e-11
9.591830271823396092e-01 6.324900801553442057e-13 1.723954023371624001e-11 1.787203031387156796e-11
9.559252269082738618e-01 6.449304203958455651e-13 1.722733466734341444e-11 1.787226508773924556e-11
9.526680495469499466e-01 6.575953034815764986e-13 1.721484497398290452e-11 1.787244027746447749e-11
9.494116334695138493e-01 6.704888052668437606e-13 1.720206684271576213e-11 1.787255564798259599e-11
9.461561170147714250e-01 6.836150870077146067e-13 1.718899590249812707e-11 1.787261098950585713e-11
9.429016384833103226e-01 6.969783975967947615e-13 1.717562772109051288e-11 1.787260611868732582e-11
9.396483361316256833e-01 7.105830758703723707e-13 1.716195780399557120e-11 1.787254087986594427e-11
9.363963481662458399e-01 7.244335530006710838e-13 1.714798159342146966e-11 1.787241514642215498e-11
9.331458127378620127e-01 7.385343549654764319e-13 1.713369446720258925e-11 1.787222882216807790e-11
9.298968679354580047e-01 7.528901050948878105e-13 1.711909173761161537e-11 1.787198184270647450e-11
9.266496517804458932e-01 7.675055267122563654e-13 1.710416865010725422e-11 1.787167417681949353e-11
9.234043022208004992e-01 7.823854458683396308e-13 1.708892038211081014e-11 1.787130582797915128e-11
9.201609571252005182e-01 7.975347941599754059e-13 1.707334204179916743e-11 1.787087683595915768e-11
9.169197542771714282e-01 8.129586116517951545e-13 1.705742866683731708e-11 1.787038727848912557e-11
9.136808313692312833e-01 8.286620499136751375e-13 1.704117522305981795e-11 1.786983727297349410e-11
9.104443259970426139e-01 8.446503751579456093e-13 1.702457660315910797e-11 1.786922697831705167e-11
9.072103756535658814e-01 8.609289714784194636e-13 1.700762762535210201e-11 1.786855659683055005e-11
9.039791177232190389e-01 8.775033442181939794e-13 1.699032303195737653e-11 1.786782637617557727e-11
9.007506894760415328e-01 8.943791234675440850e-13 1.697265748791931460e-11 1.786703661138685262e-11
8.975252280618619682e-01 9.115620676810956322e-13 1.695462557934426119e-11 1.786618764702535521e-11
8.943028705044724358e-01 9.290580674315934322e-13 1.693622181201574688e-11 1.786527987944732557e-11
8.910837536958075011e-01 9.468731493151802648e-13 1.691744060982495142e-11 1.786431375914013330e-11
8.878680143901280797e-01 9.650134799989999256e-13 1.689827631314387535e-11 1.786328979314286598e-11
8.846557891982120836e-01 9.834853704178160721e-13 1.687872317718787456e-11 1.786220854760571971e-11
8.814472145815520632e-01 1.002295280142068696e-12 1.685877537034879445e-11 1.786107065049085366e-11
8.782424268465561790e-01 1.021449821920495795e-12 1.683842697246833058e-11 1.785987679438879144e-11
8.750415621387588327e-01 1.040955766398376228e-12 1.681767197306431103e-11 1.785862773946269615e-11
8.718447564370370717e-01 1.060820047029977260e-12 1.679650426951616272e-11 1.785732431654611333e-11
8.686521455478333209e-01 1.081049765191714969e-12 1.677491766518124016e-11 1.785596743037296583e-11
8.654638650993859983e-01 1.101652195496024298e-12 1.675290586743088218e-11 1.785455806292688891e-11
8.622800505359686785e-01 1.122634791328686215e-12 1.673046248563100883e-11 1.785309727695970111e-11
8.591008371121351406e-01 1.144005190628910569e-12 1.670758102909659418e-11 1.785158621972548173e-11
8.559263598869739642e-01 1.165771221908745564e-12 1.668425490500621472e-11 1.785002612691494554e-11
8.527567537183711188e-01 1.187940910524867793e-12 1.666047741623282319e-11 1.784841832675769967e-11
8.495921532572808799e-01 1.210522485231742117e-12 1.663624175907129921e-11 1.784676424430304860e-11
8.464326929420049606e-01 1.233524385022397455e-12 1.661154102090641068e-11 1.784506540592880067e-11
8.432785069924820798e-01 1.256955266264246754e-12 1.658636817784794316e-11 1.784332344411217759e-11
8.401297294045857456e-01 1.280824010163592295e-12 1.656071609227411562e-11 1.784154010243772427e-11
8.369864939444320306e-01 1.305139730578705044e-12 1.653457751024275395e-11 1.783971724082146162e-11
8.338489341426964518e-01 1.329911782182574604e-12 1.650794505883335283e-11 1.783785684101594804e-11
8.307171832889421736e-01 1.355149769002938749e-12 1.648081124346245784e-11 1.783596101246539336e-11
8.275913744259566496e-01 1.380863553376759534e-12 1.645316844509157868e-11 1.783403199846834508e-11
8.244716403441001429e-01 1.407063265332910763e-12 1.642500891727226737e-11 1.783207218260515632e-11
8.213581135756649054e-01 1.433759312425228354e-12 1.639632478309616442e-11 1.783008409552142590e-11
8.182509263892441265e-01 1.460962390056894469e-12 1.636710803210021242e-11 1.782807042215710446e-11
8.151502107841142042e-01 1.488683492320896526e-12 1.633735051706020021e-11 1.782603400938109371e-11
8.120560984846253438e-01 1.516933923381217763e-12 1.630704395060773966e-11 1.782397787398894551e-11
8.089687209346072549e-01 1.545725309443864136e-12 1.627617990169644663e-11 1.782190521114032066e-11
8.058882092917845075e-01 1.575069611356940246e-12 1.624474979197235323e-11 1.781981940332928115e-11
8.028146944222045445e-01 1.604979137869225880e-12 1.621274489204081265e-11 1.781772402991007307e-11
7.997483068946785734e-01 1.635466559601922976e-12 1.618015631756466239e-11 1.781562287716657708e-11
7.966891769752346697e-01 1.666544923790796746e-12 1.614697502515749862e-11 1.781351994894827114e-11
7.936374346215837594e-01 1.698227669837752999e-12 1.611319180812326314e-11 1.781141947796101311e-11
7.905932094775988128e-01 1.730528645733587311e-12 1.607879729206914553e-11 1.780932593780273203e-11
7.875566308678072502e-01 1.763462125430384592e-12 1.604378193031049794e-11 1.780724405574088051e-11
7.845278277918967813e-01 1.797042827221815607e-12 1.600813599901552724e-11 1.780517882623735476e-11
7.815069289192362323e-01 1.831285933201151285e-12 1.597184959215576448e-11 1.780313552535694363e-11
7.784940625834080308e-01 1.866207109897873092e-12 1.593491261628326270e-11 1.780111972618112852e-11
7.754893567767573437e-01 1.901822530181040831e-12 1.589731478504213720e-11 1.779913731522317883e-11
7.724929391449544269e-01 1.938148896516250441e-12 1.585904561337319279e-11 1.779719450988944363e-11
7.695049369815714080e-01 1.975203465699683530e-12 1.582009441145548497e-11 1.779529787715515759e-11
7.665254772226759439e-01 2.013004075196523992e-12 1.578045027838697344e-11 1.779345435358351076e-11
7.635546864414376467e-01 2.051569171203441563e-12 1.574010209555093430e-11 1.779167126675436981e-11
7.605926908427509403e-01 2.090917838588059266e-12 1.569903851961590207e-11 1.778995635820398032e-11
7.576396162578749038e-01 2.131069832876341925e-12 1.565724797513704641e-11 1.778831780801339844e-11
7.546955881390857712e-01 2.172045614454894067e-12 1.561471864677504893e-11 1.778676426122993209e-11
7.517607315543490820e-01 2.213866385188531900e-12 1.557143847113851579e-11 1.778530485632702992e-11
7.488351711820062651e-01 2.256554127685523113e-12 1.552739512815027361e-11 1.778394925583581005e-11
7.459190313054769872e-01 2.300131647439897368e-12 1.548257603185301142e-11 1.778270767929288859e-11
7.430124358079810420e-01 2.344622618109290714e-12 1.543696832070697225e-11 1.778159093881624802e-11
7.401155081672744496e-01 2.390051630236245157e-12 1.539055884738168169e-11 1.778061047761790383e-11
7.372283714504035412e-01 2.436444243736928176e-12 1.534333416789487255e-11 1.777977841163178821e-11
7.343511483084783631e-01 2.483827044506587169e-12 1.529528053001416221e-11 1.777910757452073120e-11
7.314839609714600677e-01 2.532227705541510611e-12 1.524638386094072104e-11 1.777861156648222681e-11
7.286269312429707323e-01 2.581675053009412246e-12 1.519662975423145646e-11 1.777830480724086063e-11
7.257801804951173885e-01 2.632199137739803960e-12 1.514600345585711310e-11 1.777820259359692272e-11
7.229438296633354799e-01 2.683831312669632444e-12 1.509448984930625896e-11 1.777832116197589908e-11
7.201179992412531927e-01 2.736604316816793828e-12 1.504207343964673312e-11 1.777867775646351160e-11
7.173028092755708851e-01 2.790552366389272186e-12 1.498873833648472027e-11 1.777929070287399367e-11
7.144983793609616107e-01 2.845711253713495602e-12 1.493446823575874126e-11 1.778017948947223888e-11
7.117048286349916264e-01 2.902118454733245071e-12 1.487924640021172186e-11 1.778136485494495037e-11
7.089222757730579971e-01 2.959813245873294419e-12 1.482305563840339145e-11 1.778286888427669637e-11
7.061508389833468513e-01 3.018836831122751185e-12 1.476587828220359354e-11 1.778471511332633544e-11
7.033906360018131743e-01 3.079232480260688368e-12 1.470769616263411093e-11 1.778692864289480616e-11
7.006417840871774771e-01 3.141045679196488143e-12 1.464849058388268976e-11 1.778953626307915649e-11
6.979044000159457806e-01 3.204324293457939486e-12 1.458824229537498577e-11 1.779256658883295757e-11
6.951786000774471397e-01 3.269118745926699923e-12 1.452693146171523604e-11 1.779605020764195050e-11
6.924645000688959273e-01 3.335482209959084028e-12 1.446453763026835282e-11 1.780001984022744533e-11
6.897622152904696602e-01 3.403470819059945651e-12 1.440103969629972469e-11 1.780451051535966670e-11
6.870718605404128043e-01 3.473143894302569077e-12 1.433641586553192800e-11 1.780955975983448657e-11
6.843935501101591212e-01 3.544564190680068792e-12 1.427064361379950633e-11 1.781520780447957956e-11
6.817273977794768847e-01 3.617798163522227966e-12 1.420369964361575536e-11 1.782149780713795950e-11
6.790735168116344145e-01 3.692916256028192448e-12 1.413555983756249445e-11 1.782847609359066590e-11
6.764320199485895913e-01 3.769993208837324230e-12 1.406619920825095326e-11 1.783619241708824841e-11
6.738030194061992439e-01 3.849108392352765956e-12 1.399559184458997707e-11 1.784470023694272848e-11
6.711866268694528515e-01 3.930346162228845828e-12 1.392371085420924621e-11 1.785405701643808315e-11
6.685829534877274494e-01 4.013796238055589481e-12 1.385052830186390993e-11 1.786432453991946386e-11
6.659921098700657405e-01 4.099554104801907229e-12 1.377601514367893792e-11 1.787556924848084434e-11
6.634142060804781860e-01 4.187721435985177716e-12 1.370014115712363832e-11 1.788786259310882573e-11
6.608493516332656359e-01 4.278406536869770933e-12 1.362287486655247462e-11 1.790128140342226979e-11
6.582976554883683828e-01 4.371724805264466426e-12 1.354418346428881698e-11 1.791590826955327937e-11
6.557592260467363099e-01 4.467799206677816513e-12 1.346403272734846945e-11 1.793183193402627869e-11
6.532341711457249067e-01 4.566760759761674175e-12 1.338238692983245753e-11 1.794914768959413494e-11
6.507225980545128241e-01 4.668749027094715465e-12 1.329920875116033156e-11 1.796795777825502845e-11
6.482246134695460738e-01 4.773912605353239171e-12 1.321445918052349223e-11 1.798837178587674190e-11
6.457403235100047656e-01 4.882409607816915924e-12 1.312809741791268612e-11 1.801050702572961093e-11
6.432698337132947142e-01 4.994408130867089948e-12 1.304008077227669358e-11 1.803448890314380776e-11
6.408132490305646911e-01 5.110086694452515446e-12 1.295036455771948532e-11 1.806045125217201853e-11
6.383706738222468813e-01 5.229634644235312941e-12 1.285890198863993526e-11 1.808853663287524740e-11
6.359422118536255386e-01 5.353252500000215544e-12 1.276564407486702430e-11 1.811889657486726166e-11
6.335279662904256259e-01 5.481152230632471909e-12 1.267053951827818371e-11 1.815169174891066692e-11
6.311280396944334292e-01 5.613557430242125352e-12 1.257353461247709206e-11 1.818709204271922145e-11
6.287425340191367118e-01 5.750703362441748839e-12 1.247457314723952223e-11 1.822527650968125249e-11
6.263715506053958437e-01 5.892836830240054628e-12 1.237359631991120669e-11 1.826643315015125081e-11
6.240151901771373577e-01 6.040215817564618370e-12 1.227054265616219007e-11 1.831075847372680925e-11
6.216735528370750385e-01 6.193108835112514604e-12 1.216534794270239906e-11 1.835845677781490236e-11
6.193467380624579910e-01 6.351793888564022214e-12 1.205794517509125197e-11 1.840973906365528872e-11
6.170348447008440207e-01 6.516556972092688877e-12 1.194826452422827160e-11 1.846482149632095724e-11
6.147379709659006597e-01 6.687689975535766798e-12 1.183623332563453381e-11 1.852392330117030303e-11
6.124562144332330593e-01 6.865487881144594905e-12 1.172177609637239491e-11 1.858726397751699305e-11
6.101896720362385285e-01 7.050245117526315110e-12 1.160481458505843902e-11 1.865505970258475979e-11
6.079384400619887163e-01 7.242250936038445265e-12 1.148526786129870310e-11 1.872751879733713301e-11
6.057026141471391067e-01 7.441783680649553437e-12 1.136305245213533235e-11 1.880483613278487287e-11
6.034822892738659350e-01 7.649103838373576221e-12 1.123808253410034904e-11 1.888718637247391395e-11
6.012775597658318594e-01 7.864445785209816854e-12 1.111027019062244261e-11 1.897471597583224977e-11
5.990885192841783891e-01 8.088008183084767324e-12 1.097952574599974783e-11 1.906753392908452000e-11
5.969152608235469559e-01 8.319943037118110669e-12 1.084575818814152641e-11 1.916570122525964031e-11
5.947578767081285189e-01 8.560343488929425298e-12 1.070887569326895978e-11 1.926921918219838831e-11
5.926164585877411461e-01 8.809230498942735447e-12 1.056878626683110366e-11 1.937801676577383588e-11
5.904910974339372398e-01 9.066538655786433212e-12 1.042539851481240192e-11 1.949193717059884644e-11
5.883818835361379618e-01 9.332101439845611396e-12 1.027862255902798849e-11 1.961072399887360150e-11
5.862889064977985232e-01 9.605636356157127943e-12 1.012837110943639546e-11 1.973400746559350564e-11
5.842122552326007856e-01 9.886730433344919181e-12 9.974560704411375068e-12 1.986129113775629910e-11
5.821520179606767265e-01 1.017482665398710735e-11 9.817113126681518988e-12 1.999193978066860372e-11
5.801082822048599930e-01 1.046921193220037325e-11 9.655956999053779161e-12 2.012516893125414272e-11
5.780811347869686534e-01 1.076900728074742863e-11 9.491029558802761509e-12 2.026003683955020144e-11
5.760706618241160371e-01 1.107316080781488184e-11 9.322278603369893564e-12 2.039543941118475763e-11
5.740769487250525493e-01 1.138044414986941683e-11 9.149664593545020805e-12 2.053010874341444895e-11
5.721000801865376850e-01 1.168945288003466113e-11 8.973162892148880813e-12 2.066261577218353548e-11
5.701401401897414623e-01 1.199861133159832711e-11 8.792766107787163988e-12 2.079137743938546202e-11
5.681972119966769430e-01 1.230618214650934992e-11 8.608486505600525095e-12 2.091466865210988633e-11
5.662713781466630625e-01 1.261028070361603081e-11 8.420358438437317394e-12 2.103063914205333690e-11
5.643627204528187669e-01 1.290889440717636742e-11 8.228440744285524574e-12 2.113733515146189523e-11
5.624713199985860168e-01 1.319990663058916298e-11 8.032819049741471276e-12 2.123272568033062780e-11
5.605972571342869859e-01 1.348112492207570553e-11 7.833607913489495609e-12 2.131473283556520275e-11
5.587406114737092366e-01 1.375031289778198209e-11 7.630952741234103188e-12 2.138126563901607882e-11
5.569014618907242031e-01 1.400522508254558928e-11 7.425031403294256401e-12 2.143025648583985376e-11
5.550798865159365381e-01 1.424364381798470694e-11 7.216055485869140793e-12 2.145969930385384450e-11
5.532759627333643238e-01 1.446341725001313412e-11 7.004271111212834909e-12 2.146768836122595853e-11
5.514897671771528120e-01 1.466249733923642200e-11 6.789959269140417194e-12 2.145245660837682304e-11
5.497213757283174740e-01 1.483897681098819740e-11 6.573435610324122604e-12 2.141241242131232808e-11
5.479708635115217996e-01 1.499112397866194626e-11 6.355049664426225235e-12 2.134617364308818765e-11
5.462383048918844075e-01 1.511741443360783334e-11 6.135183458643499500e-12 2.125259789225134495e-11
5.445237734718214595e-01 1.521655869337387374e-11 5.914249525149388794e-12 2.113080821852326253e-11
5.428273420879181632e-01 1.528752503221551743e-11 5.692688304690701620e-12 2.098021333690623844e-11
5.411490828078366899e-01 1.532955687849424413e-11 5.470964969919995061e-12 2.080052184841423435e-11
5.394890669272520700e-01 1.534218434777623281e-11 5.249565706919271472e-12 2.059175005469550752e-11
5.378473649668253920e-01 1.532522968172544401e-11 5.028993511553905277e-12 2.035422319327936221e-11
5.362240466692074214e-01 1.527880657410109827e-11 4.809763570235304709e-12 2.008857014433642236e-11
5.346191809960751939e-01 1.520331357825373495e-11 4.592398308066828032e-12 1.979571188632056056e-11
5.330328361252029135e-01 1.509942199301274139e-11 4.377422200470229761e-12 1.947684419348297438e-11
5.314650794475657136e-01 1.496805879819470906e-11 4.165356446559687882e-12 1.913341524475439371e-11
5.299159775644766146e-01 1.481038533906855901e-11 3.956713607201573018e-12 1.876709894627012718e-11
5.283855962847567866e-01 1.462777252758217174e-11 3.751992314017076074e-12 1.837976484159925750e-11
5.268740006219410077e-01 1.442177333193379519e-11 3.551672147669340652e-12 1.797344547960311767e-11
5.253812547915139852e-01 1.419409327353673045e-11 3.356208779503851411e-12 1.755030205304058186e-11
5.239074222081843146e-01 1.394655956790805358e-11 3.166029461577296671e-12 1.711258902948535187e-11
5.224525654831890797e-01 1.368108947357630697e-11 2.981528938890864529e-12 1.666261841246717877e-11
5.210167464216342026e-01 1.339965839081677025e-11 2.803065855809564615e-12 1.620272424662634092e-11
5.196000260198698761e-01 1.310426830524624813e-11 2.630959714508655611e-12 1.573522801975491505e-11
5.182024644628977494e-01 1.279691729943002532e-11 2.465488431524249078e-12 1.526240573095427480e-11
5.168241211218156383e-01 1.247957102478038566e-11 2.306886535907420138e-12 1.478645756068781347e-11
5.154650545512940996e-01 1.215413717109487158e-11 2.155344036238486852e-12 1.430948120733334995e-11
5.141253224870900862e-01 1.182244401084752674e-11 2.011005974660472277e-12 1.383344998550799296e-11
5.128049818435929108e-01 1.148622395827815393e-11 1.873972669425259348e-12 1.336019662770341449e-11
5.115040887114077339e-01 1.114710273456591443e-11 1.744300619569476587e-12 1.289140335413537567e-11
5.102226983549718042e-01 1.080659418649851197e-11 1.622004040555454391e-12 1.242859822705396414e-11
5.089608652102067810e-01 1.046610014064473721e-11 1.507056976061753477e-12 1.197315711670649270e-11
5.077186428822071385e-01 1.012691401003470290e-11 1.399395903796218326e-12 1.152630991383092708e-11
5.064960841429615446e-01 9.790226346925998824e-12 1.298922755349222990e-12 1.108914910227522545e-11
5.052932409291122084e-01 9.457130283003446470e-12 1.205508255505742005e-12 1.066263853850918484e-11
5.041101643397472021e-01 9.128624901159490259e-12 1.118995489252574987e-12 1.024762039041206040e-11
5.029469046342314176e-01 8.805615053275756561e-12 1.039203616151185846e-12 9.844818669426938975e-12
5.018035112300696099e-01 8.488906918180585167e-12 9.659316420262035102e-13 9.454838560206785244e-12
5.006800327008085194e-01 8.179199556000648738e-12 8.989621880396342635e-13 9.078161744040284415e-12
4.995765167739725232e-01 7.877073687588568695e-12 8.380652165547081421e-13 8.715138904143268658e-12
4.984930103290363679e-01 7.582979735463881509e-12 7.830016721475647477e-13 8.365981407611450498e-12
4.974295593954335959e-01 7.297227651281907659e-12 7.335270207935553591e-13 8.030754672075463119e-12
4.963862091506009988e-01 7.019981129586031473e-12 6.893946754567985041e-13 7.709375805042830684e-12
4.953630039180599853e-01 6.751258447395261127e-12 6.503593157316877968e-13 7.401617763126949227e-12
4.943599871655325328e-01 6.490941424457675492e-12 6.161801157032748653e-13 7.107121540160955002e-12
4.933772015030958857e-01 6.238792996474971062e-12 5.866238739128739357e-13 6.825416870387848128e-12
4.924146886813710600e-01 5.994482790523853356e-12 5.614680683107994323e-13 6.555950858834653899e-12
4.914724895897505386e-01 5.757619059484915077e-12 5.405038575945905410e-13 6.298122917079503194e-12
4.905506442546601065e-01 5.527784531253839937e-12 5.235390433036017255e-13 6.051323574557439138e-12
4.896491918378590991e-01 5.304573257061709291e-12 5.104010326622931759e-13 5.814974289724004992e-12
4.887681706347765109e-01 5.087625460097124339e-12 5.009398343303104258e-13 5.588565294427436077e-12
4.879076180728841305e-01 4.876657681615028602e-12 4.950311610076622994e-13 5.371688842622686963e-12
4.870675707101065899e-01 4.671486118589241306e-12 4.925797472504102085e-13 5.164065865839651111e-12
4.862480642332682734e-01 4.472041859737466222e-12 4.935229892527875485e-13 4.965564848990252862e-12
4.854491334565775307e-01 4.278377629842343613e-12 4.978350938787133446e-13 4.776212723721060693e-12
4.846708123201471374e-01 4.090666521892648359e-12 5.055319926885851100e-13 4.596198514581235388e-12
4.839131338885530043e-01 3.909193952510787282e-12 5.166773239641263701e-13 4.425871276474915469e-12
4.831761303494291337e-01 3.734344647687249332e-12 5.313898880982608582e-13 4.265734535785511907e-12
4.824598330121006584e-01 3.566586845015514492e-12 5.498531498180404858e-13 4.116439994833553665e-12
4.817642723062532384e-01 3.406456060797940338e-12 5.723275360648103736e-13 3.978783596862753741e-12
4.810894777806409839e-01 3.254540512432639182e-12 5.991659121110334871e-13 3.853706424543677920e-12
4.804354781018304599e-01 3.111470138551132844e-12 6.308329182661106685e-13 3.742303056817243412e-12
4.798023010529833821e-01 2.977913947424914899e-12 6.679362675175866610e-13 3.645850214942502771e-12
4.791899735326761167e-01 2.854594060906574864e-12 7.112867733480190878e-13 3.565880834254600313e-12
4.785985215537570947e-01 2.742305804851851565e-12 7.619595546105461638e-13 3.504265359462398638e-12
4.780279702422417509e-01 2.641878470266899975e-12 8.212084357142366092e-13 3.463086905981136383e-12
4.774783438362448784e-01 2.554035943688961675e-12 8.901592350104561387e-13 3.444195178699421348e-12
4.769496656849511740e-01 2.479436545308094859e-12 9.699354156319463018e-13 3.449371960940039747e-12
4.764419582476233650e-01 2.419620514834725394e-12 1.063781684377439133e-12 3.483402199212163314e-12
4.759552430926479172e-01 2.379203268232608896e-12 1.181637173676375903e-12 3.560840441908982375e-12
4.754895408966187675e-01 2.367619817782945548e-12 1.342933982708472790e-12 3.710553800491419550e-12
4.750448714434592490e-01 2.396494745182014967e-12 1.568883388192225583e-12 3.965378133374241156e-12
4.746212536235810964e-01 2.469965229597314239e-12 1.859453247939812149e-12 4.329418477537128407e-12
4.742187054330825324e-01 2.571770848030653146e-12 2.165578975588023998e-12 4.737349823618679164e-12
4.738372439729832686e-01 2.660213872380941250e-12 2.382552193608315063e-12 5.042766065989257525e-12
4.734768854484984746e-01 2.682006980224982537e-12 2.387317463774730681e-12 5.069324443999711198e-12
4.731376451683499407e-01 2.605252833806883380e-12 2.114676989243346462e-12 4.719929823050227823e-12
4.728195375441159309e-01 2.457235804323849300e-12 1.633170356013371214e-12 4.090406160337221119e-12
4.725225760896188398e-01 2.346210078964212194e-12 1.169333982748156671e-12 3.515544061712368663e-12
4.722467734203513179e-01 2.453714505917946386e-12 1.052589378212395999e-12 3.506303884130345617e-12
4.719921412529402005e-01 2.999539906296513669e-12 1.597841802849694982e-12 4.597381709146201987e-12
4.717586904046485730e-01 4.193850924605293157e-12 2.979065478338893096e-12 7.172916402944183426e-12
4.715464307929167487e-01 6.192757100086496416e-12 5.152675558421214481e-12 1.134543265850771090e-11
4.713553714349404400e-01 9.066555447731133538e-12 7.863941807669229224e-12 1.693049725540034984e-11
4.711855204472877867e-01 1.278151498233915653e-11 1.073022951878781760e-11 2.351174450112699190e-11
4.710368850455549095e-01 1.719275505773059404e-11 1.336251813033168637e-11 3.055527318806227233e-11
4.709094715440589329e-01 2.204787568582409117e-11 1.547519235698115533e-11 3.752306804280525620e-11
4.708032853555698671e-01 2.700405654759087319e-11 1.694567341713798067e-11 4.394972996472887649e-11
4.707183309910809021e-01 3.166091484455362334e-11 1.781162280074679303e-11 4.947253764530035498e-11
4.706546120596166172e-01 3.560702470010914761e-11 1.821992325372375915e-11 5.382694795383290999e-11
4.705882352941176960e-01 4.017229534494167153e-11 1.837946647590369343e-11 5.855176182084538758e-11
