2.087678871475108153e-03 -4.357135104612832464e-37
4.175357742950216305e-03 4.361366097700792153e-35
6.263036614425324458e-03 -1.800654868110475164e-33
8.350715485900432611e-03 5.422189078399966110e-33
1.043839435737554076e-02 8.942166951767453187e-29
1.252607322885064892e-02 2.738122738568398266e-25
1.461375210032575707e-02 7.983667014629750067e-23
1.670143097180086522e-02 2.971596108063018600e-21
1.878910984327597511e-02 2.482502617005656348e-20
2.087678871475108153e-02 6.483568133417363707e-20
2.296446758622618795e-02 9.156983179280221039e-20
2.505214645770129783e-02 1.223942720928682284e-19
2.713982532917640772e-02 1.803319481633479857e-19
2.922750420065151414e-02 6.882126454603156403e-19
3.131518307212662056e-02 2.244569755108715335e-18
3.340286194360173044e-02 2.907562791298414835e-18
3.549054081507684033e-02 1.034827219920278027e-17
3.757821968655195022e-02 5.354985298131927016e-17
3.966589855802705317e-02 8.033535749852279638e-17
4.175357742950216305e-02 1.015140556586339044e-16
4.384125630097727294e-02 9.408216467001271347e-17
4.592893517245237589e-02 1.246680338594516121e-16
4.801661404392748578e-02 6.947967267523517690e-17
5.010429291540259567e-02 1.219902262383163241e-16
5.219197178687770555e-02 2.165777352913630878e-16
5.427965065835281544e-02 5.143481791111124177e-16
5.636732952982791839e-02 1.218284542060490997e-15
5.845500840130302828e-02 1.638461426901693124e-15
6.054268727277813816e-02 2.072475268839290345e-15
6.263036614425324111e-02 4.126678355219580749e-15
6.471804501572835100e-02 4.572526008906723292e-15
6.680572388720346089e-02 4.800346330615923528e-15
6.889340275867857077e-02 4.918984514434774147e-15
7.098108163015368066e-02 4.708261786841269377e-15
7.306876050162879055e-02 5.287215967132485769e-15
7.515643937310390044e-02 4.736017135530059816e-15
7.724411824457899645e-02 5.025477511312989774e-15
7.933179711605410633e-02 7.298921150428136581e-15
8.141947598752921622e-02 9.254373461434197944e-15
8.350715485900432611e-02 7.841530969283225267e-15
8.559483373047943600e-02 8.005491371202181023e-15
8.768251260195454588e-02 1.301731993671177284e-14
8.977019147342965577e-02 2.748831016932701126e-14
9.185787034490475178e-02 4.468335859963673887e-14
9.394554921637986167e-02 6.773592782535740190e-14
9.603322808785497156e-02 1.086998139988918480e-13
9.812090695933008144e-02 1.521430431048754699e-13
1.002085858308051913e-01 1.979051301755270219e-13
1.022962647022803012e-01 2.414811838161056792e-13
1.043839435737554111e-01 2.399443983352039005e-13
1.064716224452305210e-01 2.295489428957662925e-13
1.085593013167056309e-01 2.360494306945052175e-13
1.106469801881807269e-01 2.837632284690870814e-13
1.127346590596558368e-01 3.877809644785858742e-13
1.148223379311309467e-01 4.857653533529793400e-13
1.169100168026060566e-01 5.208554831131353520e-13
1.189976956740811664e-01 5.351964660451670191e-13
1.210853745455562763e-01 4.700629700413278057e-13
1.231730534170313862e-01 4.169036672043552360e-13
1.252607322885064822e-01 3.549827466072441887e-13
1.273484111599816060e-01 2.618426134091543088e-13
1.294360900314567020e-01 2.201796011008454707e-13
1.315237689029318258e-01 3.439569901576595238e-13
1.336114477744069218e-01 6.877194605669745458e-13
1.356991266458820178e-01 1.209016161767041073e-12
1.377868055173571415e-01 2.024861405491763883e-12
1.398744843888322376e-01 2.987215909326002099e-12
1.419621632603073613e-01 4.193842945172906672e-12
1.440498421317824573e-01 5.638591781286660628e-12
1.461375210032575811e-01 7.333044754445319037e-12
1.482251998747326771e-01 9.270719753775140193e-12
1.503128787462078009e-01 1.176965520158717684e-11
1.524005576176828969e-01 1.313616110305418818e-11
1.544882364891579929e-01 1.503712852886884946e-11
1.565759153606331167e-01 1.494829753319007298e-11
1.586635942321082127e-01 1.454627357705263175e-11
1.607512731035833364e-01 1.270520538493342406e-11
1.628389519750584324e-01 1.018440589594659636e-11
1.649266308465335562e-01 7.194904079183086586e-12
1.670143097180086522e-01 5.866766391550728891e-12
1.691019885894837482e-01 8.178266422413346048e-12
1.711896674609588720e-01 1.016952913599580002e-11
1.732773463324339680e-01 1.104518335122363107e-11
1.753650252039090918e-01 1.066237427512220299e-11
1.774527040753841878e-01 8.199037492581146272e-12
1.795403829468593115e-01 6.453397576884063951e-12
1.816280618183344076e-01 8.140197757377155265e-12
1.837157406898095036e-01 9.705606931575679673e-12
1.858034195612846273e-01 1.024200627582855767e-11
1.878910984327597233e-01 9.156211149563373921e-12
1.899787773042348471e-01 7.151876261460246369e-12
1.920664561757099431e-01 7.074427181023140028e-12
1.941541350471850669e-01 8.572522996800113217e-12
1.962418139186601629e-01 9.025933225980196844e-12
1.983294927901352867e-01 8.280633999653435874e-12
2.004171716616103827e-01 6.149856235127888401e-12
2.025048505330854787e-01 6.948942384672066425e-12
2.045925294045606024e-01 7.977830021610127981e-12
2.066802082760356984e-01 7.800038700899459971e-12
2.087678871475108222e-01 6.377520941628959883e-12
2.108555660189859182e-01 6.684812903045045024e-12
2.129432448904610420e-01 7.254077252592255350e-12
2.150309237619361380e-01 7.123509227483273912e-12
2.171186026334112618e-01 5.850761113847831676e-12
2.192062815048863578e-01 6.085249787430150115e-12
2.212939603763614538e-01 6.882261045321067001e-12
2.233816392478365775e-01 6.507430535734802003e-12
2.254693181193116736e-01 5.298275228980565963e-12
2.275569969907867973e-01 5.877134346302231351e-12
2.296446758622618933e-01 6.386214835693057549e-12
2.317323547337370171e-01 5.645140982034428014e-12
2.338200336052121131e-01 5.525757229879691195e-12
2.359077124766872091e-01 6.391987104834159066e-12
2.379953913481623329e-01 6.159103192930368122e-12
2.400830702196374289e-01 5.464290133342770392e-12
2.421707490911125527e-01 5.907387160924273351e-12
2.442584279625876487e-01 5.531549981808323873e-12
2.463461068340627724e-01 4.575454559564800149e-12
2.484337857055378684e-01 5.565417303989233585e-12
2.505214645770129644e-01 6.538355961895169123e-12
2.526091434484880605e-01 7.716289789043463598e-12
2.546968223199632120e-01 1.344247333115951448e-11
2.567845011914383080e-01 2.251682383010984801e-11
2.588721800629134040e-01 3.484535159543493850e-11
2.609598589343885000e-01 5.051355996088071788e-11
2.630475378058636515e-01 7.246428148075151436e-11
2.651352166773387475e-01 1.068693229505026675e-10
2.672228955488138435e-01 1.643203395617536596e-10
2.693105744202889396e-01 2.458392770764147548e-10
2.713982532917640356e-01 3.386024813924027760e-10
2.734859321632391871e-01 4.573848788106635862e-10
2.755736110347142831e-01 7.525277201675096191e-10
2.776612899061893791e-01 1.341050316097665047e-09
2.797489687776644751e-01 2.085159679212751206e-09
2.818366476491396266e-01 2.807102025455761814e-09
2.839243265206147226e-01 4.426160664041277725e-09
2.860120053920898187e-01 9.245504248843199993e-09
2.880996842635649147e-01 1.715289480817106647e-08
2.901873631350400107e-01 2.537908521565843553e-08
2.922750420065151622e-01 3.093754139856922062e-08
2.943627208779902582e-01 4.530270766325901273e-08
2.964503997494653542e-01 9.494621227829155984e-08
2.985380786209404502e-01 1.676498862814753804e-07
3.006257574924156017e-01 2.228884239838560880e-07
3.027134363638906978e-01 2.050348424966467227e-07
3.048011152353657938e-01 3.687648000630542669e-07
3.068887941068408898e-01 8.926634299127486736e-07
3.089764729783159858e-01 1.522719547391674722e-06
3.110641518497911373e-01 1.615408576628356999e-06
3.131518307212662333e-01 1.555524769967962501e-06
3.152395095927413293e-01 5.241032746027341670e-06
3.173271884642164253e-01 1.381710268559378420e-05
3.194148673356915213e-01 2.627506384977815123e-05
3.215025462071666729e-01 4.135742389184800466e-05
3.235902250786417689e-01 5.536355168991182423e-05
3.256779039501168649e-01 6.864439006924646361e-05
3.277655828215919609e-01 8.150981948773496305e-05
3.298532616930671124e-01 9.377887929394425142e-05
3.319409405645422084e-01 1.050727604365427818e-04
3.340286194360173044e-01 1.156919796137146375e-04
3.361162983074924004e-01 1.251707886624053975e-04
3.382039771789674965e-01 1.332240144731436414e-04
3.402916560504426480e-01 1.402193384353923617e-04
3.423793349219177440e-01 1.455678802273339576e-04
3.444670137933928400e-01 1.497339858270478271e-04
3.465546926648679360e-01 1.526690452317795829e-04
3.486423715363430875e-01 1.539137575184050066e-04
3.507300504078181835e-01 1.543412416152882473e-04
3.528177292792932795e-01 1.536516492605740248e-04
3.549054081507683756e-01 1.515185912083347652e-04
3.569930870222434716e-01 1.487257293446083047e-04
3.590807658937186231e-01 1.447086736519781513e-04
3.611684447651937191e-01 1.400418759436986070e-04
3.632561236366688151e-01 1.347482704932241918e-04
3.653438025081439111e-01 1.285082714576540950e-04
3.674314813796190071e-01 1.221321058171588299e-04
3.695191602510941586e-01 1.152913736852731187e-04
3.716068391225692547e-01 1.081999842850565077e-04
3.736945179940443507e-01 1.011732577804553494e-04
3.757821968655194467e-01 9.389104133772625089e-05
3.778698757369945982e-01 8.694921666806773467e-05
3.799575546084696942e-01 8.005847618230835846e-05
3.820452334799447902e-01 7.345283739698861168e-05
3.841329123514198862e-01 6.721686449177642446e-05
3.862205912228949822e-01 6.114796448468873182e-05
3.883082700943701338e-01 5.559953451910453631e-05
3.903959489658452298e-01 5.029364063588564327e-05
3.924836278373203258e-01 4.549589030160988441e-05
3.945713067087954218e-01 4.104940058751237284e-05
3.966589855802705733e-01 3.692596407054658239e-05
3.987466644517456693e-01 3.323100023730689940e-05
4.008343433232207653e-01 2.979012112840150633e-05
4.029220221946958613e-01 2.674492937933121138e-05
4.050097010661709573e-01 2.392802280216663064e-05
4.070973799376461089e-01 2.144257790096210596e-05
4.091850588091212049e-01 1.916577255910610828e-05
4.112727376805963009e-01 1.714070271492514416e-05
4.133604165520713969e-01 1.532247169098658655e-05
4.154480954235465484e-01 1.366525401625090843e-05
4.175357742950216444e-01 1.220466764831851633e-05
4.196234531664967404e-01 1.086552755552668900e-05
4.217111320379718364e-01 9.691698440769515194e-06
4.237988109094469324e-01 8.616026640422229236e-06
4.258864897809220840e-01 7.674557757898828314e-06
4.279741686523971800e-01 6.813850040619911364e-06
4.300618475238722760e-01 6.061110760722893009e-06
4.321495263953473720e-01 5.374751877486906311e-06
4.342372052668225235e-01 4.775011847581142010e-06
4.363248841382976195e-01 4.229465979384960651e-06
4.384125630097727155e-01 3.753267225246506635e-06
4.405002418812478115e-01 3.320967619174058928e-06
4.425879207527229076e-01 2.944023555210470852e-06
4.446755996241980591e-01 2.602381269815593610e-06
4.467632784956731551e-01 2.304802542468260620e-06
4.488509573671482511e-01 2.035451357849891979e-06
4.509386362386233471e-01 1.801077337821068694e-06
4.530263151100984431e-01 1.589166522626487027e-06
4.551139939815735946e-01 1.404963921841170194e-06
4.572016728530486906e-01 1.238574966572905260e-06
4.592893517245237867e-01 1.094104637315070444e-06
4.613770305959988827e-01 9.637051281642243894e-07
4.634647094674740342e-01 8.506302864596691297e-07
4.655523883389491302e-01 7.486171000170020735e-07
4.676400672104242262e-01 6.602893551718279205e-07
4.697277460818993222e-01 5.806262766537941554e-07
4.718154249533744182e-01 5.117447041754772406e-07
4.739031038248495697e-01 4.496552499510994568e-07
4.759907826963246658e-01 3.959806438264713608e-07
4.780784615677997618e-01 3.477216235266544915e-07
4.801661404392748578e-01 3.058290750732788973e-07
4.822538193107500093e-01 2.685193166715026061e-07
4.843414981822251053e-01 2.355824522401973382e-07
4.864291770537002013e-01 2.070797660130207462e-07
4.885168559251752973e-01 1.815279779321681546e-07
4.906045347966503933e-01 1.594893117806968964e-07
4.926922136681255449e-01 1.397033929289134612e-07
4.947798925396006409e-01 1.226490266608720630e-07
4.968675714110757369e-01 1.073756734613010118e-07
4.989552502825508329e-01 9.407964921098593135e-08
5.010429291540259289e-01 8.242746852293273509e-08
5.031306080255010249e-01 7.209334649072423024e-08
5.052182868969761209e-01 6.320048951518060290e-08
5.073059657684513279e-01 5.523580965200208359e-08
5.093936446399264240e-01 4.836794490916790482e-08
5.114813235114015200e-01 4.226947272079069797e-08
5.135690023828766160e-01 3.691424775064653191e-08
5.156566812543517120e-01 3.231142356896168201e-08
5.177443601258268080e-01 2.819677894320108406e-08
5.198320389973019040e-01 2.465283975667569843e-08
5.219197178687770000e-01 2.151342822461786414e-08
5.240073967402520960e-01 1.875952108266533684e-08
5.260950756117273031e-01 1.639646212222421566e-08
5.281827544832023991e-01 1.428724742484512270e-08
5.302704333546774951e-01 1.245761677613588571e-08
5.323581122261525911e-01 1.086983273338964041e-08
5.344457910976276871e-01 9.463807163434334769e-09
5.365334699691027831e-01 8.256186931959398114e-09
5.386211488405778791e-01 7.187240436812472728e-09
5.407088277120529751e-01 6.252583068419010273e-09
5.427965065835280711e-01 5.451981715100504424e-09
5.448841854550032782e-01 4.740227729797731074e-09
5.469718643264783742e-01 4.120387727111776981e-09
5.490595431979534702e-01 3.590041573395673098e-09
5.511472220694285662e-01 3.118437434223733684e-09
5.532349009409036622e-01 2.708378166175388188e-09
5.553225798123787582e-01 2.357811555896004674e-09
5.574102586838538542e-01 2.046308647803567594e-09
5.594979375553289502e-01 1.775698698518716990e-09
5.615856164268040462e-01 1.544501516986368588e-09
5.636732952982792533e-01 1.339347918935502273e-09
5.657609741697543493e-01 1.161217490536380547e-09
5.678486530412294453e-01 1.009024102092141767e-09
5.699363319127045413e-01 8.744192266625920100e-10
5.720240107841796373e-01 7.574498640053717930e-10
5.741116896556547333e-01 6.571970689908950136e-10
5.761993685271298293e-01 5.694594307703681528e-10
5.782870473986049253e-01 4.928249775009077838e-10
5.803747262700800214e-01 4.264386135740630062e-10
5.824624051415552284e-01 3.698781490122977500e-10
5.845500840130303244e-01 3.198282679886403068e-10
5.866377628845054204e-01 2.764891587060933505e-10
5.887254417559805164e-01 2.393832520537645117e-10
5.908131206274556124e-01 2.070328282003522552e-10
5.929007994989307084e-01 1.788024621359422273e-10
5.949884783704058044e-01 1.544025901356134830e-10
5.970761572418809005e-01 1.335999576297101409e-10
5.991638361133559965e-01 1.153647224855030897e-10
6.012515149848312035e-01 9.953086668838876606e-11
6.033391938563062995e-01 8.585629795135102346e-11
6.054268727277813955e-01 7.419668606755259601e-11
6.075145515992564915e-01 6.399931960825035774e-11
6.096022304707315875e-01 5.514259187693623663e-11
6.116899093422066835e-01 4.750265622454882640e-11
6.137775882136817795e-01 4.095918619555968347e-11
6.158652670851568756e-01 3.532760027496886521e-11
6.179529459566319716e-01 3.041617009730973005e-11
6.200406248281070676e-01 2.618428403958237740e-11
6.221283036995822746e-01 2.253945832612248774e-11
6.242159825710573706e-01 1.943310005772455071e-11
6.263036614425324666e-01 1.672834812981989624e-11
6.283913403140075626e-01 1.437655027122780228e-11
6.304790191854826586e-01 1.234691130425565067e-11
6.325666980569577547e-01 1.059841139951184699e-11
6.346543769284328507e-01 9.105243753129310518e-12
6.367420557999079467e-01 7.824785219375553813e-12
6.388297346713830427e-01 6.716756864125676833e-12
6.409174135428582497e-01 5.767609104344118502e-12
6.430050924143333457e-01 4.954759723209692798e-12
6.450927712858084417e-01 4.254775361182554043e-12
6.471804501572835377e-01 3.652124597315708664e-12
6.492681290287586338e-01 3.127683822414577974e-12
6.513558079002337298e-01 2.665927410352460862e-12
6.534434867717088258e-01 2.266285805142468402e-12
6.555311656431839218e-01 1.925869725058919246e-12
6.576188445146590178e-01 1.640462916175687037e-12
6.597065233861342248e-01 1.403516219404479901e-12
6.617942022576093208e-01 1.206292958111301370e-12
6.638818811290844168e-01 1.041277330154966406e-12
6.659695600005595129e-01 8.945290711193859550e-13
6.680572388720346089e-01 7.619690925805282891e-13
6.701449177435097049e-01 6.421414958529175648e-13
6.722325966149848009e-01 5.363076890258516101e-13
6.743202754864598969e-01 4.474875700826245242e-13
6.764079543579349929e-01 3.781000699155199132e-13
6.784956332294101999e-01 3.274483135615573908e-13
6.805833121008852959e-01 2.904229371078341641e-13
6.826709909723603920e-01 2.597433995976159672e-13
6.847586698438354880e-01 2.298952292167401060e-13
6.868463487153105840e-01 1.995930115657085686e-13
6.889340275867856800e-01 1.696298969833488424e-13
6.910217064582607760e-01 1.419339878322857694e-13
6.931093853297358720e-01 1.178494425306338989e-13
6.951970642012109680e-01 9.900675417852827565e-14
6.972847430726861750e-01 8.815343809822655674e-14
6.993724219441612711e-01 8.380671974594722750e-14
7.014601008156363671e-01 8.185260556853045533e-14
7.035477796871114631e-01 7.887079124187806839e-14
7.056354585585865591e-01 7.297030625861927465e-14
7.077231374300616551e-01 6.428841861122162581e-14
7.098108163015367511e-01 5.470010178293297894e-14
7.118984951730118471e-01 4.385917642518406761e-14
7.139861740444869431e-01 3.280471304864622474e-14
7.160738529159621502e-01 2.558934011599370065e-14
7.181615317874372462e-01 2.856173818076710695e-14
7.202492106589123422e-01 3.337312840533381586e-14
7.223368895303874382e-01 3.582341020043038715e-14
7.244245684018625342e-01 3.554008702846007189e-14
7.265122472733376302e-01 3.255527848962022838e-14
7.285999261448127262e-01 2.962846065748430219e-14
7.306876050162878222e-01 2.691469200078513744e-14
7.327752838877629182e-01 2.459900449510676517e-14
7.348629627592380142e-01 2.311363393378831135e-14
7.369506416307132213e-01 2.218177399398202233e-14
7.390383205021883173e-01 2.110161427913983175e-14
7.411259993736634133e-01 2.021239954933998702e-14
7.432136782451385093e-01 2.151765740113098509e-14
7.453013571166136053e-01 2.447749296154877411e-14
7.473890359880887013e-01 2.670814813770776532e-14
7.494767148595637973e-01 2.590332562503913894e-14
7.515643937310388933e-01 2.452837809522834679e-14
7.536520726025139894e-01 2.206238742929709379e-14
7.557397514739891964e-01 1.935265770432027762e-14
7.578274303454642924e-01 1.665742844815641871e-14
7.599151092169393884e-01 1.436419474842476344e-14
7.620027880884144844e-01 1.317162891744413407e-14
7.640904669598895804e-01 1.426988332778109447e-14
7.661781458313646764e-01 1.722470097576597590e-14
7.682658247028397724e-01 2.024415273040716514e-14
7.703535035743148685e-01 2.263100600904576627e-14
7.724411824457899645e-01 2.321371587095126332e-14
7.745288613172651715e-01 2.183275588827902199e-14
7.766165401887402675e-01 2.021787335387950502e-14
7.787042190602153635e-01 1.833155415802507755e-14
7.807918979316904595e-01 1.734722565565846699e-14
7.828795768031655555e-01 1.527878974143979655e-14
7.849672556746406515e-01 1.627463604662637919e-14
7.870549345461157476e-01 1.840025764073227135e-14
7.891426134175908436e-01 2.034027597626326291e-14
7.912302922890659396e-01 2.072043485467746992e-14
7.933179711605411466e-01 2.029699555334765656e-14
7.954056500320162426e-01 1.910928398228497313e-14
7.974933289034913386e-01 1.530746417739514549e-14
7.995810077749664346e-01 1.128655904632230946e-14
8.016686866464415306e-01 7.246845028561875722e-15
8.037563655179166267e-01 7.784081332895168256e-15
8.058440443893917227e-01 1.213273236201574295e-14
8.079317232608668187e-01 1.538824471044720219e-14
8.100194021323419147e-01 1.665452480246887571e-14
8.121070810038171217e-01 1.740648658407068003e-14
8.141947598752922177e-01 1.629990916920426929e-14
8.162824387467673137e-01 1.513655654614718658e-14
8.183701176182424097e-01 1.406070319839647622e-14
8.204577964897175058e-01 1.187415948930942776e-14
8.225454753611926018e-01 1.173416115582055767e-14
8.246331542326676978e-01 1.326639763777034934e-14
8.267208331041427938e-01 1.772822179744363198e-14
8.288085119756178898e-01 2.107300238756497830e-14
8.308961908470930968e-01 2.397695373674249844e-14
8.329838697185681928e-01 2.336105468671109884e-14
8.350715485900432888e-01 2.004742176926620074e-14
8.371592274615183848e-01 1.382595695941039125e-14
8.392469063329934809e-01 1.309064164311795908e-14
8.413345852044685769e-01 1.973481636992741586e-14
8.434222640759436729e-01 2.670996154078368082e-14
8.455099429474187689e-01 2.857224755901058938e-14
8.475976218188938649e-01 2.703568075636461243e-14
8.496853006903690719e-01 2.355777761920681812e-14
8.517729795618441679e-01 2.080995919753110160e-14
8.538606584333192639e-01 2.535147629530049348e-14
8.559483373047943600e-01 2.859771681040401528e-14
8.580360161762694560e-01 2.873116773795417032e-14
8.601236950477445520e-01 2.617043142777688276e-14
8.622113739192196480e-01 1.954863308706896930e-14
8.642990527906947440e-01 1.876498452932418035e-14
8.663867316621698400e-01 2.476531508120116928e-14
8.684744105336450470e-01 3.189689539717815513e-14
8.705620894051201430e-01 3.287643506025083481e-14
8.726497682765952391e-01 2.968393750576620775e-14
8.747374471480703351e-01 2.240841448386537187e-14
8.768251260195454311e-01 1.927410736480414557e-14
8.789128048910205271e-01 2.641656630808648604e-14
8.810004837624956231e-01 3.443302435822605650e-14
8.830881626339707191e-01 3.817933263521314293e-14
8.851758415054458151e-01 3.677969831193006611e-14
8.872635203769209111e-01 3.312721833447255165e-14
8.893511992483961182e-01 3.431553578249450267e-14
8.914388781198712142e-01 4.176602195005469000e-14
8.935265569913463102e-01 4.860801501065931403e-14
8.956142358628214062e-01 5.081981805080105144e-14
8.977019147342965022e-01 4.753765393644364598e-14
8.997895936057715982e-01 3.982650561784672563e-14
9.018772724772466942e-01 3.137921798270077564e-14
9.039649513487217902e-01 3.315278039540983357e-14
9.060526302201968862e-01 4.397799792801083820e-14
9.081403090916720933e-01 5.241867940437602299e-14
9.102279879631471893e-01 5.036265239105347324e-14
9.123156668346222853e-01 3.692449061027134260e-14
9.144033457060973813e-01 2.490188454887227900e-14
9.164910245775724773e-01 3.827076196677856099e-14
9.185787034490475733e-01 5.312115365244957474e-14
9.206663823205226693e-01 5.716065495490093085e-14
9.227540611919977653e-01 4.886505324596701184e-14
9.248417400634728613e-01 3.536491705721011622e-14
9.269294189349480684e-01 5.168317114970770398e-14
9.290170978064231644e-01 6.902264884648222954e-14
9.311047766778982604e-01 7.333507467139985403e-14
9.331924555493733564e-01 5.567324428385144675e-14
9.352801344208484524e-01 3.430197964834239318e-14
9.373678132923235484e-01 5.053159701740073476e-14
9.394554921637986444e-01 7.399210585579104681e-14
9.415431710352737404e-01 7.594946003028550942e-14
9.436308499067488365e-01 4.935820266286399024e-14
9.457185287782240435e-01 3.199686891836749161e-14
9.478062076496991395e-01 7.104243708273514098e-14
9.498938865211742355e-01 8.825825118902325306e-14
9.519815653926493315e-01 6.868402905369373955e-14
9.540692442641244275e-01 4.495226958724003161e-14
9.561569231355995235e-01 8.270827266853335488e-14
9.582446020070746195e-01 1.044796195773737077e-13
9.603322808785497156e-01 7.892074411158612776e-14
9.624199597500248116e-01 5.592731325330435277e-14
9.645076386215000186e-01 9.723775990308878823e-14
9.665953174929751146e-01 9.939046954356597364e-14
9.686829963644502106e-01 5.068711154867527603e-14
9.707706752359253066e-01 8.346046694961992491e-14
9.728583541074004026e-01 1.087596173599103741e-13
9.749460329788754986e-01 6.255156859107533017e-14
9.770337118503505947e-01 8.077346189099133873e-14
9.791213907218256907e-01 1.024870439836513589e-13
9.812090695933007867e-01 6.167017767780768317e-14
9.832967484647759937e-01 8.724752140403715535e-14
9.853844273362510897e-01 7.618365138727058926e-14
9.874721062077261857e-01 1.179958587919718223e-13
9.895597850792012817e-01 9.771771347944295119e-14
9.916474639506763777e-01 1.347567120845343443e-13
9.937351428221514738e-01 9.397568524678313851e-14
9.958228216936265698e-01 1.391238240249835506e-13
9.979105005651016658e-01 2.588026692984864234e-13
