9.999997054970932719e-01 2.489422755229696996e-14 2.508326801132347727e-14 4.997749556362045038e-14
9.999973494927630879e-01 1.841127422757110654e-12 2.028374047521404675e-12 3.869501470278515329e-12
9.999926375850258786e-01 1.179594077547694794e-11 1.548436779871404003e-11 2.728030857419098797e-11
9.999855699757242977e-01 3.394269478340402271e-11 5.759174820219834175e-11 9.153444298560235800e-11
9.999761469676111680e-01 6.190655131137209738e-11 1.469562429236484232e-10 2.088627942350205076e-10
9.999643689643367139e-01 8.077194807245026450e-11 2.914314564302208331e-10 3.722034045026710846e-10
9.999502364704315749e-01 7.886178489795666278e-11 4.761455260108999858e-10 5.550073109088566745e-10
9.999337500912844900e-01 5.800343083022726351e-11 6.632365630183424088e-10 7.212399938485697176e-10
9.999149105331173182e-01 3.142587704015632907e-11 8.087768287330527600e-10 8.402027057732090503e-10
9.998937186029537294e-01 1.189586303739168044e-11 8.865546503500916188e-10 8.984505133874833121e-10
9.998701752085858985e-01 3.015118584033509986e-12 8.999738175590257910e-10 9.029889361430592917e-10
9.998442813585340927e-01 9.060010898770334424e-13 8.740465278935571140e-10 8.749525289834341765e-10
9.998160381620049275e-01 8.755433676384971042e-13 8.373037886982707525e-10 8.381793320659092308e-10
9.997854468288427388e-01 8.967666326853037644e-13 8.084251077226589684e-10 8.093218743553442664e-10
9.997525086694786234e-01 8.100198934031601551e-13 7.933112766480318630e-10 7.941212965414350687e-10
9.997172250948735961e-01 7.665933653659903754e-13 7.891940139382791894e-10 7.899606073036452073e-10
9.996795976164585262e-01 7.676072366387217328e-13 7.904446054111195714e-10 7.912122126477583243e-10
9.996396278460694118e-01 7.762702300670198602e-13 7.926835078515239029e-10 7.934597780815909569e-10
9.995973174958782126e-01 7.826107788771567641e-13 7.940798546702499157e-10 7.948624654491270228e-10
9.995526683783194644e-01 7.880371236142514404e-13 7.945985618485466532e-10 7.953865989721609140e-10
9.995056824060126743e-01 7.937133691306630082e-13 7.947524914799843125e-10 7.955462048491149751e-10
9.994563615916807198e-01 7.999148310952955498e-13 7.948897628010832575e-10 7.956896776321785300e-10
9.994047080480629175e-01 8.066223409934733071e-13 7.950975006339143125e-10 7.959041229749077811e-10
9.993507239878253179e-01 8.137630943661197305e-13 7.953491374909503161e-10 7.961629005853164788e-10
9.992944117234653367e-01 8.213082214577280176e-13 7.956154775872836376e-10 7.964367858087413514e-10
9.992357736672129453e-01 8.292668632606147531e-13 7.958885724202334524e-10 7.967178392834940950e-10
9.991748123309274199e-01 8.376572548972437689e-13 7.961698649424815519e-10 7.970075221973787619e-10
9.991115303259892055e-01 8.464953751075644118e-13 7.964608964330682986e-10 7.973073918081758379e-10
9.990459303631891164e-01 8.557955158791510260e-13 7.967619004088743767e-10 7.976176959247535467e-10
9.989780152526110957e-01 8.655722114514234476e-13 7.970727347908527610e-10 7.979383070023041355e-10
9.989077879035124230e-01 8.758407374697208211e-13 7.973933232174481128e-10 7.982691639549178638e-10
9.988352513241989250e-01 8.866170005054853038e-13 7.977236462175908526e-10 7.986102632180963520e-10
9.987604086218964117e-01 8.979174595204851586e-13 7.980636914620787803e-10 7.989616089215992960e-10
9.986832630026171165e-01 9.097591250929340777e-13 7.984134459793152351e-10 7.993232051044081788e-10
9.986038177710224728e-01 9.221595692237369331e-13 7.987728989317844550e-10 7.996950585010081675e-10
9.985220763302818936e-01 9.351369293018743827e-13 7.991420419171899879e-10 8.000771788464918201e-10
9.984380421819266660e-01 9.487099105273310050e-13 7.995208681704958885e-10 8.004695780810231987e-10
9.983517189256999602e-01 9.628977888408454364e-13 7.999093719065930652e-10 8.008722696954338832e-10
9.982631102594027306e-01 9.777204141225594364e-13 8.003075477716190065e-10 8.012852681857416116e-10
9.981722199787353977e-01 9.931982133839545930e-13 8.007153902905853858e-10 8.017085885039693547e-10
9.980790519771350899e-01 1.009352193977807873e-12 8.011328933410373511e-10 8.021422455350152040e-10
9.979836102456088875e-01 1.026203946986600686e-12 8.015600497079588042e-10 8.025862536549453687e-10
9.978858988725629597e-01 1.043775650752161566e-12 8.019968507016758590e-10 8.030406263524280414e-10
9.977859220436271492e-01 1.062090074412716118e-12 8.024432857951257351e-10 8.035053758695384882e-10
9.976836840414762264e-01 1.081170581480940162e-12 8.028993423030911087e-10 8.039805128845720937e-10
9.975791892456459253e-01 1.101041133572272581e-12 8.033650051497766298e-10 8.044660462833488776e-10
9.974724421323454271e-01 1.121726294262734838e-12 8.038402567027410401e-10 8.049619829970037895e-10
9.973634472742658463e-01 1.143251232972678048e-12 8.043250766251152561e-10 8.054683278580878885e-10
9.972522093403840548e-01 1.165641728907471215e-12 8.048194417629596020e-10 8.059850834918670914e-10
9.971387330957630635e-01 1.188924175137612212e-12 8.053233261084573740e-10 8.065122502835949781e-10
9.970230234013474080e-01 1.213125582796986452e-12 8.058367008147492908e-10 8.070498263975463215e-10
9.969050852137553154e-01 1.238273585308081221e-12 8.063595342152153837e-10 8.075978078005234918e-10
9.967849235850660961e-01 1.264396442664904140e-12 8.068917918608585974e-10 8.081561883035235092e-10
9.966625436626042056e-01 1.291523045849121936e-12 8.074334366087523177e-10 8.087249596546014752e-10
9.965379506887180883e-01 1.319682921363881805e-12 8.079844287362726698e-10 8.093041116576365442e-10
9.964111500005561339e-01 1.348906235812378888e-12 8.085447260407615815e-10 8.098936322765739485e-10
9.962821470298376392e-01 1.379223800533365722e-12 8.091142839413885952e-10 8.104935077419219171e-10
9.961509473026206596e-01 1.410667076369191935e-12 8.096930556136683234e-10 8.111037226900375170e-10
9.960175564390648661e-01 1.443268178537421658e-12 8.102809921312920421e-10 8.117242603098295130e-10
9.958819801531907379e-01 1.477059881546901598e-12 8.108780425784212843e-10 8.123551024599682065e-10
9.957442242526353127e-01 1.512075624184239825e-12 8.114841541506126639e-10 8.129962297747969168e-10
9.956042946384027204e-01 1.548349514629991170e-12 8.120992722741170685e-10 8.136476217887470800e-10
9.954621973046120509e-01 1.585916335686549969e-12 8.127233407210012807e-10 8.143092570566878582e-10
9.953179383382400047e-01 1.624811550047479992e-12 8.133563016900735392e-10 8.149811132401210475e-10
9.951715239188607676e-01 1.665071305637970801e-12 8.139980958755879190e-10 8.156631671812258406e-10
9.950229603183805560e-01 1.706732441089359762e-12 8.146486625504561168e-10 8.163553949915455129e-10
9.948722539007696097e-01 1.749832491322900675e-12 8.153079396392849137e-10 8.170577721306078383e-10
9.947194111217894097e-01 1.794409693175954678e-12 8.159758637555955807e-10 8.177702734487714930e-10
9.945644385287156775e-01 1.840502991096776982e-12 8.166523702299553606e-10 8.184928732210521602e-10
9.944073427600587101e-01 1.888152042977902382e-12 8.173373931549021641e-10 8.192255451978800895e-10
9.942481305452783857e-01 1.937397226098554638e-12 8.180308654201277666e-10 8.199682626462262764e-10
9.940868087044958390e-01 1.988279643115127250e-12 8.187327187143236617e-10 8.207209983574387579e-10
9.939233841482020271e-01 2.040841128128474482e-12 8.194428835237854009e-10 8.214837246519139081e-10
9.937578638769610784e-01 2.095124252880905781e-12 8.201612891528191390e-10 8.222564134057000144e-10
9.935902549811103102e-01 2.151172333072456547e-12 8.208878637355000065e-10 8.230390360685724146e-10
9.934205646404571377e-01 2.209029434714429713e-12 8.216225342148602460e-10 8.238315636495746899e-10
9.932488001239707653e-01 2.268740380556766810e-12 8.223652263231042918e-10 8.246339667036610421e-10
9.930749687894717681e-01 2.330350756649760773e-12 8.231158645889097770e-10 8.254462153455595309e-10
9.928990780833155672e-01 2.393906919030431477e-12 8.238743723390629723e-10 8.262682792580934070e-10
9.927211355400749060e-01 2.459456000463275484e-12 8.246406716694262980e-10 8.271001276698895254e-10
9.925411487822159984e-01 2.527045917248111515e-12 8.254146834190733165e-10 8.279417293363214482e-10
9.923591255197723449e-01 2.596725376150048167e-12 8.261963271726073197e-10 8.287930525487573238e-10
9.921750735500149965e-01 2.668543881452178084e-12 8.269855212569408046e-10 8.296540651383929386e-10
9.919890007571174895e-01 2.742551742073347972e-12 8.277821827089575710e-10 8.305247344510308766e-10
9.918009151118191147e-01 2.818800078758459204e-12 8.285862272493950110e-10 8.314050273281534896e-10
9.916108246710828578e-01 2.897340831393927131e-12 8.293975692866488291e-10 8.322949101180427898e-10
9.914187375777506750e-01 2.978226766445767513e-12 8.302161219145861837e-10 8.331943486810319088e-10
9.912246620601941061e-01 3.061511484462438904e-12 8.310417968805656439e-10 8.341033083650281002e-10
9.910286064319625554e-01 3.147249427658732987e-12 8.318745045596875740e-10 8.350217539873463018e-10
9.908305790914264666e-01 3.235495887612718449e-12 8.327141539586104346e-10 8.359496498462231797e-10
9.906305885214181650e-01 3.326307013085282065e-12 8.335606527136393751e-10 8.368869597267246458e-10
9.904286432888680380e-01 3.419739817913270281e-12 8.344139070610887656e-10 8.378336468790020706e-10
9.902247520444376061e-01 3.515852188997063076e-12 8.352738218143543018e-10 8.387896740033513338e-10
9.900189235221492634e-01 3.614702894402117399e-12 8.361403003682103114e-10 8.397550032626124684e-10
9.898111665390119107e-01 3.716351591576542070e-12 8.370132446967196754e-10 8.407295962882961738e-10
9.896014899946431465e-01 3.820858835649923797e-12 8.378925553253891712e-10 8.417134141610390893e-10
9.893899028708882382e-01 3.928286087822098980e-12 8.387781313096792165e-10 8.427064173975013558e-10
9.891764142314354302e-01 4.038695723878439725e-12 8.396698702378962101e-10 8.437085659617746781e-10
9.889610332214275878e-01 4.152151042812952424e-12 8.405676682281911069e-10 8.447198192710040504e-10
9.887437690670700663e-01 4.268716275537218952e-12 8.414714199035504391e-10 8.457401361790876460e-10
9.885246310752363597e-01 4.388456593687660870e-12 8.423810183732473083e-10 8.467694749669350071e-10
9.883036286330685316e-01 4.511438118565779380e-12 8.432963552346263374e-10 8.478077933531921661e-10
9.880807712075757587e-01 4.637727930195787074e-12 8.442173205681334530e-10 8.488550484983292611e-10
9.878560683452284330e-01 4.767394076471600227e-12 8.451438029133794494e-10 8.499111969898510642e-10
9.876295296715492666e-01 4.900505582392477549e-12 8.460756892516064481e-10 8.509761948339989120e-10
9.874011648907009553e-01 5.037132459428697543e-12 8.470128650056363027e-10 8.520499974650649663e-10
9.871709837850708436e-01 5.177345715011063356e-12 8.479552140345227722e-10 8.531325597495338040e-10
9.869389962148513717e-01 5.321217362122032089e-12 8.489026186128946503e-10 8.542238359750167050e-10
9.867052121176177470e-01 5.468820429005009767e-12 8.498549594149606773e-10 8.553237798439657000e-10
9.864696415079028391e-01 5.620228968991071232e-12 8.508121155120666685e-10 8.564323444810577082e-10
9.862322944767673016e-01 5.775518070454215324e-12 8.517739643658402553e-10 8.575494824362945005e-10
9.859931811913682509e-01 5.934763866860671477e-12 8.527403818089310184e-10 8.586751456757917327e-10
9.857523118945227258e-01 6.098043546919135278e-12 8.537112420293937315e-10 8.598092855763128328e-10
9.855096969042699273e-01 6.265435364879698615e-12 8.546864175666676431e-10 8.609518529315473021e-10
9.852653466134284610e-01 6.437018650983045591e-12 8.556657793056243952e-10 8.621027979566074755e-10
9.850192714891515822e-01 6.612873822031190681e-12 8.566491964603759624e-10 8.632620702824071054e-10
9.847714820724786655e-01 6.793082392041290361e-12 8.576365365585369207e-10 8.644296189505782337e-10
9.845219889778833444e-01 6.977726983028234016e-12 8.586276654343804586e-10 8.656053924174086748e-10
9.842708028928197628e-01 7.166891335938335847e-12 8.596224472225251272e-10 8.667893385584634736e-10
9.840179345772636088e-01 7.360660321733959793e-12 8.606207443438351342e-10 8.679814046655691085e-10
9.837633948632518166e-01 7.559119952598937039e-12 8.616224174903999834e-10 8.691815374429989480e-10
9.835071946544188259e-01 7.762357393262490893e-12 8.626273256177395395e-10 8.703896830110020030e-10
9.832493449255286233e-01 7.970460972465708944e-12 8.636353259384929493e-10 8.716057869109586405e-10
9.829898567220055616e-01 8.183520194568789416e-12 8.646462739098997804e-10 8.728297941044686167e-10
9.827287411594606281e-01 8.401625751314631914e-12 8.656600232196192506e-10 8.740616489709338485e-10
9.824660094232153806e-01 8.624869533724628452e-12 8.666764257770298383e-10 8.753012953107544329e-10
9.822016727678229975e-01 8.853344644157210325e-12 8.676953317065384261e-10 8.765486763506956008e-10
9.819357425165859965e-01 9.087145408511486028e-12 8.687165893359542763e-10 8.778037347444657106e-10
9.816682300610712897e-01 9.326367388581056074e-12 8.697400451827167849e-10 8.790664125712978394e-10
9.813991468606222401e-01 9.571107394538824461e-12 8.707655439451599365e-10 8.803366513396987723e-10
9.811285044418672774e-01 9.821463497594256298e-12 8.717929284963376085e-10 8.816143919939318244e-10
9.808563143982270693e-01 1.007753504282785079e-11 8.728220398735480518e-10 8.828995749163758557e-10
9.805825883894171424e-01 1.033942266221153601e-11 8.738527172658936119e-10 8.841921399281051253e-10
9.803073381409487252e-01 1.060722828777732931e-11 8.748847980053469713e-10 8.854920262931242489e-10
9.800305754436261507e-01 1.088105516493168009e-11 8.759181175590229042e-10 8.867991727239545633e-10
9.797523121530424817e-01 1.116100786594289201e-11 8.769525095193451674e-10 8.881135173852880933e-10
9.794725601890708067e-01 1.144719230363533069e-11 8.779878055940668760e-10 8.894349978977022132e-10
9.791913315353543146e-01 1.173971574526332345e-11 8.790238355977255213e-10 8.907635513429888609e-10
9.789086382387922614e-01 1.203868682657862740e-11 8.800604274431359347e-10 8.920991142697145363e-10
9.786244924090249375e-01 1.234421556607704516e-11 8.810974071321663971e-10 8.934416226982434584e-10
9.783389062179137508e-01 1.265641337943736811e-11 8.821345987471431980e-10 8.947910121265805629e-10
9.780518918990206423e-01 1.297539309416384322e-11 8.831718244433300133e-10 8.961472175374938371e-10
9.777634617470838396e-01 1.330126896442471089e-11 8.842089044403346355e-10 8.975101734047593269e-10
9.774736281174910557e-01 1.363415668610763354e-11 8.852456570129554967e-10 8.988798136990631738e-10
9.771824034257503566e-01 1.397417341210266045e-11 8.862818984844453166e-10 9.002560718965479415e-10
9.768898001469582537e-01 1.432143776780751184e-11 8.873174432195158429e-10 9.016388809873233741e-10
9.765958308152653533e-01 1.467606986683059465e-11 8.883521036142148145e-10 9.030281734810454189e-10
9.763005080233394528e-01 1.503819132692048328e-11 8.893856900880303164e-10 9.044238814149508384e-10
9.760038444218259723e-01 1.540792528614838836e-11 8.904180110801740497e-10 9.058259363663224090e-10
9.757058527188061658e-01 1.578539641932958534e-11 8.914488730428336065e-10 9.072342694621632113e-10
9.754065456792531119e-01 1.617073095468980170e-11 8.924780804309707476e-10 9.086488113856605299e-10
9.751059361244838186e-01 1.656405669080075125e-11 8.935054356957500727e-10 9.100694923865508401e-10
9.748040369316113285e-01 1.696550301380659365e-11 8.945307392806554080e-10 9.114962422944620243e-10
9.745008610329922716e-01 1.737520091489028928e-11 8.955537896146511934e-10 9.129289905295415053e-10
9.741964214156730861e-01 1.779328300797153553e-11 8.965743831043492892e-10 9.143676661123207891e-10
9.738907311208335749e-01 1.821988354769709539e-11 8.975923141292438984e-10 9.158121976769409453e-10
9.735838032432286848e-01 1.865513844775449214e-11 8.986073750374074364e-10 9.172625134851619447e-10
9.732756509306271786e-01 1.909918529949208408e-11 8.996193561392532784e-10 9.187185414387453463e-10
9.729662873832485293e-01 1.955216339086374299e-11 9.006280457018953183e-10 9.201802090927590839e-10
9.726557258531973726e-01 2.001421372567562797e-11 9.016332299443511488e-10 9.216474436700267606e-10
9.723439796438959615e-01 2.048547904313214669e-11 9.026346930323383709e-10 9.231201720754705467e-10
9.720310621095145098e-01 2.096610383772822096e-11 9.036322170750634793e-10 9.245983209127916906e-10
9.717169866543986512e-01 2.145623437949259991e-11 9.046255821223121508e-10 9.260818165018047087e-10
9.714017667324956751e-01 2.195601873458642155e-11 9.056145661581673247e-10 9.275705848927537107e-10
9.710854158467776553e-01 2.246560678625630184e-11 9.065989450967734180e-10 9.290645518830297198e-10
9.707679475486636900e-01 2.298515025618765006e-11 9.075784927818904743e-10 9.305636430380780759e-10
9.704493754374392545e-01 2.351480272622908769e-11 9.085529809824015398e-10 9.320677837086306760e-10
9.701297131596731127e-01 2.405471966051157143e-11 9.095221793871505391e-10 9.335768990476620394e-10
9.698089744086334507e-01 2.460505842801086884e-11 9.104858556056414492e-10 9.350909140336524182e-10
9.694871729237007907e-01 2.516597832553996114e-11 9.114437751660373503e-10 9.366097534915774019e-10
9.691643224897796838e-01 2.573764060115531415e-11 9.123957015097355680e-10 9.381333421108908240e-10
9.688404369367081825e-01 2.632020847799850156e-11 9.133413959922978380e-10 9.396616044702963396e-10
9.685155301386655369e-01 2.691384717862044600e-11 9.142806178832510594e-10 9.411944650618715280e-10
9.681896160135774476e-01 2.751872394978319543e-11 9.152131243601761579e-10 9.427318483099594567e-10
9.678627085225204318e-01 2.813500808776240871e-11 9.161386705100720039e-10 9.442736785978345031e-10
9.675348216691233016e-01 2.876287096418001549e-11 9.170570093332375774e-10 9.458198802974175767e-10
9.672059694989675327e-01 2.940248605237166454e-11 9.179678917376056779e-10 9.473703777899773489e-10
9.668761660989856344e-01 3.005402895427530554e-11 9.188710665374857129e-10 9.489250954917610637e-10
9.665454255968575215e-01 3.071767742787880599e-11 9.197662804605625766e-10 9.504839578884414407e-10
9.662137621604057758e-01 3.139361141526083441e-11 9.206532781456421690e-10 9.520468895609029970e-10
9.658811899969877990e-01 3.208201307125557338e-11 9.215318021385824948e-10 9.536138152098380552e-10
9.655477233528884096e-01 3.278306679272228579e-11 9.224015928997581408e-10 9.551846596924803878e-10
9.652133765127086651e-01 3.349695924846021121e-11 9.232623888069516860e-10 9.567593480554118197e-10
9.648781637987544624e-01 3.422387940977483473e-11 9.241139261506082701e-10 9.583378055603830854e-10
9.645420995704229172e-01 3.496401858172507398e-11 9.249559391390696814e-10 9.599199577207947683e-10
9.642051982235868568e-01 3.571757043508445237e-11 9.257881599055269142e-10 9.615057303406113924e-10
9.638674741899786458e-01 3.648473103907575077e-11 9.266103185053589212e-10 9.630950495444346073e-10
9.635289419365721253e-01 3.726569889484820242e-11 9.274221429190497698e-10 9.646878418138978947e-10
9.631896159649621092e-01 3.806067496975021592e-11 9.282233590612334485e-10 9.662840340309837420e-10
9.628495108107437694e-01 3.886986273239157740e-11 9.290136907814809289e-10 9.678835535138724093e-10
9.625086410428902450e-01 3.969346818853698223e-11 9.297928598659385005e-10 9.694863280544754569e-10
9.621670212631276975e-01 4.053169991786937294e-11 9.305605860464611890e-10 9.710922859643306201e-10
9.618246661053104773e-01 4.138476911165763758e-11 9.313165870043215238e-10 9.727013561159792454e-10
9.614815902347941812e-01 4.225288961139130806e-11 9.320605783721777109e-10 9.743134679835690706e-10
9.611378083478071543e-01 4.313627794835678398e-11 9.327922737435707001e-10 9.759285516919275422e-10
9.607933351708213277e-01 4.403515338421595702e-11 9.335113846791665040e-10 9.775465380633825127e-10
9.604481854599210555e-01 4.494973795261366082e-11 9.342176207089244446e-10 9.791673586615380860e-10
9.601023740001712881e-01 4.588025650186085611e-11 9.349106893414802770e-10 9.807909458433410879e-10
9.597559156049839668e-01 4.682693673872031852e-11 9.355902960736631091e-10 9.824172328123833436e-10
9.594088251154835323e-01 4.779000927337788936e-11 9.362561443936335176e-10 9.840461536670113294e-10
9.590611173998715433e-01 4.876970766556282894e-11 9.369079357878974199e-10 9.856776434534603264e-10
9.587128073527891869e-01 4.976626847191226248e-11 9.375453697529471931e-10 9.873116382248594879e-10
9.583639098946795665e-01 5.077993129461150682e-11 9.381681438033333028e-10 9.889480750979447903e-10
9.580144399711485459e-01 5.181093883135367919e-11 9.387759534778520273e-10 9.905868923092057776e-10
9.576644125523245954e-01 5.285953692668863974e-11 9.393684923481983875e-10 9.922280292748869691e-10
9.573138426322174155e-01 5.392597462481606877e-11 9.399454520300989639e-10 9.938714266549150650e-10
9.569627452280754509e-01 5.501050422387426083e-11 9.405065221943837089e-10 9.955170264182580020e-10
9.566111353797430716e-01 5.611338133170396293e-11 9.410513905743925223e-10 9.971647719060965305e-10
9.562590281490158661e-01 5.723486492320803796e-11 9.415797429740932017e-10 9.988146078973011427e-10
9.559064386189957130e-01 5.837521739939013024e-11 9.420912632824766598e-10 1.000466480681866893e-09
9.555533818934446311e-01 5.953470464809310334e-11 9.425856334861509563e-10 1.002120338134243995e-09
9.551998730961375195e-01 6.071359610650672658e-11 9.430625336756028479e-10 1.003776129782109613e-09
9.548459273702147865e-01 6.191216482552999110e-11 9.435216420559374883e-10 1.005433806881467389e-09
9.544915598775333132e-01 6.313068753605118595e-11 9.439626349634640194e-10 1.007093322499515218e-09
9.541367857980170841e-01 6.436944471721747920e-11 9.443851868774132054e-10 1.008754631594630723e-09
9.537816203290068184e-01 6.562872066674127636e-11 9.447889704282640396e-10 1.010417691095005316e-09
9.534260786846092683e-01 6.690880357335268582e-11 9.451736564108196084e-10 1.012082459984172191e-09
9.530701760950448520e-01 6.820998559151321186e-11 9.455389137997715290e-10 1.013748899391284818e-09
9.527139278059962857e-01 6.953256291845485909e-11 9.458844097626982652e-10 1.015416972681153073e-09
9.523573490779544404e-01 7.087683587356774482e-11 9.462098096713116817e-10 1.017086645544879478e-09
9.520004551855651975e-01 7.224310898027398377e-11 9.465147771141799096e-10 1.018757886094453932e-09
9.516432614169751947e-01 7.363169105052579026e-11 9.467989739121867312e-10 1.020430664962712483e-09
9.512857830731765718e-01 7.504289527200833183e-11 9.470620601335515257e-10 1.022104955405559896e-09
9.509280354673518287e-01 7.647703929814995628e-11 9.473036941062903317e-10 1.023780733404440378e-09
9.505700339242175723e-01 7.793444534101882665e-11 9.475235324317605159e-10 1.025457977772779381e-09
9.502117937793685964e-01 7.941544026727738453e-11 9.477212300003240584e-10 1.027136670267601495e-09
9.498533303786202975e-01 8.092035569730903796e-11 9.478964400060304224e-10 1.028816795703339538e-09
9.494946590773517547e-01 8.244952810758408873e-11 9.480488139609888172e-10 1.030498342068572906e-09
9.491357952398477016e-01 8.400329893646277601e-11 9.481780017104743772e-10 1.032181300646937179e-09
9.487767542386406072e-01 8.558201469353094986e-11 9.482836514471910306e-10 1.033865666140722071e-09
9.484175514538518703e-01 8.718602707268819797e-11 9.483654097261530990e-10 1.035551436798841232e-09
9.480582022725333458e-01 8.881569306906271661e-11 9.484229214811370924e-10 1.037238614550199822e-09
9.476987220880079832e-01 9.047137509991280450e-11 9.484558300396524379e-10 1.038927205139565333e-09
9.473391262992104656e-01 9.215344112973353602e-11 9.484637771365159266e-10 1.040617218266249385e-09
9.469794303100274036e-01 9.386226479974745293e-11 9.484464029292149398e-10 1.042308667728962354e-09
9.466196495286379742e-01 9.559822556191974021e-11 9.484033460144510605e-10 1.044001571576370788e-09
9.462597993668533380e-01 9.736170881768595318e-11 9.483342434430125746e-10 1.045695952260698437e-09
9.458998952394568338e-01 9.915310606158785962e-11 9.482387307336078257e-10 1.047391836795195595e-09
9.455399525635432845e-01 1.009728150300895262e-10 9.481164418881637135e-10 1.049089256918253175e-09
9.451799867578589698e-01 1.028212398557584341e-10 9.479670094074343856e-10 1.050788249263192910e-09
9.448200132421410435e-01 1.046987912270572696e-10 9.477900643043324935e-10 1.052488855531389841e-09
9.444600474364567289e-01 1.066058865539962641e-10 9.475852361180131834e-10 1.054191122672009357e-09
9.441001047605432905e-01 1.085429501398845950e-10 9.473521529304007512e-10 1.055895103070285295e-09
9.437402006331466753e-01 1.105104133593969488e-10 9.470904413794593080e-10 1.057600854738856321e-09
9.433803504713620391e-01 1.125087148432769933e-10 9.467997266695515628e-10 1.059308441512828569e-09
9.430205696899726098e-01 1.145383006700211433e-10 9.464796325862792699e-10 1.061017933256300504e-09
9.426608737007895478e-01 1.165996245648278536e-10 9.461297815127865453e-10 1.062729406077614347e-09
9.423012779119920301e-01 1.186931481061496717e-10 9.457497944398866250e-10 1.064442942546036245e-09
9.419417977274666676e-01 1.208193409401734160e-10 9.453392909748401128e-10 1.066158631915013555e-09
9.415824485461481430e-01 1.229786810035778980e-10 9.448978893554579961e-10 1.067876570359035946e-09
9.412232457613594061e-01 1.251716547549757366e-10 9.444252064634275255e-10 1.069596861218403314e-09
9.408642047601523117e-01 1.273987574154191450e-10 9.439208578318329407e-10 1.071319615247252163e-09
9.405053409226482586e-01 1.296604932184386911e-10 9.433844576534723586e-10 1.073044950871910998e-09
9.401466696213797158e-01 1.319573756700398119e-10 9.428156187918828494e-10 1.074772994461922739e-09
9.397882062206314169e-01 1.342899278191065533e-10 9.422139527894455663e-10 1.076503880608552094e-09
9.394299660757824411e-01 1.366586825387150206e-10 9.415790698735656115e-10 1.078237752412280658e-09
9.390719645326481846e-01 1.390641828189132844e-10 9.409105789631796733e-10 1.079974761782092854e-09
9.387142169268234415e-01 1.415069820715081230e-10 9.402080876740731426e-10 1.081715069745581188e-09
9.383567385830248186e-01 1.439876444474386877e-10 9.394712023235904934e-10 1.083458846771029284e-09
9.379995448144348158e-01 1.465067451673589764e-10 9.386995279335390998e-10 1.085206273100898025e-09
9.376426509220455729e-01 1.490648708660716532e-10 9.378926682306001386e-10 1.086957539096671766e-09
9.372860721940037276e-01 1.516626199515214354e-10 9.370502256477418265e-10 1.088712845599263210e-09
9.369298239049551613e-01 1.543006029791199374e-10 9.361718013249926283e-10 1.090472404304112514e-09
9.365739213153907450e-01 1.569794430421156734e-10 9.352569951060278951e-10 1.092236438148143620e-09
9.362183796709931949e-01 1.596997761788428866e-10 9.343054055321957597e-10 1.094005181711038672e-09
9.358632142019829292e-01 1.624622517977487647e-10 9.333166298370629142e-10 1.095778881634811731e-09
9.355084401224667001e-01 1.652675331211297755e-10 9.322902639421821336e-10 1.097557797063311961e-09
9.351540726297852268e-01 1.681162976485578723e-10 9.312259024478008664e-10 1.099342200096358816e-09
9.348001269038624939e-01 1.710092376409929114e-10 9.301231386166451855e-10 1.101132376257638200e-09
9.344466181065553823e-01 1.739470606267268459e-10 9.289815643606652533e-10 1.102928624987392125e-09
9.340935613810043003e-01 1.769304899303672786e-10 9.278007702297271420e-10 1.104731260160094395e-09
9.337409718509841472e-01 1.799602652260874697e-10 9.265803453923547248e-10 1.106540610618442220e-09
9.333888646202569417e-01 1.830371431164732929e-10 9.253198776112311712e-10 1.108357020727704542e-09
9.330372547719245624e-01 1.861618977384174473e-10 9.240189532189692760e-10 1.110180850957386749e-09
9.326861573677825978e-01 1.893353213975851588e-10 9.226771570937378585e-10 1.112012478491323121e-09
9.323355874476754179e-01 1.925582252330522777e-10 9.212940726312185822e-10 1.113852297864270886e-09
9.319855600288514674e-01 1.958314399138524365e-10 9.198692817086439673e-10 1.115700721622496455e-09
9.316360901053204469e-01 1.991558163692846018e-10 9.184023646454369319e-10 1.117558181014721456e-09
9.312871926472108264e-01 2.025322265549181236e-10 9.168929001652224192e-10 1.119425126720140517e-09
9.309388826001284700e-01 2.059615642564898155e-10 9.153404653532123961e-10 1.121302029609702263e-09
9.305911748845164810e-01 2.094447459339257584e-10 9.137446356059332278e-10 1.123189381539859012e-09
9.302440843950160465e-01 2.129827116079197106e-10 9.121049845761149767e-10 1.125087696184034661e-09
9.298976259998287253e-01 2.165764257916812141e-10 9.104210841146555829e-10 1.126997509906336900e-09
9.295518145400789578e-01 2.202268784706389813e-10 9.086925042100108593e-10 1.128919382680649789e-09
9.292066648291786857e-01 2.239350861331606187e-10 9.069188129200263308e-10 1.130853899053187027e-09
9.288621916521928590e-01 2.277020928555109462e-10 9.050995762946527155e-10 1.132801669150163584e-09
9.285184097652059432e-01 2.315289714444710084e-10 9.032343582961128625e-10 1.134763329740583819e-09
9.281753338946895360e-01 2.354168246413558596e-10 9.013227207149944119e-10 1.136739545356350323e-09
9.278329787368723158e-01 2.393667863916732923e-10 8.993642230755714258e-10 1.138731009467244821e-09
9.274913589571097683e-01 2.433800231847124916e-10 8.973584225332078323e-10 1.140738445717920324e-09
9.271504891892561329e-01 2.474577354678056192e-10 8.953048737673326624e-10 1.142762609235138282e-09
9.268103840350379041e-01 2.516011591403120035e-10 8.932031288662937168e-10 1.144804288006605669e-09
9.264710580634278880e-01 2.558115671330223779e-10 8.910527372007135258e-10 1.146864304333735955e-09
9.261325258100213675e-01 2.600902710791213620e-10 8.888532452871020521e-10 1.148943516366223414e-09
9.257948017764131565e-01 2.644386230831127363e-10 8.866041966441256842e-10 1.151042819727238369e-09
9.254579004295770961e-01 2.688580175948076666e-10 8.843051316385561179e-10 1.153163149233363784e-09
9.251218362012454399e-01 2.733498933963541382e-10 8.819555873176827364e-10 1.155305480714036926e-09
9.247866234872913482e-01 2.779157357111169186e-10 8.795550972296212713e-10 1.157470832940738242e-09
9.244522766471116038e-01 2.825570784434822204e-10 8.771031912339117761e-10 1.159660269677394048e-09
9.241188100030122143e-01 2.872755065595808013e-10 8.745993952989673227e-10 1.161874901858548021e-09
9.237862378395942375e-01 2.920726586204104062e-10 8.720432312775744956e-10 1.164115889897984850e-09
9.234545744031423808e-01 2.969502294801652553e-10 8.694342166647520868e-10 1.166384446144917342e-09
9.231238339010143790e-01 3.019099731634109759e-10 8.667718643503729110e-10 1.168681837513783835e-09
9.227940305010324806e-01 3.069537059358372712e-10 8.640556823573365332e-10 1.171009388293173856e-09
9.224651783308768227e-01 3.120833095853553302e-10 8.612851735475709776e-10 1.173368483132926204e-09
9.221372914774795815e-01 3.173007349327677389e-10 8.584598353003572835e-10 1.175760570233125074e-09
9.218103839864225657e-01 3.226080055928960148e-10 8.555791591760040717e-10 1.178187164768900138e-09
9.214844698613344764e-01 3.280072220090475455e-10 8.526426305648275584e-10 1.180649852573875052e-09
9.211595630632918308e-01 3.335005657867976244e-10 8.496497283095823795e-10 1.183150294096380004e-09
9.208356775102203295e-01 3.390903043569518376e-10 8.465999242863203852e-10 1.185690228643272275e-09
9.205128270762992226e-01 3.447787960005040377e-10 8.434926829467517257e-10 1.188271478947255763e-09
9.201910255913665626e-01 3.505684952726490967e-10 8.403274608409129372e-10 1.190895956113562086e-09
9.198702868403269006e-01 3.564619588683278158e-10 8.371037061169728934e-10 1.193565664985300658e-09
9.195506245625607589e-01 3.624618519771073283e-10 8.338208579682523301e-10 1.196282709945359555e-09
9.192320524513363234e-01 3.685709551810614242e-10 8.304783460177005530e-10 1.199049301198762029e-09
9.189145841532223580e-01 3.747921719575256124e-10 8.270755896631219090e-10 1.201867761620647470e-09
9.185982332675044493e-01 3.811285368568191544e-10 8.236119973901855369e-10 1.204740534247004795e-09
9.182830133456013622e-01 3.875832244342928477e-10 8.200869660273500825e-10 1.207670190461642930e-09
9.179689378904855035e-01 3.941595590268659698e-10 8.164998799174590651e-10 1.210659438944325035e-09
9.176560203561040518e-01 4.008610254758003011e-10 8.128501100114784898e-10 1.213711135487278791e-09
9.173442741468026407e-01 4.076912809102421399e-10 8.091370128993747304e-10 1.216828293809616974e-09
9.170337126167514841e-01 4.146541677225272133e-10 8.053599297666014742e-10 1.220014097489128687e-09
9.167243490693728347e-01 4.217537278808328948e-10 8.015181852479539229e-10 1.223271913128786766e-09
9.164161967567713285e-01 4.289942187392263188e-10 7.976110861611869143e-10 1.226605304900413285e-09
9.161092688791664385e-01 4.363801305242338368e-10 7.936379201226387284e-10 1.230018050646872669e-09
9.158035785843270382e-01 4.439162056952124280e-10 7.895979540430736604e-10 1.233514159738285985e-09
9.154991389670077417e-01 4.516074603896221914e-10 7.854904324804223482e-10 1.237097892870044488e-09
9.151959630683886848e-01 4.594592081795128147e-10 7.813145758163221858e-10 1.240773783995835052e-09
9.148940638755161947e-01 4.674770863794189668e-10 7.770695782461520837e-10 1.244546664625571051e-09
9.145934543207470124e-01 4.756670851509223222e-10 7.727546055836319470e-10 1.248421690734554166e-09
9.142941472811938475e-01 4.840355796497205187e-10 7.683687928434218700e-10 1.252404372493142389e-09
9.139961555781741520e-01 4.925893654556665191e-10 7.639112415571524526e-10 1.256500607012818972e-09
9.136994919766606715e-01 5.013356975058238284e-10 7.593810168171823100e-10 1.260716714323006138e-09
9.134041691847346600e-01 5.102823327155754881e-10 7.547771440499171537e-10 1.265059476765492538e-09
9.131101998530417596e-01 5.194375764229185398e-10 7.500986054697003606e-10 1.269536181892618900e-09
9.128175965742496567e-01 5.288103327171854096e-10 7.453443361546688712e-10 1.274154668871854384e-09
9.125263718825089576e-01 5.384101586131840307e-10 7.405132197461913467e-10 1.278923378359375481e-09
9.122365382529161737e-01 5.482473219060816923e-10 7.356040837870382964e-10 1.283851405693120092e-09
9.119481081009793710e-01 5.583328623801520311e-10 7.306156946598535700e-10 1.288948557040005705e-09
9.116610937820862626e-01 5.686786558433272299e-10 7.255467520741987508e-10 1.294225407917526084e-09
9.113755075909750758e-01 5.792974802241065941e-10 7.203958831181848743e-10 1.299693363342291468e-09
9.110913617612077520e-01 5.902030826903186658e-10 7.151616359127403324e-10 1.305364718603059102e-09
9.108086684646458098e-01 6.014102464240903243e-10 7.098424728709705527e-10 1.311252719295060877e-09
9.105274398109292067e-01 6.129348553243131047e-10 7.044367635849852036e-10 1.317371618909298412e-09
9.102476878469575317e-01 6.247939545137352695e-10 6.989427774041228228e-10 1.323736731917858092e-09
9.099694245563738626e-01 6.370058040956509659e-10 6.933586757752434555e-10 1.330364479870894525e-09
9.096926618590513991e-01 6.495899231410622281e-10 6.876825044442978307e-10 1.337272427585360059e-09
9.094174116105828709e-01 6.625671204210608952e-10 6.819121856779698334e-10 1.344479306099030625e-09
9.091436856017729440e-01 6.759595079453261644e-10 6.760455106695716999e-10 1.352005018614897968e-09
9.088714955581327359e-01 6.897904929154790958e-10 6.700801322935565506e-10 1.359870625209035543e-09
9.086008531393778842e-01 7.040847432811552437e-10 6.640135584466841630e-10 1.368098301727839407e-09
9.083317699389287236e-01 7.188681217549573690e-10 6.578431462889907143e-10 1.376711268043948187e-09
9.080642574834140168e-01 7.341675829076763720e-10 6.515660977160280312e-10 1.385733680623704300e-09
9.077983272321770158e-01 7.500110278201949511e-10 6.451794563871797068e-10 1.395190484207374658e-09
9.075339905767846327e-01 7.664271107660537834e-10 6.386801066670661644e-10 1.405107217433119948e-09
9.072712588405393852e-01 7.834449926005276679e-10 6.320647749390768649e-10 1.415509767539604429e-09
9.070101432779944517e-01 8.010940359391807181e-10 6.253300338094576607e-10 1.426424069748638275e-09
9.067506550744713900e-01 8.194034378137509951e-10 6.184723096308251439e-10 1.437875747444576139e-09
9.064928053455811874e-01 8.384017963302271451e-10 6.114878937417858643e-10 1.449889690072013009e-09
9.062366051367481967e-01 8.581166089796667432e-10 6.043729579750459425e-10 1.462489566954712582e-09
9.059820654227364045e-01 8.785737016562932476e-10 5.971235749937114668e-10 1.475697276650004611e-09
9.057291971071802505e-01 8.997965890499132148e-10 5.897357437913276600e-10 1.489532332841240875e-09
9.054780110221166689e-01 9.218057689174757844e-10 5.822054206723113776e-10 1.504011189589787265e-09
9.052285179275213478e-01 9.446179548525830566e-10 5.745285561589125616e-10 1.519146511011495515e-09
9.049807285108484312e-01 9.682452544599038945e-10 5.667011381003672420e-10 1.534946392560271033e-09
9.047346533865715523e-01 9.926943021851073315e-10 5.587192410033601938e-10 1.551413543188467525e-09
9.044903030957300860e-01 1.017965358482244717e-09 5.505790815987189686e-10 1.568544440080963583e-09
9.042476881054772875e-01 1.044051389479849719e-09 5.422770806188714425e-10 1.586328470098721162e-09
9.040068188086317624e-01 1.070937143657590323e-09 5.338099305002784608e-10 1.604747074157868681e-09
9.037677055232327117e-01 1.098598244179758450e-09 5.251746684974879149e-10 1.623772912677246365e-09
9.035303584920971742e-01 1.127000317438481496e-09 5.163687545978582690e-10 1.643369072036339662e-09
9.032947878823822663e-01 1.156098179930232617e-09 5.073901535200135251e-10 1.663488333450246246e-09
9.030610037851486416e-01 1.185835106679958042e-09 4.982374198318250955e-10 1.684072526511783138e-09
9.028290162149291698e-01 1.216142204970874661e-09 4.889097849442469864e-10 1.705051989915121750e-09
9.025988351092990580e-01 1.246937917112647982e-09 4.794072446894978350e-10 1.726345161802145817e-09
9.023704703284507467e-01 1.278127675317401705e-09 4.697306461553789643e-10 1.747858321472780773e-09
9.021439316547715803e-01 1.309603730357307258e-09 4.598817721336524648e-10 1.769485502490959775e-09
9.019192287924242546e-01 1.341245173569002778e-09 4.498634214050065644e-10 1.791108594974009239e-09
9.016963713669314817e-01 1.372918169006966952e-09 4.396794832574051320e-10 1.812597652264371980e-09
9.014753689247636537e-01 1.404476409090612965e-09 4.293350045298398644e-10 1.833811413620452881e-09
9.012562309329299470e-01 1.435761802978806393e-09 4.188362472896915071e-10 1.854598050268497848e-09
9.010389667785725365e-01 1.466605402330138986e-09 4.081907354925526370e-10 1.874796137822691830e-09
9.008235857685645831e-01 1.496828564133602556e-09 3.974072891778038747e-10 1.894235853311406430e-09
9.006100971291117752e-01 1.526244344942585512e-09 3.864960446875915842e-10 1.912740389630177096e-09
9.003985100053568669e-01 1.554659115358225426e-09 3.754684595772774256e-10 1.930127574935502955e-09
9.001888334609881026e-01 1.581874378222658636e-09 3.643373012960121317e-10 1.946211679518670716e-09
8.999810764778507499e-01 1.607688768700119125e-09 3.531166189508938649e-10 1.960805387651012938e-09
8.997752479555624072e-01 1.631900209337076803e-09 3.418216975960773670e-10 1.973721906933153963e-09
8.995713567111319753e-01 1.654308188617021276e-09 3.304689948163097255e-10 1.984777183433331105e-09
8.993694114785818483e-01 1.674716127624601472e-09 3.190760599070528410e-10 1.993792187531654209e-09
8.991694209085735467e-01 1.692933796110907197e-09 3.076614362574846541e-10 2.000595232368391748e-09
8.989713935680374579e-01 1.708779736595928489e-09 2.962445475944900766e-10 2.005024284190418617e-09
8.987753379398059073e-01 1.722083653490720836e-09 2.848455692130626216e-10 2.006929222703783406e-09
8.985812624222493383e-01 1.732688723633105903e-09 2.734852859667946792e-10 2.006174009599900789e-09
8.983891753289171556e-01 1.740453784892297082e-09 2.621849387929862200e-10 2.002638723685283302e-09
8.981990848881808986e-01 1.745255360723574006e-09 2.509660615380112803e-10 1.996221422261585493e-09
8.980109992428825239e-01 1.746989481081858090e-09 2.398503105016054146e-10 1.986839791583463401e-09
8.978249264499850169e-01 1.745573263801873517e-09 2.288592894377563573e-10 1.974432553239629875e-09
8.976408744802276685e-01 1.740946225076982088e-09 2.180143724094379845e-10 1.958960597486420021e-09
8.974588512177840149e-01 1.733071293108336345e-09 2.073365269527071601e-10 1.940407820061043582e-09
8.972788644599251073e-01 1.721935505471599123e-09 1.968461404364406201e-10 1.918781645908039640e-09
8.971009219166844462e-01 1.707550377822258026e-09 1.865628523971659034e-10 1.894113230219424033e-09
8.969250312105282452e-01 1.689951938766085063e-09 1.765053951249102476e-10 1.866457333890995233e-09
8.967511998760291370e-01 1.669200432995582515e-09 1.666914446431474034e-10 1.835891877638729867e-09
8.965794353595428756e-01 1.645379701974853663e-09 1.571374843917532629e-10 1.802517186366606874e-09
8.964097450188897032e-01 1.618596258078201834e-09 1.478586835822889223e-10 1.766454941660490756e-09
8.962421361230389349e-01 1.588978073796892510e-09 1.388687914258681620e-10 1.727846865222760750e-09
8.960766158517979862e-01 1.556673112303232470e-09 1.301800482451393028e-10 1.686853160548371772e-09
8.959131912955041743e-01 1.521847629332541203e-09 1.218031146280528904e-10 1.643650743960594120e-09
8.957518694547216276e-01 1.484684279020136245e-09 1.137470191638170194e-10 1.598431298183953329e-09
8.955926572399413033e-01 1.445380057814687137e-09 1.060191245405174984e-10 1.551399182355204584e-09
8.954355614712843359e-01 1.404144120952962547e-09 9.862511186278890400e-11 1.502769232815751399e-09
8.952805888782106036e-01 1.361195505795747075e-09 9.156898308040253833e-11 1.452764488876149614e-09
8.951277460992304036e-01 1.316760795785849949e-09 8.485308076350054341e-11 1.401613876549350519e-09
8.949770396816194573e-01 1.271071757631161333e-09 7.847812406389335581e-11 1.349549881695054624e-09
8.948284760811392458e-01 1.224362982803368591e-09 7.244325989172985670e-11 1.296806242695098358e-09
8.946820616617600086e-01 1.176869563112441585e-09 6.674612831103599159e-11 1.243615691423477667e-09
8.945378026953879624e-01 1.128824828913245815e-09 6.138294073756335100e-11 1.190207769650809179e-09
8.943957053615972930e-01 1.080458177055900179e-09 5.634856933442698818e-11 1.136806746390327244e-09
8.942557757473647007e-01 1.031993013957592327e-09 5.163664620629427409e-11 1.083629660163886653e-09
8.941180198468092755e-01 9.836448374722642393e-10 4.723967103440016104e-11 1.030884508506664465e-09
8.939824435609351472e-01 9.356194796150360169e-10 4.314912550023144595e-11 9.787686051152674240e-10
8.938490526973793537e-01 8.881115299587994144e-10 3.935559276220736739e-11 9.274671227210067947e-10
8.937178529701623741e-01 8.413029564327662715e-10 3.584888048715502337e-11 8.771518369199212755e-10
8.935888499994439904e-01 7.953619371723749859e-10 3.261814597955104394e-11 8.279800831519260363e-10
8.934620493112819251e-01 7.504419140138256537e-10 2.965202177502868366e-11 7.800939357888543309e-10
8.933374563373958077e-01 7.066808742383832258e-10 2.693874009293398010e-11 7.336196143313171574e-10
8.932150764149339173e-01 6.642008626203413453e-10 2.446625477644686593e-11 6.886671173967882210e-10
8.930949147862446980e-01 6.231077218071023059e-10 2.222235946857371898e-11 6.453300812756760055e-10
8.929769765986526053e-01 5.834910552751210612e-10 2.019480073886585893e-11 6.036858560139868975e-10
8.928612669042369498e-01 5.454244029015840710e-10 1.837138498305990821e-11 5.637957878846440082e-10
8.927477906596159585e-01 5.089656151227039300e-10 1.674007824034562297e-11 5.257056933630495723e-10
8.926365527257341670e-01 4.741574085325661725e-10 1.528909827496731684e-11 4.894465068075335088e-10
8.925275578676545862e-01 4.410280834082550813e-10 1.400699831450868273e-11 4.550350817227637528e-10
8.924208107543540880e-01 4.095923813322723279e-10 1.288274207327667631e-11 4.224751234055490059e-10
8.923163159585237869e-01 3.798524591157007410e-10 1.190577005556473811e-11 3.917582291712655017e-10
8.922140779563728641e-01 3.517989545462548446e-10 1.106605732648627218e-11 3.628650118727411055e-10
8.921141011274370536e-01 3.254121197260448636e-10 1.035416302177241568e-11 3.357662827478172664e-10
8.920163897543911258e-01 3.006629977711922888e-10 9.761271967902042728e-12 3.104242697390943574e-10
8.919209480228649234e-01 2.775146189663103463e-10 9.279228898510462594e-12 2.867938478648207976e-10
8.918277800212646156e-01 2.559231948893219377e-10 8.900566447838473944e-12 2.648237613371604359e-10
8.917368897405972827e-01 2.358392939682571536e-10 8.618530524738202922e-12 2.444578244929953403e-10
8.916482810743000531e-01 2.172089871725030452e-10 8.427109793999797344e-12 2.256360969665028539e-10
8.915619578180733473e-01 1.999749521015329024e-10 8.321072882099670042e-12 2.082960249836325709e-10
8.914779236697181197e-01 1.840775084917796911e-10 8.295997867902474272e-12 1.923735063596821686e-10
8.913961822289775405e-01 1.694555280275480668e-10 8.348247037704831006e-12 1.778037750652529026e-10
8.913167369973828968e-01 1.560471489973109350e-10 8.474832387238409698e-12 1.645219813845493560e-10
8.912395913781036016e-01 1.437902993409109089e-10 8.673199365931885802e-12 1.524634987068427898e-10
8.911647486758010883e-01 1.326232333667802865e-10 8.941163285637913165e-12 1.415643966524181884e-10
8.910922120964875903e-01 1.224855388980075175e-10 9.277475015708443072e-12 1.317630139137159509e-10
8.910219847473889176e-01 1.133201306693215809e-10 9.683518673401262191e-12 1.230036493427228431e-10
8.909540696368108970e-01 1.050763190527081055e-10 1.016616662457169670e-11 1.152424856772798087e-10
8.908884696740108078e-01 9.771304586056324180e-11 1.074078635090521815e-11 1.084538322114684648e-10
8.908251876690727045e-01 9.120017784622928750e-11 1.143222722655577978e-11 1.026324050727850673e-10
8.907642263327870680e-01 8.551513342796803078e-11 1.227112986047439539e-11 9.778626328844242940e-11
8.907055882765346766e-01 8.063288532251531855e-11 1.328386021130452694e-11 9.391674553381984387e-11
8.906492760121746954e-01 7.650973484930745247e-11 1.447688248807782951e-11 9.098661733738527713e-11
8.905952919519370958e-01 7.306445413719427972e-11 1.581958343903607671e-11 8.888403757623035644e-11
8.905436384083192936e-01 7.016298136372500437e-11 1.723189216538460622e-11 8.739487352910960413e-11
8.904943175939873390e-01 6.761338390130519231e-11 1.858305999223787060e-11 8.619644389354305645e-11
8.904473316216805490e-01 6.517565901557096055e-11 1.970518737110282303e-11 8.488084638667377712e-11
8.904026825041218007e-01 6.258673913226517038e-11 2.042034885796422587e-11 8.300708799022939948e-11
8.903603721539306015e-01 5.959638425566904172e-11 2.057529662115617233e-11 8.017168087682520758e-11
8.903204023835414871e-01 5.600623411562877926e-11 2.007467311456862271e-11 7.608090723019740844e-11
8.902827749051264172e-01 5.170328733870243100e-11 1.890363647528253428e-11 7.060692381398496529e-11
8.902474913305213899e-01 4.668057091117908485e-11 1.713377095199332488e-11 6.381434186317240651e-11
8.902145531711572746e-01 4.104095831467227956e-11 1.491096944448692433e-11 5.595192775915920389e-11
8.901839618379950858e-01 3.498380018097372282e-11 1.242891782569944974e-11 4.741271800667317579e-11
8.901557186414659206e-01 2.877722364458627548e-11 9.895292839782073330e-12 3.867251648436835042e-11
8.901298247914141148e-01 2.272108918251134886e-11 7.498892220312145568e-12 3.021998140282349281e-11
8.901062813970461729e-01 1.710659158625021918e-11 5.384621943824421458e-12 2.249121353007463983e-11
8.900850894668828062e-01 1.217854052824476320e-11 3.640308091731876584e-12 1.581884861997663898e-11
8.900662499087155233e-01 8.105673406910657888e-12 2.295814058334434769e-12 1.040148746524509225e-11
8.900497635295684384e-01 4.963079175039918150e-12 1.332022960105684021e-12 6.295102135145602171e-12
8.900356310356632994e-01 2.729042962665106891e-12 6.955986397410080812e-13 3.424641602406114872e-12
8.900238530323888453e-01 1.296505583610585424e-12 3.152369661716740874e-13 1.611742549782259461e-12
8.900144300242757156e-01 4.971287183253842109e-13 1.160570946107853558e-13 6.131858129361695919e-13
8.900073624149741347e-01 1.340128904504974085e-13 3.029124711381203527e-14 1.643041375643094375e-13
8.900026505072369254e-01 1.777747508555210205e-14 3.929100287227349392e-15 2.170657537277945302e-14
8.900002945029067414e-01 2.220445633715051014e-16 4.851420072549272588e-17 2.705587640969978519e-16
