1.000000000000000000e+00 5.316826080965786350e-13
9.979209979209979764e-01 9.013070238067522055e-14
9.958419958419958418e-01 6.972042030078257069e-14
9.937629937629937071e-01 5.322558528902260333e-14
9.916839916839916835e-01 4.438666773541599664e-14
9.896049896049896599e-01 4.051368073486327770e-14
9.875259875259875253e-01 2.526766197262411001e-14
9.854469854469853907e-01 1.208597177009386806e-14
9.833679833679833671e-01 1.692030813149527496e-14
9.812889812889813435e-01 1.453445010017335309e-14
9.792099792099792088e-01 1.087663149107985505e-14
9.771309771309770742e-01 8.153512045215582926e-15
9.750519750519750506e-01 6.604043145132763859e-15
9.729729729729730270e-01 4.769256278965017248e-15
9.708939708939708924e-01 4.391488054819071840e-15
9.688149688149687577e-01 3.801283967501747907e-15
9.667359667359667341e-01 3.054658941089682771e-15
9.646569646569647105e-01 3.157577679345816533e-15
9.625779625779625759e-01 4.509801616891552511e-15
9.604989604989604413e-01 5.695067101962230163e-15
9.584199584199584177e-01 3.666121226042484693e-15
9.563409563409563940e-01 4.632757766547934003e-15
9.542619542619542594e-01 3.228692871531393081e-15
9.521829521829521248e-01 4.060459108702618725e-15
9.501039501039501012e-01 6.536097550235812903e-15
9.480249480249480776e-01 6.638496210262332525e-15
9.459459459459459429e-01 4.275995959493895243e-15
9.438669438669438083e-01 3.481045585858604137e-15
9.417879417879417847e-01 3.068358640220337011e-15
9.397089397089397611e-01 7.857409655646213631e-15
9.376299376299376265e-01 2.365942592666078759e-14
9.355509355509354918e-01 9.070727431973943378e-14
9.334719334719334682e-01 3.848500023436590700e-13
9.313929313929314446e-01 1.632713820913511693e-12
9.293139293139293100e-01 6.805593415204480578e-12
9.272349272349271754e-01 2.779495730798053899e-11
9.251559251559251518e-01 1.105137162338287737e-10
9.230769230769231282e-01 4.281597021371652545e-10
9.209979209979209935e-01 1.611173527926723636e-09
9.189189189189188589e-01 5.829325910866600680e-09
9.168399168399168353e-01 1.988530584640102461e-08
9.147609147609148117e-01 6.338037650266414857e-08
9.126819126819126771e-01 1.857645770542148966e-07
9.106029106029105424e-01 5.006696710552205332e-07
9.085239085239085188e-01 1.225456003339786548e-06
9.064449064449064952e-01 2.711983825065544806e-06
9.043659043659043606e-01 5.396441792981931940e-06
9.022869022869022260e-01 9.571299415256362408e-06
9.002079002079002024e-01 1.513166989752789959e-05
8.981288981288981788e-01 2.087252141791395843e-05
8.960498960498960441e-01 2.409251646895427257e-05
8.939708939708939095e-01 2.257426422147545964e-05
8.918918918918918859e-01 1.457301368645858020e-05
8.898128898128898623e-01 3.501237415548530407e-06
8.877338877338877277e-01 1.097482211775968608e-07
8.856548856548855930e-01 1.721281073230329639e-08
8.835758835758835694e-01 1.628810530895918873e-09
8.814968814968815458e-01 1.240053060236334659e-10
8.794178794178794112e-01 1.436653487146832830e-11
8.773388773388772766e-01 1.102103759816064343e-12
8.752598752598752530e-01 9.230492075979618294e-14
8.731808731808732293e-01 1.346484145833609300e-14
8.711018711018710947e-01 7.598273477960916511e-15
8.690228690228689601e-01 6.939672750702228707e-15
8.669438669438669365e-01 1.062663733999427360e-14
8.648648648648649129e-01 7.081814620130393728e-15
8.627858627858627782e-01 5.859084444286184745e-15
8.607068607068606436e-01 9.998343028071871030e-15
8.586278586278586200e-01 7.433878782458960138e-15
8.565488565488565964e-01 4.688155838880733381e-15
8.544698544698544618e-01 6.090011036696124647e-15
8.523908523908523271e-01 5.568237470638054756e-15
8.503118503118503035e-01 7.450832146898254960e-15
8.482328482328482799e-01 3.444919418899971414e-15
8.461538461538461453e-01 5.371789354346101150e-15
8.440748440748440107e-01 7.135569872061993391e-15
8.419958419958419871e-01 7.539758747898694935e-15
8.399168399168399635e-01 5.804247107764467714e-15
8.378378378378378288e-01 5.606937558965156485e-15
8.357588357588356942e-01 5.929502951872644631e-15
8.336798336798336706e-01 6.717952135879522169e-15
8.316008316008316470e-01 7.402369156821100166e-15
8.295218295218295124e-01 5.468182550776587783e-15
8.274428274428273777e-01 7.564781795226481476e-15
8.253638253638253541e-01 5.838421499054389716e-15
8.232848232848233305e-01 5.928952380456929336e-15
8.212058212058211959e-01 4.971028844363411386e-15
8.191268191268190613e-01 5.747104147560324477e-15
8.170478170478170377e-01 4.128193368879229733e-15
8.149688149688150141e-01 5.214853207461192519e-15
8.128898128898128794e-01 7.602747505988313725e-15
8.108108108108107448e-01 9.718630726031872447e-15
8.087318087318087212e-01 8.361699191123533881e-15
8.066528066528066976e-01 6.380097374757620274e-15
8.045738045738045630e-01 6.467033024815539016e-15
8.024948024948024283e-01 7.876555988385949836e-15
8.004158004158004047e-01 7.555994675431665364e-15
7.983367983367983811e-01 5.181252257476561679e-15
7.962577962577962465e-01 5.147159181349576090e-15
7.941787941787941119e-01 5.939376814938788010e-15
7.920997920997920883e-01 3.320911889597810522e-15
7.900207900207900646e-01 4.099423471309263795e-15
7.879417879417879300e-01 4.693262177003255931e-15
7.858627858627857954e-01 4.539884839046236242e-15
7.837837837837837718e-01 3.925621627895101162e-15
7.817047817047817482e-01 6.489778824064632370e-15
7.796257796257796135e-01 3.933035283765944426e-15
7.775467775467774789e-01 5.107933509078703069e-15
7.754677754677754553e-01 4.663821852855538214e-15
7.733887733887734317e-01 4.265586771605087146e-15
7.713097713097712971e-01 4.520383175985126858e-15
7.692307692307691624e-01 4.481383661511170735e-15
7.671517671517671388e-01 3.799221018758710058e-15
7.650727650727651152e-01 3.806433080788106799e-15
7.629937629937629806e-01 3.955279639510263234e-15
7.609147609147608460e-01 3.769534208023341340e-15
7.588357588357588224e-01 4.142912683920141337e-15
7.567567567567567988e-01 3.951933012335661494e-15
7.546777546777546641e-01 4.406013822831535837e-15
7.525987525987525295e-01 4.078134145212974210e-15
7.505197505197505059e-01 4.168748035844344751e-15
7.484407484407484823e-01 4.099398483837319793e-15
7.463617463617463477e-01 4.258592397043134761e-15
7.442827442827442130e-01 4.051169698370080813e-15
7.422037422037421894e-01 3.754684449908552574e-15
7.401247401247401658e-01 3.774236934946497216e-15
7.380457380457380312e-01 4.080758676800041659e-15
7.359667359667358966e-01 5.469140968556406024e-15
7.338877338877338730e-01 4.520332777524765228e-15
7.318087318087318494e-01 4.813513326942580814e-15
7.297297297297297147e-01 5.378855303192096524e-15
7.276507276507275801e-01 4.932874668770815055e-15
7.255717255717255565e-01 4.725025912525292193e-15
7.234927234927235329e-01 6.112539148477773646e-15
7.214137214137213983e-01 6.539290440930487988e-15
7.193347193347192636e-01 4.673500474827339476e-15
7.172557172557172400e-01 3.521084409758841287e-15
7.151767151767152164e-01 4.641435195576080683e-15
7.130977130977130818e-01 5.289282416052901517e-15
7.110187110187109472e-01 3.394391150739173822e-15
7.089397089397089236e-01 5.544750094043640262e-15
7.068607068607068999e-01 5.897318240975822981e-15
7.047817047817047653e-01 5.196546707888658953e-15
7.027027027027026307e-01 4.677623407698099783e-15
7.006237006237006071e-01 4.297773600084276932e-15
6.985446985446985835e-01 4.922151231658575612e-15
6.964656964656964488e-01 5.290913377992839672e-15
6.943866943866943142e-01 4.344845762062040165e-15
6.923076923076922906e-01 4.822186097289517595e-15
6.902286902286902670e-01 4.590401884020482715e-15
6.881496881496881324e-01 5.527045834896604504e-15
6.860706860706859977e-01 4.614167510938070246e-15
6.839916839916839741e-01 6.721715926780646652e-15
6.819126819126819505e-01 8.019582583727521974e-15
6.798336798336798159e-01 7.331786748359346573e-15
6.777546777546776813e-01 5.482188240559437639e-15
6.756756756756756577e-01 5.033355222688277314e-15
6.735966735966736341e-01 5.252547020646956139e-15
6.715176715176714994e-01 6.169632133738028879e-15
6.694386694386693648e-01 4.961687765021090962e-15
6.673596673596673412e-01 6.818004514642147379e-15
6.652806652806653176e-01 5.852757955203142376e-15
6.632016632016631830e-01 3.625142619087268897e-15
6.611226611226610483e-01 5.003057701197938245e-15
6.590436590436590247e-01 6.283660132613876417e-15
6.569646569646570011e-01 4.542724093485432657e-15
6.548856548856548665e-01 5.678267897519335625e-15
6.528066528066527319e-01 8.438303156807318295e-15
6.507276507276507083e-01 6.265768679185497458e-15
6.486486486486486847e-01 7.662396413166908810e-15
6.465696465696465500e-01 6.836947982991016179e-15
6.444906444906444154e-01 7.656664541212838959e-15
6.424116424116423918e-01 6.413153682557166599e-15
6.403326403326403682e-01 1.112666714677985197e-14
6.382536382536382336e-01 6.887365078077486644e-15
6.361746361746360989e-01 5.384677384155048957e-15
6.340956340956340753e-01 4.559331021449300470e-15
6.320166320166320517e-01 4.807429936315400429e-15
6.299376299376299171e-01 6.734489183625241501e-15
6.278586278586277825e-01 7.783514501327748469e-15
6.257796257796257589e-01 5.578531885562509895e-15
6.237006237006237352e-01 5.735389258383323877e-15
6.216216216216216006e-01 6.900644860624539564e-15
6.195426195426194660e-01 6.144216910155663597e-15
6.174636174636174424e-01 5.795620077196682665e-15
6.153846153846154188e-01 6.197063295734859395e-15
6.133056133056132841e-01 5.866717481690366873e-15
6.112266112266111495e-01 5.931993652254045901e-15
6.091476091476091259e-01 7.066997896300547879e-15
6.070686070686071023e-01 5.939905363497874694e-15
6.049896049896049677e-01 9.204219146834863308e-15
6.029106029106028330e-01 5.405404280374361686e-15
6.008316008316008094e-01 4.819437051859203763e-15
5.987525987525987858e-01 6.552137389641493961e-15
5.966735966735966512e-01 5.094060803468572138e-15
5.945945945945945166e-01 4.246053344808455726e-15
5.925155925155924930e-01 5.009877163456282617e-15
5.904365904365904694e-01 3.327801232074303374e-15
5.883575883575883347e-01 8.363566051739282359e-15
5.862785862785862001e-01 6.587552684199143513e-15
5.841995841995841765e-01 5.255614126948963960e-15
5.821205821205821529e-01 8.141381686377954091e-15
5.800415800415800183e-01 5.853508002877936059e-15
5.779625779625778836e-01 3.926962904567078347e-15
5.758835758835758600e-01 1.016380583212031508e-14
5.738045738045738364e-01 1.156829911404992986e-14
5.717255717255717018e-01 9.014357558740759141e-15
5.696465696465695672e-01 5.432802831602722912e-15
5.675675675675675436e-01 7.680056203084213717e-15
5.654885654885655200e-01 4.711571217674631259e-15
5.634095634095633853e-01 1.713418479770993305e-15
5.613305613305612507e-01 1.486735628305915855e-15
5.592515592515592271e-01 3.978484107100294792e-15
5.571725571725572035e-01 3.857619705307157795e-15
5.550935550935550689e-01 2.966501022488876073e-15
5.530145530145529342e-01 3.881034237068108420e-15
5.509355509355509106e-01 3.818054796340909426e-15
5.488565488565488870e-01 3.118916978050762130e-15
5.467775467775467524e-01 2.297512494923298343e-15
5.446985446985446178e-01 2.254034293740735106e-15
5.426195426195425942e-01 1.642527857195557554e-15
5.405405405405405705e-01 1.484684432145021160e-15
5.384615384615384359e-01 2.918719893934260991e-15
5.363825363825363013e-01 2.385585074954669170e-15
5.343035343035342777e-01 1.494662056747203191e-15
5.322245322245322541e-01 1.528329816455548714e-15
5.301455301455301194e-01 9.568409221078085468e-16
5.280665280665279848e-01 1.253978491817841004e-15
5.259875259875259612e-01 1.769553788405259145e-15
5.239085239085239376e-01 2.637884214447966391e-15
5.218295218295218030e-01 3.152320145842209091e-15
5.197505197505196683e-01 2.538707455994565314e-15
5.176715176715176447e-01 1.866681468280133663e-15
5.155925155925156211e-01 1.962689264719619589e-15
5.135135135135134865e-01 2.135958959684669707e-15
5.114345114345113519e-01 1.172143780047406065e-15
5.093555093555093283e-01 1.334183935714232296e-15
5.072765072765073047e-01 1.368665588205770795e-15
5.051975051975051700e-01 9.324251974032033395e-16
5.031185031185030354e-01 1.034803846276344079e-15
5.010395010395010118e-01 7.550314578366496433e-16
4.989604989604989882e-01 4.429922227740294921e-16
4.968814968814968536e-01 5.789258965641921276e-16
4.948024948024947189e-01 7.243363602566930872e-16
4.927234927234926953e-01 7.326196013270112970e-16
4.906444906444906717e-01 6.015926041118356115e-16
4.885654885654885371e-01 4.280647758561097454e-16
4.864864864864864025e-01 2.512535037896913891e-16
4.844074844074843789e-01 1.164817871495942426e-16
4.823284823284823553e-01 6.928896268151667464e-17
4.802494802494802206e-01 4.429448617208771560e-17
4.781704781704780860e-01 4.054638854154458808e-17
4.760914760914760624e-01 5.272321838598665233e-17
4.740124740124740388e-01 6.361657493965673757e-17
4.719334719334719042e-01 5.835485259342732683e-17
4.698544698544697695e-01 3.698651420502667691e-17
4.677754677754677459e-01 2.574295915850369166e-17
4.656964656964657223e-01 2.170874802588459740e-17
4.636174636174635877e-01 1.722249261467262416e-17
4.615384615384614531e-01 1.136052086667982102e-17
4.594594594594594295e-01 6.253616539027978877e-18
4.573804573804574058e-01 2.923007096602868203e-18
4.553014553014552712e-01 1.183562487279914704e-18
4.532224532224531366e-01 4.215826287525777600e-19
4.511434511434511130e-01 1.336891115465793288e-19
4.490644490644490894e-01 3.803450773526980310e-20
4.469854469854469547e-01 9.770289849403402322e-21
4.449064449064448201e-01 2.281613131788261529e-21
4.428274428274427965e-01 4.872938961956750588e-22
4.407484407484407729e-01 9.910253186278765495e-23
4.386694386694386383e-01 1.783830181276195117e-23
4.365904365904365036e-01 2.958383800177122810e-24
4.345114345114344800e-01 4.544347136318829789e-25
4.324324324324324564e-01 6.497267956578202561e-26
4.303534303534303218e-01 8.687128110916242970e-27
4.282744282744281872e-01 1.071691421274054939e-27
4.261954261954261636e-01 9.898607042376071994e-29
4.241164241164241400e-01 -1.051336944776572317e-30
4.220374220374220053e-01 0.000000000000000000e+00
4.199584199584198707e-01 0.000000000000000000e+00
4.178794178794178471e-01 0.000000000000000000e+00
4.158004158004158235e-01 0.000000000000000000e+00
4.137214137214136889e-01 0.000000000000000000e+00
4.116424116424115542e-01 0.000000000000000000e+00
4.095634095634095306e-01 0.000000000000000000e+00
4.074844074844075070e-01 0.000000000000000000e+00
4.054054054054053724e-01 0.000000000000000000e+00
4.033264033264032378e-01 0.000000000000000000e+00
4.012474012474012142e-01 0.000000000000000000e+00
3.991683991683991906e-01 0.000000000000000000e+00
3.970893970893970559e-01 0.000000000000000000e+00
3.950103950103949213e-01 0.000000000000000000e+00
3.929313929313928977e-01 0.000000000000000000e+00
3.908523908523908741e-01 0.000000000000000000e+00
3.887733887733887395e-01 0.000000000000000000e+00
3.866943866943866048e-01 0.000000000000000000e+00
3.846153846153845812e-01 0.000000000000000000e+00
3.825363825363825576e-01 0.000000000000000000e+00
3.804573804573804230e-01 0.000000000000000000e+00
3.783783783783782884e-01 0.000000000000000000e+00
3.762993762993762648e-01 0.000000000000000000e+00
3.742203742203742411e-01 0.000000000000000000e+00
3.721413721413721065e-01 0.000000000000000000e+00
3.700623700623699719e-01 0.000000000000000000e+00
3.679833679833679483e-01 0.000000000000000000e+00
3.659043659043659247e-01 0.000000000000000000e+00
3.638253638253637900e-01 0.000000000000000000e+00
3.617463617463616554e-01 0.000000000000000000e+00
3.596673596673596318e-01 0.000000000000000000e+00
3.575883575883576082e-01 0.000000000000000000e+00
3.555093555093554736e-01 0.000000000000000000e+00
3.534303534303533390e-01 0.000000000000000000e+00
3.513513513513513153e-01 0.000000000000000000e+00
3.492723492723492917e-01 0.000000000000000000e+00
3.471933471933471571e-01 0.000000000000000000e+00
3.451143451143450225e-01 0.000000000000000000e+00
3.430353430353429989e-01 0.000000000000000000e+00
3.409563409563409753e-01 0.000000000000000000e+00
3.388773388773388406e-01 0.000000000000000000e+00
3.367983367983367060e-01 0.000000000000000000e+00
3.347193347193346824e-01 0.000000000000000000e+00
3.326403326403326588e-01 0.000000000000000000e+00
3.305613305613305242e-01 0.000000000000000000e+00
3.284823284823283895e-01 0.000000000000000000e+00
3.264033264033263659e-01 0.000000000000000000e+00
3.243243243243243423e-01 0.000000000000000000e+00
3.222453222453222077e-01 0.000000000000000000e+00
3.201663201663200731e-01 0.000000000000000000e+00
3.180873180873180495e-01 0.000000000000000000e+00
3.160083160083160259e-01 0.000000000000000000e+00
3.139293139293138912e-01 0.000000000000000000e+00
3.118503118503117566e-01 0.000000000000000000e+00
3.097713097713097330e-01 0.000000000000000000e+00
3.076923076923077094e-01 0.000000000000000000e+00
3.056133056133055748e-01 0.000000000000000000e+00
3.035343035343034401e-01 0.000000000000000000e+00
3.014553014553014165e-01 0.000000000000000000e+00
2.993762993762993929e-01 0.000000000000000000e+00
2.972972972972972583e-01 0.000000000000000000e+00
2.952182952182951237e-01 0.000000000000000000e+00
2.931392931392931001e-01 0.000000000000000000e+00
2.910602910602910764e-01 0.000000000000000000e+00
2.889812889812889418e-01 0.000000000000000000e+00
2.869022869022868072e-01 0.000000000000000000e+00
2.848232848232847836e-01 0.000000000000000000e+00
2.827442827442827600e-01 0.000000000000000000e+00
2.806652806652806253e-01 0.000000000000000000e+00
2.785862785862784907e-01 0.000000000000000000e+00
2.765072765072764671e-01 0.000000000000000000e+00
2.744282744282744435e-01 0.000000000000000000e+00
2.723492723492723089e-01 0.000000000000000000e+00
2.702702702702701743e-01 0.000000000000000000e+00
2.681912681912681506e-01 0.000000000000000000e+00
2.661122661122661270e-01 0.000000000000000000e+00
2.640332640332639924e-01 0.000000000000000000e+00
2.619542619542618578e-01 0.000000000000000000e+00
2.598752598752598342e-01 0.000000000000000000e+00
2.577962577962578106e-01 0.000000000000000000e+00
2.557172557172556759e-01 0.000000000000000000e+00
2.536382536382535413e-01 0.000000000000000000e+00
2.515592515592515177e-01 0.000000000000000000e+00
2.494802494802494941e-01 0.000000000000000000e+00
2.474012474012473595e-01 0.000000000000000000e+00
2.453222453222452248e-01 0.000000000000000000e+00
2.432432432432432012e-01 0.000000000000000000e+00
2.411642411642411776e-01 0.000000000000000000e+00
2.390852390852390430e-01 0.000000000000000000e+00
2.370062370062369084e-01 0.000000000000000000e+00
2.349272349272348848e-01 0.000000000000000000e+00
2.328482328482328612e-01 0.000000000000000000e+00
2.307692307692307265e-01 0.000000000000000000e+00
2.286902286902285919e-01 0.000000000000000000e+00
2.266112266112265683e-01 0.000000000000000000e+00
2.245322245322245447e-01 0.000000000000000000e+00
2.224532224532224101e-01 0.000000000000000000e+00
2.203742203742202754e-01 0.000000000000000000e+00
2.182952182952182518e-01 0.000000000000000000e+00
2.162162162162162282e-01 0.000000000000000000e+00
2.141372141372140936e-01 0.000000000000000000e+00
2.120582120582119590e-01 0.000000000000000000e+00
2.099792099792099354e-01 0.000000000000000000e+00
2.079002079002079117e-01 0.000000000000000000e+00
2.058212058212057771e-01 0.000000000000000000e+00
2.037422037422036425e-01 0.000000000000000000e+00
2.016632016632016189e-01 0.000000000000000000e+00
1.995841995841995953e-01 0.000000000000000000e+00
1.975051975051974607e-01 0.000000000000000000e+00
1.954261954261953260e-01 0.000000000000000000e+00
1.933471933471933024e-01 0.000000000000000000e+00
1.912681912681912788e-01 0.000000000000000000e+00
1.891891891891891442e-01 0.000000000000000000e+00
1.871101871101870096e-01 0.000000000000000000e+00
1.850311850311849859e-01 0.000000000000000000e+00
1.829521829521829623e-01 0.000000000000000000e+00
1.808731808731808277e-01 0.000000000000000000e+00
1.787941787941786931e-01 0.000000000000000000e+00
1.767151767151766695e-01 0.000000000000000000e+00
1.746361746361746459e-01 0.000000000000000000e+00
1.725571725571725112e-01 0.000000000000000000e+00
1.704781704781703766e-01 0.000000000000000000e+00
1.683991683991683530e-01 0.000000000000000000e+00
1.663201663201663294e-01 0.000000000000000000e+00
1.642411642411641948e-01 0.000000000000000000e+00
1.621621621621620601e-01 0.000000000000000000e+00
1.600831600831600365e-01 0.000000000000000000e+00
1.580041580041580129e-01 0.000000000000000000e+00
1.559251559251558783e-01 0.000000000000000000e+00
1.538461538461537437e-01 0.000000000000000000e+00
1.517671517671517201e-01 0.000000000000000000e+00
1.496881496881496965e-01 0.000000000000000000e+00
1.476091476091475618e-01 0.000000000000000000e+00
1.455301455301454272e-01 0.000000000000000000e+00
1.434511434511434036e-01 0.000000000000000000e+00
1.413721413721413800e-01 0.000000000000000000e+00
1.392931392931392454e-01 0.000000000000000000e+00
1.372141372141371107e-01 0.000000000000000000e+00
1.351351351351350871e-01 0.000000000000000000e+00
1.330561330561330635e-01 0.000000000000000000e+00
1.309771309771309289e-01 0.000000000000000000e+00
1.288981288981287943e-01 0.000000000000000000e+00
1.268191268191267707e-01 0.000000000000000000e+00
1.247401247401247470e-01 0.000000000000000000e+00
1.226611226611226124e-01 0.000000000000000000e+00
1.205821205821204778e-01 0.000000000000000000e+00
1.185031185031184542e-01 0.000000000000000000e+00
1.164241164241164306e-01 0.000000000000000000e+00
1.143451143451142960e-01 0.000000000000000000e+00
1.122661122661121613e-01 0.000000000000000000e+00
1.101871101871101377e-01 0.000000000000000000e+00
1.081081081081081141e-01 0.000000000000000000e+00
1.060291060291059795e-01 0.000000000000000000e+00
1.039501039501038449e-01 0.000000000000000000e+00
1.018711018711018212e-01 0.000000000000000000e+00
9.979209979209979764e-02 0.000000000000000000e+00
9.771309771309766301e-02 0.000000000000000000e+00
9.563409563409552838e-02 0.000000000000000000e+00
9.355509355509350478e-02 0.000000000000000000e+00
9.147609147609148117e-02 0.000000000000000000e+00
8.939708939708934654e-02 0.000000000000000000e+00
8.731808731808721191e-02 0.000000000000000000e+00
8.523908523908518831e-02 0.000000000000000000e+00
8.316008316008316470e-02 0.000000000000000000e+00
8.108108108108103007e-02 0.000000000000000000e+00
7.900207900207889544e-02 0.000000000000000000e+00
7.692307692307687184e-02 0.000000000000000000e+00
7.484407484407484823e-02 0.000000000000000000e+00
7.276507276507271360e-02 0.000000000000000000e+00
7.068607068607057897e-02 0.000000000000000000e+00
6.860706860706855537e-02 0.000000000000000000e+00
6.652806652806653176e-02 0.000000000000000000e+00
6.444906444906439713e-02 0.000000000000000000e+00
6.237006237006226250e-02 0.000000000000000000e+00
6.029106029106023890e-02 0.000000000000000000e+00
5.821205821205821529e-02 0.000000000000000000e+00
5.613305613305608066e-02 0.000000000000000000e+00
5.405405405405394603e-02 0.000000000000000000e+00
5.197505197505192243e-02 0.000000000000000000e+00
4.989604989604989882e-02 0.000000000000000000e+00
4.781704781704776419e-02 0.000000000000000000e+00
4.573804573804562956e-02 0.000000000000000000e+00
4.365904365904360596e-02 0.000000000000000000e+00
4.158004158004158235e-02 0.000000000000000000e+00
3.950103950103944772e-02 0.000000000000000000e+00
3.742203742203731309e-02 0.000000000000000000e+00
3.534303534303528949e-02 0.000000000000000000e+00
3.326403326403326588e-02 0.000000000000000000e+00
3.118503118503113125e-02 0.000000000000000000e+00
2.910602910602899662e-02 0.000000000000000000e+00
2.702702702702697302e-02 0.000000000000000000e+00
2.494802494802494941e-02 0.000000000000000000e+00
2.286902286902281478e-02 0.000000000000000000e+00
2.079002079002068015e-02 0.000000000000000000e+00
1.871101871101865655e-02 0.000000000000000000e+00
1.663201663201663294e-02 0.000000000000000000e+00
1.455301455301449831e-02 0.000000000000000000e+00
1.247401247401236368e-02 0.000000000000000000e+00
1.039501039501034008e-02 0.000000000000000000e+00
8.316008316008316470e-03 0.000000000000000000e+00
6.237006237006181841e-03 0.000000000000000000e+00
4.158004158004047213e-03 0.000000000000000000e+00
2.079002079002023606e-03 0.000000000000000000e+00
0.000000000000000000e+00 0.000000000000000000e+00
