8.228259295676963347e+00 2.442443268097021017e-03 8.228234752728955215e+00 2.009703654329291281e-02
8.226023469762113294e+00 2.442443268097021017e-03 8.225998933483044340e+00 2.009157567076805262e-02
8.223803144888840677e+00 2.442443268097021017e-03 8.223778615232475886e+00 2.008615265862019952e-02
8.221598415380805491e+00 2.442443268097021017e-03 8.221573892300625630e+00 2.008076773722931169e-02
8.219409374899152354e+00 2.442443268097021017e-03 8.219384858348361078e+00 2.007542113535719722e-02
8.217236116438520810e+00 2.442443268097021017e-03 8.217211606370044663e+00 2.007011308013775461e-02
8.215078732323103594e+00 2.442443268097021017e-03 8.215054228689593785e+00 2.006484379706736931e-02
8.212937314202715555e+00 2.442443268097021017e-03 8.212912816956547957e+00 2.005961350999528603e-02
8.210811953048910539e+00 2.442443268097021017e-03 8.210787462142192794e+00 2.005442244111415098e-02
8.208702739151112482e+00 2.442443268097021017e-03 8.208678254535680452e+00 2.004927081095053340e-02
8.206609762112773154e+00 2.442443268097021017e-03 8.206585283740194470e+00 2.004415883835556841e-02
8.204533110847576083e+00 1.221221634048510508e-03 8.204526992800689200e+00 1.001955084173719070e-02
8.202472873575651136e+00 1.221221634048510508e-03 8.202466757065064229e+00 1.001703483603483096e-02
8.200429137819833514e+00 1.221221634048510508e-03 8.200423022833243536e+00 1.001453898233592606e-02
8.198401990401942285e+00 1.221221634048510508e-03 8.198395876926976911e+00 1.001206338666913581e-02
8.196391517439090890e+00 1.221221634048510508e-03 8.196385405463317397e+00 1.000960815420251331e-02
8.194397804340026070e+00 1.221221634048510508e-03 8.194391693850946012e+00 1.000717338923904492e-02
8.192420935801512982e+00 1.221221634048510508e-03 8.192414826786567517e+00 1.000475919521222334e-02
8.190460995804714983e+00 1.221221634048510508e-03 8.190454888251277765e+00 1.000236567468163959e-02
8.188518067611651574e+00 1.221221634048510508e-03 8.188511961507039416e+00 9.999992929328646238e-03
8.186592233761638582e+00 1.221221634048510508e-03 8.186586129093102571e+00 9.997641059952017129e-03
8.184683576067792288e+00 1.221221634048510508e-03 8.184677472822526667e+00 9.995310166463674748e-03
8.182792175613560204e+00 1.221221634048510508e-03 8.182786073778693492e+00 9.993000347884454029e-03
8.180918112749260729e+00 1.221221634048510508e-03 8.180912012311866377e+00 9.990711702339878306e-03
8.179061467088683202e+00 1.221221634048510508e-03 8.179055368035772489e+00 9.988444327056006378e-03
8.177222317505698612e+00 1.221221634048510508e-03 8.177216219824225973e+00 9.986198318355289996e-03
8.175400742130911169e+00 1.221221634048510508e-03 8.175394645807770644e+00 9.983973771652492057e-03
8.173596818348338289e+00 1.221221634048510508e-03 8.173590723370368849e+00 9.981770781450622146e-03
8.171810622792127887e+00 1.221221634048510508e-03 8.171804529146108109e+00 9.979589441336939731e-03
8.170042231343291661e+00 1.221221634048510508e-03 8.170036139015945054e+00 9.977429843978952162e-03
8.168291719126495209e+00 1.221221634048510508e-03 8.168285628104490215e+00 9.975292081120504598e-03
8.166559160506858817e+00 1.221221634048510508e-03 8.166553070776807033e+00 9.973176243577868208e-03
8.164844629086795535e+00 1.221221634048510508e-03 8.164838540635255271e+00 9.971082421235878679e-03
8.163148197702891906e+00 1.221221634048510508e-03 8.163142110516364625e+00 9.969010703044130228e-03
8.161469938422811765e+00 1.221221634048510508e-03 8.161463852487747417e+00 9.966961177013192175e-03
8.159809922542226701e+00 1.221221634048510508e-03 8.159803837845021945e+00 9.964933930210858465e-03
8.158168220581799801e+00 1.221221634048510508e-03 8.158162137108796230e+00 9.962929048758464856e-03
8.156544902284181831e+00 1.221221634048510508e-03 8.156538820021673075e+00 9.960946617827228650e-03
8.154940036611050047e+00 1.221221634048510508e-03 8.154933955545274671e+00 9.958986721634616179e-03
8.153353691740177211e+00 1.221221634048510508e-03 8.153347611857325816e+00 9.957049443440781425e-03
8.151785935062539679e+00 1.221221634048510508e-03 8.151779856348749576e+00 9.955134865545021972e-03
8.150236833179452134e+00 1.221221634048510508e-03 8.150230755620814449e+00 9.953243069282281807e-03
8.148706451899730752e+00 1.221221634048510508e-03 8.148700375482283320e+00 9.951374135019692285e-03
8.147194856236914973e+00 1.221221634048510508e-03 8.147188780946651221e+00 9.949528142153175533e-03
8.145702110406487506e+00 1.221221634048510508e-03 8.145696036229351122e+00 9.947705169104046133e-03
8.144228277823158280e+00 1.221221634048510508e-03 8.144222204745044991e+00 9.945905293315703000e-03
8.142773421098164377e+00 1.221221634048510508e-03 8.142767349104925501e+00 9.944128591250323002e-03
8.141337602036609056e+00 1.221221634048510508e-03 8.141331531114047948e+00 9.942375138385617026e-03
8.139920881634845173e+00 1.221221634048510508e-03 8.139914811768719005e+00 9.940645009211632882e-03
8.138523320077871048e+00 1.221221634048510508e-03 8.138517251253894358e+00 9.938938277227573823e-03
8.137144976736790269e+00 1.221221634048510508e-03 8.137138908940631410e+00 9.937255014938696854e-03
8.135785910166267954e+00 1.221221634048510508e-03 8.135779843383552645e+00 9.935595293853209317e-03
8.134446178102065161e+00 1.221221634048510508e-03 8.134440112318376492e+00 9.933959184479253940e-03
8.133125837458566210e+00 1.221221634048510508e-03 8.133119772659444635e+00 9.932346756321890416e-03
8.131824944326382365e+00 1.221221634048510508e-03 8.131818880497323931e+00 9.930758077880170662e-03
8.130543553969946657e+00 1.221221634048510508e-03 8.130537491096410108e+00 9.929193216644198461e-03
8.129281720825181523e+00 1.221221634048510508e-03 8.129275658892582967e+00 9.927652239092282782e-03
8.128039498497182436e+00 1.221221634048510508e-03 8.128033437490897128e+00 9.926135210688110180e-03
8.126816939757935288e+00 1.221221634048510508e-03 8.126810879663301179e+00 9.924642195877955361e-03
8.125614096544085285e+00 0.000000000000000000e+00 8.125614096544085285e+00 0.000000000000000000e+00
8.124431019954721833e+00 0.000000000000000000e+00 8.124431019954721833e+00 0.000000000000000000e+00
8.123267760249206049e+00 0.000000000000000000e+00 8.123267760249206049e+00 0.000000000000000000e+00
8.122124366845042687e+00 0.000000000000000000e+00 8.122124366845042687e+00 0.000000000000000000e+00
8.121000888315782262e+00 0.000000000000000000e+00 8.121000888315782262e+00 0.000000000000000000e+00
8.119897372388946266e+00 0.000000000000000000e+00 8.119897372388946266e+00 0.000000000000000000e+00
8.118813865944010999e+00 0.000000000000000000e+00 8.118813865944010999e+00 0.000000000000000000e+00
8.117750415010407394e+00 0.000000000000000000e+00 8.117750415010407394e+00 0.000000000000000000e+00
8.116707064765575907e+00 0.000000000000000000e+00 8.116707064765575907e+00 0.000000000000000000e+00
8.115683859533033839e+00 0.000000000000000000e+00 8.115683859533033839e+00 0.000000000000000000e+00
8.114680842780506609e+00 0.000000000000000000e+00 8.114680842780506609e+00 0.000000000000000000e+00
8.113698057118069684e+00 0.000000000000000000e+00 8.113698057118069684e+00 0.000000000000000000e+00
8.112735544296345580e+00 0.000000000000000000e+00 8.112735544296345580e+00 0.000000000000000000e+00
8.111793345204725725e+00 0.000000000000000000e+00 8.111793345204725725e+00 0.000000000000000000e+00
8.110871499869634960e+00 0.000000000000000000e+00 8.110871499869634960e+00 0.000000000000000000e+00
8.109970047452833342e+00 0.000000000000000000e+00 8.109970047452833342e+00 0.000000000000000000e+00
8.109089026249749921e+00 0.000000000000000000e+00 8.109089026249749921e+00 0.000000000000000000e+00
8.108228473687859150e+00 0.000000000000000000e+00 8.108228473687859150e+00 0.000000000000000000e+00
8.107388426325080388e+00 0.000000000000000000e+00 8.107388426325080388e+00 0.000000000000000000e+00
8.106568919848243127e+00 0.000000000000000000e+00 8.106568919848243127e+00 0.000000000000000000e+00
8.105769989071552217e+00 0.000000000000000000e+00 8.105769989071552217e+00 0.000000000000000000e+00
8.104991667935120603e+00 0.000000000000000000e+00 8.104991667935120603e+00 0.000000000000000000e+00
8.104233989503526914e+00 0.000000000000000000e+00 8.104233989503526914e+00 0.000000000000000000e+00
8.103496985964403265e+00 0.000000000000000000e+00 8.103496985964403265e+00 0.000000000000000000e+00
8.102780688627074568e+00 0.000000000000000000e+00 8.102780688627074568e+00 0.000000000000000000e+00
8.102085127921228036e+00 0.000000000000000000e+00 8.102085127921228036e+00 0.000000000000000000e+00
8.101410333395614671e+00 0.000000000000000000e+00 8.101410333395614671e+00 0.000000000000000000e+00
8.100756333716804036e+00 0.000000000000000000e+00 8.100756333716804036e+00 0.000000000000000000e+00
8.100123156667958568e+00 0.000000000000000000e+00 8.100123156667958568e+00 0.000000000000000000e+00
8.099510829147650526e+00 0.000000000000000000e+00 8.099510829147650526e+00 0.000000000000000000e+00
8.098919377168730449e+00 0.000000000000000000e+00 8.098919377168730449e+00 0.000000000000000000e+00
8.098348825857215161e+00 0.000000000000000000e+00 8.098348825857215161e+00 0.000000000000000000e+00
8.097799199451220176e+00 0.000000000000000000e+00 8.097799199451220176e+00 0.000000000000000000e+00
8.097270521299925861e+00 0.000000000000000000e+00 8.097270521299925861e+00 0.000000000000000000e+00
8.096762813862596886e+00 0.000000000000000000e+00 8.096762813862596886e+00 0.000000000000000000e+00
8.096276098707621216e+00 0.000000000000000000e+00 8.096276098707621216e+00 0.000000000000000000e+00
8.095810396511593510e+00 0.000000000000000000e+00 8.095810396511593510e+00 0.000000000000000000e+00
8.095365727058434047e+00 0.000000000000000000e+00 8.095365727058434047e+00 0.000000000000000000e+00
8.094942109238555616e+00 0.000000000000000000e+00 8.094942109238555616e+00 0.000000000000000000e+00
8.094539561048057053e+00 0.000000000000000000e+00 8.094539561048057053e+00 0.000000000000000000e+00
8.094158099587957622e+00 0.000000000000000000e+00 8.094158099587957622e+00 0.000000000000000000e+00
8.093797741063472273e+00 0.000000000000000000e+00 8.093797741063472273e+00 0.000000000000000000e+00
8.093458500783324183e+00 0.000000000000000000e+00 8.093458500783324183e+00 0.000000000000000000e+00
8.093140393159089285e+00 0.000000000000000000e+00 8.093140393159089285e+00 0.000000000000000000e+00
8.092843431704594082e+00 0.000000000000000000e+00 8.092843431704594082e+00 0.000000000000000000e+00
8.092567629035325893e+00 0.000000000000000000e+00 8.092567629035325893e+00 0.000000000000000000e+00
8.092312996867914165e+00 0.000000000000000000e+00 8.092312996867914165e+00 0.000000000000000000e+00
8.092079546019622427e+00 0.000000000000000000e+00 8.092079546019622427e+00 0.000000000000000000e+00
8.091867286407891768e+00 0.000000000000000000e+00 8.091867286407891768e+00 0.000000000000000000e+00
8.091676227049914516e+00 0.000000000000000000e+00 8.091676227049914516e+00 0.000000000000000000e+00
8.091506376062261197e+00 0.000000000000000000e+00 8.091506376062261197e+00 0.000000000000000000e+00
8.091357740660528819e+00 0.000000000000000000e+00 8.091357740660528819e+00 0.000000000000000000e+00
8.091230327159033564e+00 0.000000000000000000e+00 8.091230327159033564e+00 0.000000000000000000e+00
8.091124140970544332e+00 0.000000000000000000e+00 8.091124140970544332e+00 0.000000000000000000e+00
8.091039186606055367e+00 0.000000000000000000e+00 8.091039186606055367e+00 0.000000000000000000e+00
8.090975467674590860e+00 0.000000000000000000e+00 8.090975467674590860e+00 0.000000000000000000e+00
