9.999961923064171199e-01 3.127647192809486612e-05
9.999657324975557149e-01 2.814826003008686381e-04
9.999048221581857687e-01 7.818656591906343383e-04
9.998134798421867142e-01 1.532371620432680746e-03
9.996917333733128519e-01 2.532930146563948555e-03
9.995396198367179075e-01 3.783466847032618610e-03
9.993571855676587345e-01 5.283918666472324673e-03
9.991444861373810493e-01 7.034251644916889902e-03
9.989015863361916381e-01 9.034480167970121434e-03
9.986285601537231438e-01 1.128468674388660026e-02
9.983254907563954283e-01 1.378504130811419870e-02
9.979924704620829479e-01 1.653581906594563111e-02
9.976296007119933584e-01 1.953741594033166565e-02
9.972369920397676779e-01 2.279036079237131696e-02
9.968147640378107743e-01 2.629532372229025430e-02
9.963630453208622839e-01 3.005311993277726482e-02
9.958819734868192830e-01 3.406470883665032451e-02
9.953716950748227044e-01 3.833118830784224690e-02
9.948323655206199323e-01 4.285378419840892017e-02
9.942641491092178985e-01 4.763383546372044336e-02
9.936672189248397791e-01 5.267277544196509453e-02
9.930417567982023908e-01 5.797211001156649807e-02
9.923879532511286072e-01 6.353339349088357735e-02
9.917060074385124491e-01 6.935820323981278790e-02
9.909961270876543882e-01 7.544811396584538699e-02
9.902585284349860739e-01 8.180467272349344066e-02
9.894934361602025774e-01 8.842937552455580608e-02
9.887010833178221381e-01 9.532364634948602145e-02
9.878817112661965050e-01 1.024888191725857878e-01
9.870355695939899698e-01 1.099261233944867772e-01
9.861629160441526265e-01 1.176366728258498168e-01
9.852640164354091734e-01 1.256214580999652775e-01
9.843391445812885721e-01 1.338813421238942980e-01
9.833885822067167659e-01 1.424170579232164613e-01
9.824126188622015476e-01 1.512292080089688018e-01
9.814115518356318901e-01 1.603182642100191013e-01
9.803856860617217173e-01 1.696845667804982860e-01
9.793353340291235387e-01 1.793283215175194567e-01
9.782608156852413694e-01 1.892495936132530532e-01
9.771624583387720220e-01 1.994482970178264869e-01
9.760405965600030820e-01 2.099241782023268943e-01
9.748955720789002077e-01 2.206767933780211799e-01
9.737277336810123973e-01 2.317054784398147049e-01
9.725374371012287522e-01 2.430093111480639834e-01
9.713250449154181565e-01 2.545870653311076981e-01
9.700909264299850676e-01 2.664371571689039819e-01
9.688354575693753912e-01 2.785575838939901017e-01
9.675590207615660798e-01 2.909458555086268938e-01
9.662620048215737611e-01 3.035989203570755302e-01
9.649448048330183658e-01 3.165130856019223726e-01
9.636078220277763950e-01 3.296839338278501064e-01
9.622514636637620189e-01 3.431062371318792104e-01
9.608761429008720878e-01 3.567738701546805391e-01
9.594822786751341370e-01 3.706797235635658216e-01
9.580702955710940216e-01 3.848156195163014992e-01
9.566406236924832607e-01 3.991722306191413661e-01
9.551936985312058370e-01 4.137390038465194597e-01
9.537299608346824220e-01 4.285040908181098063e-01
9.522498564715948799e-01 4.434542857360715407e-01
9.507538362960704648e-01 4.585749721757230168e-01
9.492423560103466773e-01 4.738500798006904380e-01
9.477158760259608572e-01 4.892620519423862557e-01
9.461748613235034799e-01 5.047918248464738911e-01
9.446197813109808994e-01 5.204188192482099851e-01
9.430511096808295024e-01 5.361209447960174623e-01
9.414693242656239081e-01 5.518746176997387787e-01
9.398749068925246197e-01 5.676547918375641766e-01
9.382683432365089837e-01 5.834350034144134556e-01
9.366501226724297524e-01 5.991874291248503459e-01
9.350207381259467709e-01 6.148829576359472471e-01
9.333806859233770847e-01 6.304912740702246499e-01
9.317304656405092089e-01 6.459809570363672648e-01
9.300705799504273008e-01 6.613195876265528517e-01
9.284015344703921979e-01 6.764738696747307767e-01
9.267238376078257289e-01 6.914097604510754946e-01
9.250380004054441496e-01 7.060926108553652325e-01
9.233445363855905530e-01 7.204873140674638021e-01
9.216439613938103292e-01 7.345584615179702181e-01
9.199367934417197468e-01 7.482705049578464163e-01
9.182235525492147277e-01 7.615879233339872822e-01
9.165047605860677793e-01 7.744753931196298735e-01
9.147809411129611545e-01 7.868979607055004433e-01
9.130526192220052017e-01 7.988212154307287038e-01
9.113203213767906430e-01 8.102114618226491372e-01
9.095845752520224092e-01 8.210358896222192948e-01
9.078459095727845485e-01 8.312627401971196539e-01
9.061048539534857227e-01 8.408614679876031950e-01
9.043619387365336992e-01 8.498028956902982101e-01
9.026176948307873538e-01 8.580593619617682410e-01
9.008726535498373655e-01 8.656048605154579301e-01
8.991273464501626789e-01 8.724151695913706650e-01
8.973823051692126906e-01 8.784679708956562028e-01
8.956380612634664562e-01 8.837429572353528995e-01
8.938951460465143217e-01 8.882219282096188717e-01
8.921540904272154959e-01 8.918888734606584823e-01
8.904154247479776352e-01 8.947300431327582793e-01
8.886796786232094014e-01 8.967340053339450945e-01
8.869473807779948427e-01 8.978916905393116155e-01
8.852190588870390009e-01 8.981964230155824458e-01
8.834952394139322651e-01 8.976439394806752237e-01
8.817764474507853167e-01 8.962323953376222230e-01
8.800632065582802976e-01 8.939623589372550638e-01
8.783560386061897152e-01 8.908367944265447314e-01
8.766554636144094914e-01 8.868610338279481198e-01
8.749619995945558948e-01 8.820427390679532742e-01
8.732761623921743155e-01 8.763918547293000350e-01
8.715984655296077355e-01 8.699205523400599382e-01
8.699294200495727436e-01 8.626431670334661073e-01
8.682695343594908355e-01 8.545761274147607445e-01
8.666193140766229597e-01 8.457378794555685531e-01
8.649792618740532735e-01 8.361488052028329676e-01
8.633498773275702920e-01 8.258311370389798123e-01
8.617316567634910607e-01 8.148088681641052489e-01
8.601250931074754247e-01 8.031076598911268682e-01
8.585306757343761364e-01 7.907547462533144333e-01
8.569488903191705420e-01 7.777788363229259927e-01
8.553802186890191450e-01 7.642100145329754346e-01
8.538251386764966755e-01 7.500796391849104960e-01
8.522841239740391872e-01 7.354202392172347613e-01
8.507576439896533671e-01 7.202654092079785464e-01
8.492461637039295796e-01 7.046497024920937990e-01
8.477501435284051645e-01 6.886085221978294202e-01
8.462700391653177334e-01 6.721780099484849780e-01
8.448063014687942074e-01 6.553949319420003805e-01
8.433593763075167837e-01 6.382965621143087409e-01
8.419297044289060228e-01 6.209205621163949029e-01
8.405177213248659074e-01 6.033048578916790916e-01
8.391238570991279566e-01 5.854875127305375626e-01
8.377485363362381365e-01 5.675065968021454355e-01
8.363921779722236494e-01 5.494000533183289736e-01
8.350551951669816786e-01 5.312055616662789692e-01
8.337379951784262833e-01 5.129603980516174166e-01
8.324409792384339646e-01 4.947012944137810231e-01
8.311645424306246532e-01 4.764642966040120720e-01
8.299090735700149768e-01 4.582846230432827128e-01
8.286749550845818879e-01 4.401965252934066930e-01
8.274625628987712922e-01 4.222331521691136125e-01
8.262722663189876471e-01 4.044264191818753851e-01
8.251044279210998367e-01 3.868068852280359682e-01
8.239594034399969624e-01 3.694036385057475336e-01
8.228375416612280224e-01 3.522441936600587686e-01
8.217391843147586750e-01 3.353544021079021276e-01
8.206646659708765057e-01 3.187583773814270938e-01
8.196143139382783271e-01 3.024784371483017487e-01
8.185884481643681543e-01 2.865350633230282495e-01
8.175873811377984968e-01 2.709468813782739405e-01
8.166114177932832785e-01 2.557306596065742066e-01
8.156608554187114724e-01 2.409013286797999087e-01
8.147359835645908710e-01 2.264720214177323165e-01
8.138370839558475289e-01 2.124541322210620753e-01
8.129644304060100746e-01 1.988573951624311165e-01
8.121182887338035394e-01 1.856899792768791080e-01
8.112989166821779063e-01 1.729585991656213129e-01
8.105065638397975780e-01 1.606686386395086430e-01
8.097414715650139705e-01 1.488242847949211856e-01
8.090038729123457673e-01 1.374286696479550818e-01
8.082939925614875953e-01 1.264840162632593357e-01
8.076120467488713262e-01 1.159917862101291358e-01
8.069582432017975426e-01 1.059528251658897191e-01
8.063327810751602653e-01 9.636750356772580406e-02
8.057358508907822570e-01 8.723584938800857391e-02
8.051676344793801121e-01 7.855767037076673287e-02
8.046283049251773400e-01 7.033266341081799433e-02
8.041180265131807614e-01 6.256050917183846038e-02
8.036369546791377605e-01 5.524095051217531305e-02
8.031852359621892701e-01 4.837385380207482460e-02
8.027630079602323665e-01 4.195925275613455324e-02
8.023703992880066860e-01 3.599737495186476621e-02
8.020075295379170965e-01 3.048865174061978628e-02
8.016745092436046161e-01 2.543371276230778702e-02
8.013714398462769006e-01 2.083336673270234918e-02
8.010984136638084063e-01 1.668857056588934906e-02
8.008555138626189951e-01 1.300038921065344889e-02
8.006428144323413099e-01 9.769948807387107345e-03
8.004603801632821369e-01 6.998385903529457178e-03
8.003082666266871925e-01 4.686795496130689159e-03
8.001865201578133302e-01 2.836180599081342037e-03
8.000951778418142757e-01 1.447405862658144920e-03
8.000342675024443295e-01 5.211575106799234362e-04
8.000038076935829245e-01 5.791151544781668721e-05
