1.000000000000000000e+00 3.816855674097936619e-16 3.478659467935414002e-26 3.816855674445802585e-16
9.999962028449664864e-01 4.274508806507615594e-11 4.157364837111684114e-11 8.431873643619299708e-11
9.999658266860689260e-01 3.409364421482863259e-09 3.367293662562149378e-09 6.776658084045013050e-09
9.999050801353547291e-01 2.551562056434417767e-08 2.597358063153017627e-08 5.148920119587435064e-08
9.998139747258903975e-01 9.360767196812392823e-08 9.967444978060279743e-08 1.932821217487267389e-07
9.996925277545389843e-01 2.404380251054577031e-07 2.717117579370347607e-07 5.121497830424924637e-07
9.995407622786756097e-01 4.962030684656452668e-07 6.035552057577579605e-07 1.099758274223403333e-06
9.993587071118108511e-01 8.803138725316907232e-07 1.168401117973965528e-06 2.048714990505656146e-06
9.991463968181187871e-01 1.394634897519396809e-06 2.046873690557348423e-06 3.441508588076745232e-06
9.989038717058763561e-01 2.019638524590739932e-06 3.320632642850002702e-06 5.340271167440742211e-06
9.986311778198095901e-01 2.714448305326126322e-06 5.063955930576374729e-06 7.778404235902501899e-06
9.983283669323523846e-01 3.421038353757928940e-06 7.333854903385416707e-06 1.075489325714334480e-05
9.979954965338168060e-01 4.072039545017448796e-06 1.015980500582796365e-05 1.423184455084541245e-05
9.976326298214782673e-01 4.600832556209663524e-06 1.353461246674921683e-05 1.813544502295888120e-05
9.972398356875775693e-01 4.952062581903464916e-06 1.740814758672994320e-05 2.236021016863340812e-05
9.968171887062406977e-01 5.090533006382255263e-06 2.168554422935261683e-05 2.677607723573487294e-05
9.963647691193214806e-01 5.006703797704452707e-06 2.623094553406536561e-05 3.123764933176981663e-05
9.958826628211659981e-01 4.717698703418805077e-06 3.087701768370052169e-05 3.559471638711932931e-05
9.953709613423060709e-01 4.263676522699124587e-06 3.543940992999321368e-05 3.970308645269233827e-05
9.948297618320811608e-01 3.700415802037555862e-06 3.973433913421227229e-05 4.343475493624983027e-05
9.942591670401942361e-01 3.089754295801830987e-06 4.359676885519020136e-05 4.668652315099202938e-05
9.936592852972040424e-01 2.489907761487785274e-06 4.689643170596857345e-05 4.938633946745636042e-05
9.930302304939583324e-01 1.947577747139391189e-06 4.954928850078478818e-05 5.149686624792417726e-05
9.923721220599703852e-01 1.493190690852149298e-06 5.152286057640888679e-05 5.301605126726103439e-05
9.916850849407451429e-01 1.139767983699164166e-06 5.283501168616797517e-05 5.397477966986714251e-05
9.909692495740577423e-01 8.850519249426026079e-07 5.354691693924114803e-05 5.443196886418374736e-05
9.902247518651887681e-01 7.158440254063736110e-07 5.375186921974336345e-05 5.446771324514973505e-05
9.894517331611218935e-01 6.132033438718620922e-07 5.356205403521137733e-05 5.417525737908323794e-05
9.886503402237090121e-01 5.572355201573296270e-07 5.309541893961224144e-05 5.365265445976956810e-05
9.878207252018058604e-01 5.305890787606618768e-07 5.246435287757810802e-05 5.299494195633876989e-05
9.869630456023863463e-01 5.203004195148187422e-07 5.176724385076755510e-05 5.228754427028237649e-05
9.860774642606383589e-01 5.181172992700794522e-07 5.108329576983096170e-05 5.160141306910104189e-05
9.851641493090494972e-01 5.197543621335887685e-07 5.047041651418073313e-05 5.099017087631432370e-05
9.842232741454854938e-01 5.236445818191738122e-07 4.996562443145415538e-05 5.048926901327333131e-05
9.832550174002697707e-01 5.296761768419866038e-07 4.958726650530970100e-05 5.011694268215168496e-05
9.822595629022696784e-01 5.382233546813539398e-07 4.933834896053662211e-05 4.987657231521797795e-05
9.812370996439953030e-01 5.495791948159261020e-07 4.921037971762834412e-05 4.975995891244427012e-05
9.801878217457187237e-01 5.637457638896555243e-07 4.918725078257223468e-05 4.975099654646189062e-05
9.791119284186187155e-01 5.804587042154590378e-07 4.924881158584458349e-05 4.982927029006004147e-05
9.780096239269594482e-01 5.993148560508982335e-07 4.937389084860366247e-05 4.997320570465456070e-05
9.768811175493100629e-01 6.199058596640460477e-07 4.954261884171992110e-05 5.016252470138397033e-05
9.757266235388117881e-01 6.419083276494485112e-07 4.973799031804188779e-05 5.037989864569133503e-05
9.745463610825009226e-01 6.651208150983626617e-07 4.994669176835498693e-05 5.061181258345335161e-05
9.733405542596946791e-01 6.894603006713017851e-07 5.015928900521037333e-05 5.084874930588167692e-05
9.721094319994489918e-01 7.149374065476787802e-07 5.036992337090697596e-05 5.108486077745465231e-05
9.708532280370945067e-01 7.416262478926246502e-07 5.057569012938496397e-05 5.131731637727759000e-05
9.695721808698612998e-01 7.696380569039625518e-07 5.077586947212900706e-05 5.154550752903296930e-05
9.682665337115982096e-01 7.991018639804170092e-07 5.097115386247657600e-05 5.177025572645699227e-05
9.669365344465976619e-01 8.301520443736250769e-07 5.116297423200149089e-05 5.199312627637511395e-05
9.655824355825335381e-01 8.629212260533756232e-07 5.135298211590432106e-05 5.221590334195769467e-05
9.642044942025211895e-01 8.975369923768762152e-07 5.154270393424955667e-05 5.244024092662643362e-05
9.628029719163085920e-01 9.341211382118792582e-07 5.173335290699784898e-05 5.266747404520972527e-05
9.613781348106085201e-01 9.727905868275568796e-07 5.192576564809806526e-05 5.289855623492561960e-05
9.599302533985801800e-01 1.013659272516520895e-06 5.212042352916220346e-05 5.313408280167872477e-05
9.584596025684715137e-01 1.056840435011731852e-06 5.231752080717736689e-05 5.337436124218909663e-05
9.569664615314292799e-01 1.102448903025816154e-06 5.251704890940349677e-05 5.361949781242931589e-05
9.554511137684900124e-01 1.150603084700074223e-06 5.271887594873024975e-05 5.386947903343032270e-05
9.539138469767589612e-01 1.201426526178267113e-06 5.292280999771329725e-05 5.412423652389156288e-05
9.523549530147895625e-01 1.255049028174171600e-06 5.312864230613435616e-05 5.438369133430853009e-05
9.507747278471727626e-01 1.311607384011520247e-06 5.333617183762322440e-05 5.464777922163474740e-05
9.491734714883459656e-01 1.371245854327279974e-06 5.354521526349583383e-05 5.491646111782311148e-05
9.475514879456337081e-01 1.434116488819585320e-06 5.375560736625883187e-05 5.518972385507841930e-05
9.459090851615306050e-01 1.500379397294028193e-06 5.396719633249905275e-05 5.546757572979307967e-05
9.442465749552366727e-01 1.570203037741247555e-06 5.417983729606270821e-05 5.575004033380395746e-05
9.425642729634560180e-01 1.643764571175914934e-06 5.439338622954588301e-05 5.603715080072179625e-05
9.408624985804727725e-01 1.721250302408916876e-06 5.460769519062380454e-05 5.632894549303272354e-05
9.391415748975111555e-01 1.802856210452627197e-06 5.482260915285624720e-05 5.662546536330887652e-05
9.374018286413953183e-01 1.888788576184330341e-06 5.503796420162082327e-05 5.692675277780515509e-05
9.356435901125185195e-01 1.979264692035852023e-06 5.525358669401179415e-05 5.723285138604764405e-05
9.338671931221337319e-01 2.074513659781567356e-06 5.546929297584944591e-05 5.754380663563101242e-05
9.320729749289775601e-01 2.174777261154982796e-06 5.568488933487976389e-05 5.785966659603474838e-05
9.302612761752402371e-01 2.280310921120052648e-06 5.590017198119581499e-05 5.818048290231586764e-05
9.284324408218920244e-01 2.391384744424205343e-06 5.611492694624869277e-05 5.850631169067289726e-05
9.265868160833812262e-01 2.508284652125286336e-06 5.632892986283207821e-05 5.883721451495736455e-05
9.247247523617134757e-01 2.631313598389560720e-06 5.654194562917993361e-05 5.917325922756949517e-05
9.228466031799249514e-01 2.760792894408623679e-06 5.675372797691150310e-05 5.951452087132012847e-05
9.209527251149658422e-01 2.897063620970475643e-06 5.696401896373666019e-05 5.986108258470713414e-05
9.190434777300006131e-01 3.040488143452839719e-06 5.717254840546463605e-05 6.021303654891747831e-05
9.171192235061439435e-01 3.191451716862527759e-06 5.737903325362424728e-05 6.057048497048677461e-05
9.151803277736413333e-01 3.350364175525858696e-06 5.758317691755363298e-05 6.093354109307948913e-05
9.132271586425091403e-01 3.517661704920908833e-06 5.778466852494525553e-05 6.130233022986616097e-05
9.112600869326469288e-01 3.693808663182606626e-06 5.798318211179545535e-05 6.167699077497806198e-05
9.092794861034355636e-01 3.879299452161746433e-06 5.817837573186364277e-05 6.205767518402539428e-05
9.072857321828332600e-01 4.074660398201431053e-06 5.836989047555553951e-05 6.244455087375697057e-05
9.052792036959851352e-01 4.280451614196470942e-06 5.855734938917416985e-05 6.283780100337064164e-05
9.032602815933579166e-01 4.497268810435614917e-06 5.874035628641838779e-05 6.323762509685400355e-05
9.012293491784143518e-01 4.725745001172304712e-06 5.891849444566889108e-05 6.364423944684119579e-05
8.991867920348413090e-01 4.966552062779842035e-06 5.909132518826927755e-05 6.405787725104911958e-05
8.971329979533440024e-01 5.220402074412275215e-06 5.925838633533987970e-05 6.447878840975215830e-05
8.950683568580222182e-01 5.488048387655763686e-06 5.941919054312843680e-05 6.490723893078419540e-05
8.929932607323408655e-01 5.770286340746043374e-06 5.957322352030609879e-05 6.534350986105214216e-05
8.909081035447101726e-01 6.067953536692324264e-06 5.971994213417460516e-05 6.578789567086692689e-05
8.888132811736878525e-01 6.381929619277320936e-06 5.985877241742495179e-05 6.624070203670227950e-05
8.867091913328201125e-01 6.713135423733965489e-06 5.998910749187561420e-05 6.670224291560958307e-05
8.845962334951332773e-01 7.062531440250214646e-06 6.011030543140432882e-05 6.717283687165454854e-05
8.824748088172915672e-01 7.431115473826049826e-06 6.022168709247515154e-05 6.765280256630119967e-05
8.803453200634353548e-01 7.819919418110629497e-06 6.032253394727254145e-05 6.814245336538317095e-05
8.782081715287141099e-01 8.230005035104302503e-06 6.041208596156504539e-05 6.864209099666934450e-05
8.760637689625290214e-01 8.662458667690024969e-06 6.048953956675769779e-05 6.915199823444772784e-05
8.739125194914988404e-01 9.118384798229358664e-06 6.055404578287091949e-05 6.967243058110028154e-05
8.717548315421650429e-01 9.598898362832646410e-06 6.060470855667327966e-05 7.020360691950592268e-05
8.695911147634494132e-01 1.010511579868229939e-05 6.064058338592714730e-05 7.074569918460944839e-05
8.674217799488801450e-01 1.063814474357466870e-05 6.066067630748202765e-05 7.129882105105669974e-05
8.652472389586007839e-01 1.119907238057554134e-05 6.066394333208585145e-05 7.186301571266139618e-05
8.630679046411755539e-01 1.178895243172314256e-05 6.064929041373867241e-05 7.243824284546181158e-05
8.608841907552082784e-01 1.240879079927383969e-05 6.061557404420287349e-05 7.302436484347671656e-05
8.586965118907881056e-01 1.305952992642419537e-05 6.056160256472821463e-05 7.362113249115241338e-05
8.565052833907771390e-01 1.374203193512511207e-05 6.048613828654723527e-05 7.422817022167235072e-05
8.543109212719550705e-01 1.445706067357667951e-05 6.038790050871510471e-05 7.484496118229178930e-05
8.521138421460366930e-01 1.520526278934749901e-05 6.026556951657213290e-05 7.547083230591962683e-05
8.499144631405751715e-01 1.598714803846007927e-05 6.011779163599072196e-05 7.610493967445080123e-05
8.477132018197688357e-01 1.680306900925487880e-05 5.994318540771381828e-05 7.674625441696869370e-05
8.455104761051834839e-01 1.765320054427168506e-05 5.974034893218870587e-05 7.739354947646039432e-05
8.433067041964087407e-01 1.853751911480222623e-05 5.950786841853371664e-05 7.804538753333593610e-05
8.411023044916593472e-01 1.945578248417121047e-05 5.924432795171233340e-05 7.870011043588354387e-05
8.388976955083408127e-01 2.040750999341008507e-05 5.894832046967725603e-05 7.935583046308733771e-05
8.366932958035913082e-01 2.139196383973897709e-05 5.861845991773276374e-05 8.001042375747174082e-05
8.344895238948165650e-01 2.240813175596076227e-05 5.825339452066656911e-05 8.066152627662733139e-05
8.322867981802313242e-01 2.345471145859370820e-05 5.785182108534438829e-05 8.130653254393810326e-05
8.300855368594248773e-01 2.453009732478032912e-05 5.741250021746000822e-05 8.194259754224033395e-05
8.278861578539634669e-01 2.563236965781886905e-05 5.693427230707971101e-05 8.256664196489858006e-05
8.256890787280449784e-01 2.675928697055799960e-05 5.641607410915018924e-05 8.317536107970818207e-05
8.234947166092229098e-01 2.790828163970959856e-05 5.585695571786053893e-05 8.376523735757014427e-05
8.213034881092119432e-01 2.907645927882890398e-05 5.525609770875051520e-05 8.433255698757942257e-05
8.191158092447917705e-01 3.026060211477853281e-05 5.461282820038163217e-05 8.487343031516017175e-05
8.169320953588246059e-01 3.145717660913333090e-05 5.392663956885738628e-05 8.538381617799071718e-05
8.147527610413992649e-01 3.266234549567604770e-05 5.319720453476802771e-05 8.585955003044407540e-05
8.125782200511199038e-01 3.387198431092797998e-05 5.242439133308736605e-05 8.629637564401535280e-05
8.104088852365507467e-01 3.508170246323327800e-05 5.160827767324183298e-05 8.668998013647511098e-05
8.082451684578351170e-01 3.628686872959944456e-05 5.074916319955047003e-05 8.703603192914991459e-05
8.060874805085012085e-01 3.748264103126186991e-05 4.984758017095966727e-05 8.733022120222154396e-05
8.039362310374710274e-01 3.866400023978281092e-05 4.890430209452003809e-05 8.756830233430285579e-05
8.017918284712859389e-01 3.982578765511827855e-05 4.792035006880448567e-05 8.774613772392277100e-05
7.996546799365646940e-01 4.096274574163069122e-05 4.689699662126741212e-05 8.785974236289809656e-05
7.975251911827084816e-01 4.206956161929033933e-05 4.583576685727834554e-05 8.790532847656869165e-05
7.954037665048667716e-01 4.314091276762948185e-05 4.473843677744166586e-05 8.787934954507115449e-05
7.932908086671799364e-01 4.417151430052642280e-05 4.360702866353873724e-05 8.777854296406516004e-05
7.911867188263121964e-01 4.515616720746752990e-05 4.244380348073282074e-05 8.759997068820035064e-05
7.890918964552898762e-01 4.608980684774662689e-05 4.125125029433010439e-05 8.734105714207673129e-05
7.870067392676591833e-01 4.696755106659682708e-05 4.003207275167882566e-05 8.699962381827565274e-05
7.849316431419779416e-01 4.778474722154849296e-05 3.878917273323933049e-05 8.657391995478783023e-05
7.828670020466560464e-01 4.853701749661043589e-05 3.752563132993852685e-05 8.606264882654896952e-05
7.808132079651587398e-01 4.922030186813510931e-05 3.624468735570074570e-05 8.546498922383585501e-05
7.787706508215856971e-01 4.983089813771810985e-05 3.494971365290428910e-05 8.478061179062240573e-05
7.767397184066422433e-01 5.036549851837005421e-05 3.364419149397085906e-05 8.400969001234091327e-05
7.747207963040150247e-01 5.082122227257021584e-05 3.233168342214035100e-05 8.315290569471057362e-05
7.727142678171667889e-01 5.119564399931076108e-05 3.101580490869306947e-05 8.221144890800383056e-05
7.707205138965644853e-01 5.148681721254563484e-05 2.970019523057040861e-05 8.118701244311604345e-05
7.687399130673531200e-01 5.169329293210873997e-05 2.838848799125541974e-05 8.008178092336416310e-05
7.667728413574909085e-01 5.181413304892118011e-05 2.708428171789213797e-05 7.889841476681331808e-05
7.648196722263587155e-01 5.184891834596627063e-05 2.579111096852688948e-05 7.764002931449315672e-05
7.628807764938561053e-01 5.179775107354228712e-05 2.451241837508834933e-05 7.631016944863064323e-05
7.609565222699994358e-01 5.166125208562176462e-05 2.325152802984401581e-05 7.491278011546577366e-05
7.590472748850342066e-01 5.144055260797213359e-05 2.201162059635314248e-05 7.345217320432527268e-05
7.571533968200749865e-01 5.113728077675616971e-05 2.079571049074356993e-05 7.193299126749973964e-05
7.552752476382866842e-01 5.075354314727176740e-05 1.960662543651556098e-05 7.036016858378733516e-05
7.534131839166188227e-01 5.029190148846849972e-05 1.844698864731631911e-05 6.873889013578481544e-05
7.515675591781081355e-01 4.975534518994125416e-05 1.731920383904376977e-05 6.707454902898502393e-05
7.497387238247599228e-01 4.914725971159747208e-05 1.622544321694670985e-05 6.537270292854418532e-05
7.479270250710224888e-01 4.847139157300138366e-05 1.516763852740509769e-05 6.363903010040647965e-05
7.461328068778663170e-01 4.773181040467267732e-05 1.414747520945534864e-05 6.187928561412803273e-05
7.443564098874815294e-01 4.693286867129885736e-05 1.316638962894709625e-05 6.009925830024595361e-05
7.425981713586047306e-01 4.607915968399058939e-05 1.222556932853937280e-05 5.830472901252996558e-05
7.408584251024888934e-01 4.517547456291797490e-05 1.132595617802301105e-05 5.650143074094098256e-05
7.391375014195272763e-01 4.422675880699697946e-05 1.046825225929985976e-05 5.469501106629683584e-05
7.374357270365440309e-01 4.323806909341026874e-05 9.652928266946033507e-06 5.289099736035630055e-05
7.357534250447633761e-01 4.221453090809170605e-05 8.880234149150575577e-06 5.109476505724228502e-05
7.340909148384694438e-01 4.116129750653598228e-05 8.150211661807452122e-06 4.931150916834343609e-05
7.324485120543664518e-01 4.008351065213907954e-05 7.462708475316819194e-06 4.754621912745590127e-05
7.308265285116541943e-01 3.898626348359154192e-05 6.817393483289469609e-06 4.580365696688101069e-05
7.292252721528272863e-01 3.787456585527125319e-05 6.213773044398908219e-06 4.408833889967016310e-05
7.276450469852105973e-01 3.675331254670111087e-05 5.651208069561607978e-06 4.240452061626271546e-05
7.260861530232411987e-01 3.562725483940140848e-05 5.128932156308652349e-06 4.075618699571006168e-05
7.245488862315100365e-01 3.450097623843073667e-05 4.646071346680986012e-06 3.914704758511172353e-05
7.230335384685707689e-01 3.337887333655373479e-05 4.201666472411930198e-06 3.758053980896566414e-05
7.215403974315285351e-01 3.226514304829757615e-05 3.794699325828119812e-06 3.605984237412569596e-05
7.200697466014198689e-01 3.116377739462099336e-05 3.424123888705160653e-06 3.458790128332615529e-05
7.186218651893916398e-01 3.007856667801874138e-05 3.088903384205392121e-06 3.316747006222413308e-05
7.171970280836914569e-01 2.901311096125009785e-05 2.788052848759962714e-06 3.180116381001006057e-05
7.157955057974788593e-01 2.797083821136124658e-05 2.520685212672291318e-06 3.049152342403353705e-05
7.144175644174665107e-01 2.695502557405781007e-05 2.286056650935185037e-06 2.924108222499299554e-05
7.130634655534023869e-01 2.596881773684513585e-05 2.083604533222454650e-06 2.805242227006759134e-05
7.117334662884018393e-01 2.501523432069201045e-05 1.912969161230659337e-06 2.692820348192267064e-05
7.104278191301387491e-01 2.409715666769851155e-05 1.773989249097846011e-06 2.587114591679635629e-05
7.091467719629055422e-01 2.321728409275279962e-05 1.666661397446071805e-06 2.488394549019887184e-05
7.078905680005510570e-01 2.237805141625318412e-05 1.591056104129045373e-06 2.396910752038222949e-05
7.066594457403053697e-01 2.158150297951862967e-05 1.547187313055299836e-06 2.312869029257392844e-05
7.054536389174991262e-01 2.082912410366973376e-05 1.534838876515492920e-06 2.236396298018522626e-05
7.042733764611882608e-01 2.012163791944841478e-05 1.553358887215043951e-06 2.167499680666345937e-05
7.031188824506899859e-01 1.945878307412004930e-05 1.601440513986749265e-06 2.106022358810679814e-05
7.019903760730406006e-01 1.883909487291978609e-05 1.676914398903534404e-06 2.051600927182332113e-05
7.008880715813814444e-01 1.825971743844514525e-05 1.776581488025389642e-06 2.003629892647053405e-05
6.998121782542813252e-01 1.771627657771682890e-05 1.896115284035067065e-06 1.961239186175189723e-05
6.987629003560047458e-01 1.720284130463368120e-05 2.030058348635423309e-06 1.923289965326910621e-05
6.977404370977303705e-01 1.671199639707664949e-05 2.171929544889885966e-06 1.888392594196653545e-05
6.967449825997302781e-01 1.623503896787357472e-05 2.314446814552185449e-06 1.854948578242576144e-05
6.957767258545145550e-01 1.576230042854366483e-05 2.449856681256274820e-06 1.821215710979993965e-05
6.948358506909504406e-01 1.528358213525494059e-05 2.570348017536646820e-06 1.785393015279158825e-05
6.939225357393616900e-01 1.478868055304388778e-05 2.668515884940383145e-06 1.745719643798427262e-05
6.930369543976138136e-01 1.426796739533700647e-05 2.737833210474665243e-06 1.700580060581167129e-05
6.921792747981941885e-01 1.371298294497132974e-05 2.773084952041958429e-06 1.648606789701328944e-05
6.913496597762910367e-01 1.311699765589942407e-05 2.770721772613944932e-06 1.588771942851337069e-05
6.905482668388781553e-01 1.247549847512525489e-05 2.729097837898202566e-06 1.520459631302345746e-05
6.897752481348113918e-01 1.178656128713957812e-05 2.648569182580778890e-06 1.443513046972035786e-05
6.890307504259423066e-01 1.105107974826289422e-05 2.531443588421995792e-06 1.358252333668489044e-05
6.883149150592549059e-01 1.027283109357062593e-05 2.381788191739967821e-06 1.265461928531059460e-05
6.876278779400296637e-01 9.458371869322647834e-06 2.205115160910697857e-06 1.166348703023334569e-05
6.869697695060417164e-01 8.616768158821302767e-06 2.007977070860282366e-06 1.062474522968158598e-05
6.863407147027960065e-01 7.759176293376798001e-06 1.797510831559885129e-06 9.556687124936682706e-06
6.857408329598058128e-01 6.898299398725720277e-06 1.580971586506285394e-06 8.479270985232005247e-06
6.851702381679188880e-01 6.047752927407999635e-06 1.365295916693349921e-06 7.413048844101349768e-06
6.846290386576939779e-01 5.221377279232434261e-06 1.156727587301651823e-06 6.378104866534086083e-06
6.841173371788340507e-01 4.432538673039553383e-06 9.605300345043721774e-07 5.393068707543925773e-06
6.836352308806785683e-01 3.693459462421700429e-06 7.807991516150422641e-07 4.474258614036742270e-06
6.831828112937592401e-01 3.014617268223592843e-06 6.203790995276298603e-07 3.634996367751222491e-06
6.827601643124225905e-01 2.404247804025265273e-06 4.808741036378039491e-07 2.885121907663069328e-06
6.823673701785217816e-01 1.867980117561458677e-06 3.627414874213690054e-07 2.230721604982827682e-06
6.820045034661832428e-01 1.408624954121345564e-06 2.654461279495843553e-07 1.674071082070929813e-06
6.816716330676476643e-01 1.026127861670538982e-06 1.876542862786770947e-07 1.213782147949216103e-06
6.813688221801904588e-01 7.176887827511298572e-07 1.274451740206328854e-07 8.451339567717627426e-07
6.810961282941236927e-01 4.780398380827070555e-07 8.252118022729319763e-08 5.605610183100002135e-07
6.808536031818812617e-01 2.998637182181071991e-07 5.040173096713337520e-08 3.502654491852405810e-07
6.806412928881891977e-01 1.743264294659611522e-07 2.859055535550473222e-08 2.029169848214658778e-07
6.804592377213243282e-01 9.169172299761605138e-08 1.471099790427822892e-08 1.064027209018942853e-07
6.803074722454611756e-01 4.197945972255426808e-08 6.608383887138044047e-09 4.858784360969231461e-08
6.801860252741097623e-01 1.562802773075481996e-08 2.421918492385375414e-09 1.804994622314019455e-08
6.800949198646453198e-01 4.120740538461226002e-09 6.309702939507785870e-10 4.751710832412004175e-09
6.800000000000000488e-01 9.261179561771767499e-19 4.916012107946543505e-29 9.261179562263368821e-19
