1.052628901648216431e+00 1.649049659713772081e-09
1.052607483427032253e+00 1.450582720012320739e-09
1.052564647902149098e+00 1.121755374392540515e-09
1.052500396908498503e+00 7.604428871510476573e-10
1.052414733198378860e+00 4.486220675027131577e-10
1.052307660441338832e+00 2.276635388798930904e-10
1.052179183224018377e+00 9.852450265045176905e-11
1.052029307049954454e+00 3.682392987309613044e-11
1.051858038339343437e+00 1.253353311392400878e-11
1.051665384428766448e+00 4.181347368551427828e-12
1.051451353570876268e+00 1.480225954855158142e-12
1.051215954934042074e+00 6.966298994788200463e-13
1.050959198601958411e+00 5.193045671499460604e-13
1.050681095573211987e+00 4.872779207348537363e-13
1.050381657760810494e+00 4.807729254324397172e-13
1.050060897991673681e+00 4.792015157291241710e-13
1.049718830006082460e+00 4.789004130508931447e-13
1.049355468457090490e+00 4.788982164273966870e-13
1.048970828909897346e+00 4.789216614064024991e-13
1.048564927841181271e+00 4.789276979806774849e-13
1.048137782638392856e+00 4.789286350427215356e-13
1.047689411599010967e+00 4.789305322214265566e-13
1.047219833929758703e+00 4.789330432942811388e-13
1.046729069745780727e+00 4.789356404812386800e-13
1.046217140069780616e+00 4.789383108430319364e-13
1.045684066831122694e+00 4.789410846452864116e-13
1.045129872864889897e+00 4.789439624854177532e-13
1.044554581910906998e+00 4.789469430254041688e-13
1.043958218612724309e+00 4.789500264295551109e-13
1.043340808516560081e+00 4.789532129796148393e-13
1.042702378070208269e+00 4.789565030388534727e-13
1.042042954621904549e+00 4.789598970892074183e-13
1.041362566419154145e+00 4.789633957316137987e-13
1.040661242607523684e+00 4.789669996746313663e-13
1.039939013229390863e+00 4.789707097356364424e-13
1.039195909222658365e+00 4.789745268354326109e-13
1.038431962419428700e+00 4.789784519921670234e-13
1.037647205544640183e+00 4.789824863117167474e-13
1.036841672214665833e+00 4.789866309868759230e-13
1.036015396935872079e+00 4.789908872848521292e-13
1.035168415103141948e+00 4.789952565452947613e-13
1.034300762998358270e+00 4.789997401690147995e-13
1.033412477788849149e+00 4.790043396129700268e-13
1.032503597525797012e+00 4.790090563821257007e-13
1.031574161142606805e+00 4.790138920231638609e-13
1.030624208453240209e+00 4.790188481181029717e-13
1.029653780150508569e+00 4.790239262790429224e-13
1.028662917804330501e+00 4.790291281376042364e-13
1.027651663859951103e+00 4.790344553439813376e-13
1.026620061636123626e+00 4.790399095602742145e-13
1.025568155323253849e+00 4.790454924573052085e-13
1.024495989981507371e+00 4.790512057072194231e-13
1.023403611538878710e+00 4.790570509821829643e-13
1.022291066789224878e+00 4.790630299517618525e-13
1.021158403390260094e+00 4.790691442806178926e-13
1.020005669861514530e+00 4.790753956238533593e-13
1.018832915582255971e+00 4.790817856290332074e-13
1.017640190789374399e+00 4.790883159326605678e-13
1.016427546575230378e+00 4.790949881617883963e-13
1.015195034885465919e+00 4.791018039323574383e-13
1.013942708516780034e+00 4.791087648506932725e-13
1.012670621114665881e+00 4.791158725124618339e-13
1.011378827171113937e+00 4.791231285057877992e-13
1.010067382022277638e+00 4.791305344107494138e-13
1.008736341846102169e+00 4.791380918026329906e-13
1.007385763659918609e+00 4.791458022511465228e-13
1.006015705318001441e+00 4.791536673243157738e-13
1.004626225509090087e+00 4.791616885893613387e-13
1.003217383753874925e+00 4.791698676159993897e-13
1.001789240402447767e+00 4.791782059762142824e-13
1.000341856631716819e+00 4.791867052480681105e-13
9.988752944427852221e-01 4.791953670167455860e-13
9.973896166582962852e-01 4.792041928778919443e-13
9.958848869197416409e-01 4.792131844372485271e-13
9.943611696847347581e-01 4.792223433143699466e-13
9.928185302242509280e-01 4.792316711432083214e-13
9.912570346198303906e-01 4.792411695745512988e-13
9.896767497607477093e-01 4.792508402763438597e-13
9.880777433411467303e-01 4.792606849362346854e-13
9.864600838571402353e-01 4.792707052612881797e-13
9.848238406038769543e-01 4.792809029801859080e-13
9.831690836725719418e-01 4.792912798434904429e-13
9.814958839475043106e-01 4.793018376253884820e-13
9.798043131029818831e-01 4.793125781227282606e-13
9.780944436002694253e-01 4.793235031567698384e-13
9.763663486844855743e-01 4.793346145734807523e-13
9.746201023814649034e-01 4.793459142442247611e-13
9.728557794945873471e-01 4.793574040648513609e-13
9.710734556015729879e-01 4.793690859567887306e-13
9.692732070512455333e-01 4.793809618670858374e-13
9.674551109602609333e-01 4.793930337688534923e-13
9.656192452098049106e-01 4.794053036602496606e-13
9.637656884422558523e-01 4.794177735651478100e-13
9.618945200578166155e-01 4.794304455331165136e-13
9.600058202111130257e-01 4.794433216396113011e-13
9.580996698077604012e-01 4.794564039853565958e-13
9.561761505008981032e-01 4.794696946965751277e-13
9.542353446876907785e-01 4.794831959249113953e-13
9.522773355058002931e-01 4.794969098475913057e-13
9.503022068298232483e-01 4.795108386670783576e-13
9.483100432676985214e-01 4.795249846112057153e-13
9.463009301570821652e-01 4.795393499331150186e-13
9.442749535616934420e-01 4.795539369114547968e-13
9.422322002676266628e-01 4.795687478504838665e-13
9.401727577796339386e-01 4.795837850801100049e-13
9.380967143173772893e-01 4.795990509557073879e-13
9.360041588116490008e-01 4.796145478585089762e-13
9.338951809005624494e-01 4.796302781960794786e-13
9.317698709257118406e-01 4.796462444022865738e-13
9.296283199283030818e-01 4.796624489372959634e-13
9.274706196452533469e-01 4.796788942880193936e-13
9.252968625052613305e-01 4.796955829686700138e-13
9.231071416248479711e-01 4.797125175209133331e-13
9.209015508043678633e-01 4.797297005139410320e-13
9.186801845239911390e-01 4.797471345451850523e-13
9.164431379396558164e-01 4.797648222407185653e-13
9.141905068789921707e-01 4.797827662555277948e-13
9.119223878372173520e-01 4.798009692740884783e-13
9.096388779730024687e-01 4.798194340109184990e-13
9.073400751043099177e-01 4.798381632108491024e-13
9.050260777042034022e-01 4.798571596496379110e-13
9.026969848966301946e-01 4.798764261346565579e-13
9.003528964521740896e-01 4.798959655056215388e-13
8.979939127837825996e-01 4.799157806347738443e-13
8.956201349424648406e-01 4.799358744278524529e-13
8.932316646129625504e-01 4.799562498248661771e-13
8.908286041093953500e-01 4.799769098007050627e-13
8.884110563708775832e-01 4.799978573653704075e-13
8.859791249571076222e-01 4.800190955651003211e-13
8.835329140439336371e-01 4.800406274832032667e-13
8.810725284188889450e-01 4.800624562408990750e-13
8.785980734767053768e-01 4.800845849975936954e-13
8.761096552147971117e-01 4.801070169522651674e-13
8.736073802287198653e-01 4.801297553441312624e-13
8.710913557076063185e-01 4.801528034537599975e-13
8.685616894295726809e-01 4.801761646035848059e-13
8.660184897571030493e-01 4.801998421592783922e-13
8.634618656324071218e-01 4.802238395304373370e-13
8.608919265727528192e-01 4.802481601719801859e-13
8.583087826657767039e-01 4.802728075848888018e-13
8.557125445647657536e-01 4.802977853176406842e-13
8.531033234839195956e-01 4.803230969667188885e-13
8.504812311935849856e-01 4.803487461782239784e-13
8.478463800154689700e-01 4.803747366489484921e-13
8.451988828178260693e-01 4.804010721279005420e-13
8.425388530106252549e-01 4.804277564166882236e-13
8.398664045406896150e-01 4.804547933717029804e-13
8.371816518868173684e-01 4.804821869054422647e-13
8.344847100548766772e-01 4.805099409878567357e-13
8.317756945728793649e-01 4.805380596472085402e-13
8.290547214860324310e-01 4.805665469724100763e-13
8.263219073517666935e-01 4.805954071141706570e-13
8.235773692347441166e-01 4.806246442866896455e-13
8.208212247018433771e-01 4.806542627686323702e-13
8.180535918171230048e-01 4.806842669056396372e-13
8.152745891367643161e-01 4.807146611116838130e-13
8.124843357039930325e-01 4.807454498709128160e-13
8.096829510439791378e-01 4.807766377391996657e-13
8.068705551587183056e-01 4.808082293466883458e-13
8.040472685218893467e-01 4.808402293990488122e-13
8.012132120736955576e-01 4.808726426798287829e-13
7.983685072156825324e-01 4.809054740525032114e-13
7.955132758055383224e-01 4.809387284630172209e-13
7.926476401518739445e-01 4.809724109411682387e-13
7.897717230089829066e-01 4.810065266033124083e-13
7.868856475715840793e-01 4.810410806547690871e-13
7.839895374695433627e-01 4.810760783925397791e-13
7.810835167625787001e-01 4.811115252068321386e-13
7.781677099349451066e-01 4.811474265841391775e-13
7.752422418901026013e-01 4.811837881099857642e-13
7.723072379453652658e-01 4.812206154718138602e-13
7.693628238265337593e-01 4.812579144610530963e-13
7.664091256625092941e-01 4.812956909765345092e-13
7.634462699798906238e-01 4.813339510273245833e-13
7.604743836975538240e-01 4.813727007361268701e-13
7.574935941212159740e-01 4.814119463419177174e-13
7.545040289379818521e-01 4.814516942035029842e-13
7.515058162108738671e-01 4.814919508024898124e-13
7.484990843733463350e-01 4.815327227472333046e-13
7.454839622237841024e-01 4.815740167760917294e-13
7.424605789199848482e-01 4.816158397612574830e-13
7.394290639736265103e-01 4.816581987120184549e-13
7.363895472447200552e-01 4.817011007792451185e-13
7.333421589360458182e-01 4.817445532593709347e-13
7.302870295875764084e-01 4.817885635985460256e-13
7.272242900708847380e-01 4.818331393960337454e-13
7.241540715835382835e-01 4.818782884095049587e-13
7.210765056434783604e-01 4.819240185595371482e-13
7.179917240833871839e-01 4.819703379340654580e-13
7.148998590450394985e-01 4.820172547925483839e-13
7.118010429736432165e-01 4.820647775719975491e-13
7.086954086121651786e-01 4.821129148918934302e-13
7.055830889956451468e-01 4.821616755592257877e-13
7.024642174454966970e-01 4.822110685735792311e-13
6.993389275637966751e-01 4.822611031337898417e-13
6.962073532275618870e-01 4.823117886430315460e-13
6.930696285830144632e-01 4.823631347145522579e-13
6.899258880398345672e-01 4.824151511777890775e-13
6.867762662654040007e-01 4.824678480859145981e-13
6.836208981790370398e-01 4.825212357213432307e-13
6.804599189462006148e-01 4.825753246023908564e-13
6.772934639727242745e-01 4.826301254906785571e-13
6.741216688990003814e-01 4.826856493992636639e-13
6.709446695941732042e-01 4.827419075987106284e-13
6.677626021503195730e-01 4.827989116247973735e-13
6.645756028766175438e-01 4.828566732869675401e-13
6.613838082935090679e-01 4.829152046775452919e-13
6.581873551268510036e-01 4.829745181787446405e-13
6.549863803020582464e-01 4.830346264715241757e-13
6.517810209382386422e-01 4.830955425451310459e-13
6.485714143423191302e-01 4.831572797072713816e-13
6.453576980031638932e-01 4.832198515924506630e-13
6.421400095856847345e-01 4.832832721722214907e-13
6.389184869249441290e-01 4.833475557656673319e-13
6.356932680202510566e-01 4.834127170507939245e-13
6.324644910292488431e-01 4.834787710747231275e-13
6.292322942619976711e-01 4.835457332653280760e-13
6.259968161750492088e-01 4.836136194428480412e-13
6.227581953655164648e-01 4.836824458329370229e-13
6.195165705651359822e-01 4.837522290785642655e-13
6.162720806343250368e-01 4.838229862532968070e-13
6.130248645562338394e-01 4.838947348744927682e-13
6.097750614307915207e-01 4.839674929181242629e-13
6.065228104687481192e-01 4.840412788328106914e-13
6.032682509857100195e-01 4.841161115547467651e-13
6.000115223961738353e-01 4.841920105228589354e-13
5.967527642075530769e-01 4.842689956961453897e-13
5.934921160142024865e-01 4.843470875697810312e-13
5.902297174914383771e-01 4.844263071917870065e-13
5.869657083895551963e-01 4.845066761808358891e-13
5.837002285278398706e-01 4.845882167463279750e-13
5.804334177885807078e-01 4.846709517066687230e-13
5.771654161110774117e-01 4.847549045082258520e-13
5.738963634856449891e-01 4.848400992466077343e-13
5.706263999476176574e-01 4.849265606899100788e-13
5.673556655713499763e-01 4.850143142993005307e-13
5.640843004642168701e-01 4.851033862508218278e-13
5.608124447606117613e-01 4.851938034605489152e-13
5.575402386159432622e-01 4.852855936111320323e-13
5.542678222006317545e-01 4.853787851756986179e-13
5.509953356941050817e-01 4.854734074432028816e-13
5.477229192787935741e-01 4.855694905477657754e-13
5.444507131341250750e-01 4.856670654992551294e-13
5.411788574305198551e-01 4.857661642111814904e-13
5.379074923233868599e-01 4.858668195304427975e-13
5.346367579471190679e-01 4.859690652715424164e-13
5.313667944090918471e-01 4.860729362514220059e-13
5.280977417836593135e-01 4.861784683226077116e-13
5.248297401061560175e-01 4.862856984083300005e-13
5.215629293668969657e-01 4.863946645420086109e-13
5.182974495051815289e-01 4.865054059075351981e-13
5.150334404032984592e-01 4.866179628787416229e-13
5.117710418805342387e-01 4.867323770608139127e-13
5.085103936871837593e-01 4.868486913363155924e-13
5.052516354985628899e-01 4.869669499116910484e-13
5.019949069090267058e-01 4.870871983643787746e-13
4.987403474259886615e-01 4.872094836922349101e-13
4.954880964639452046e-01 4.873338543669803951e-13
4.922382933385029968e-01 4.874603603885800186e-13
4.889910772604117994e-01 4.875890533416173212e-13
4.857465873296007985e-01 4.877199864534820868e-13
4.825049625292203159e-01 4.878532146577880946e-13
4.792663417196875719e-01 4.879887946585144530e-13
4.760308636327391651e-01 4.881267849965607211e-13
4.727986668654878821e-01 4.882672461194052704e-13
4.695698898744857797e-01 4.884102404565459340e-13
4.663446709697925963e-01 4.885558324954077620e-13
4.631231483090519907e-01 4.887040888610646737e-13
4.599054598915728320e-01 4.888550783993794899e-13
4.566917435524177060e-01 4.890088722668650098e-13
4.534821369564981941e-01 4.891655440216745850e-13
4.502767775926785898e-01 4.893251697194147168e-13
4.470758027678857771e-01 4.894878280127542826e-13
4.438793496012277129e-01 4.896536002592620489e-13
4.406875550181192369e-01 4.898225706314802579e-13
4.375005557444172632e-01 4.899948262329924461e-13
4.343184883005635766e-01 4.901704572180204119e-13
4.311414889957364549e-01 4.903495569214744363e-13
4.279696939220125618e-01 4.905322219933752822e-13
4.248032389485361104e-01 4.907185525391037171e-13
4.216422597156996854e-01 4.909086522649835941e-13
4.184868916293327246e-01 4.911026286372957130e-13
4.153372698549022690e-01 4.913005930457546391e-13
4.121935293117223731e-01 4.915026609750014601e-13
4.090558046671748382e-01 4.917089521840511890e-13
4.059242303309400501e-01 4.919195909011815450e-13
4.027989404492401393e-01 4.921347060250378066e-13
3.996800688990916894e-01 4.923544313355868903e-13
3.965677492825715467e-01 4.925789057175856653e-13
3.934621149210935087e-01 4.928082734019313955e-13
3.903632988496972267e-01 4.930426842144760924e-13
3.872714338113496524e-01 4.932822938387529918e-13
3.841866522512583648e-01 4.935272640957366706e-13
3.811090863111985527e-01 4.937777632434465117e-13
3.780388678238519873e-01 4.940339662876433960e-13
3.749761283071603168e-01 4.942960553092982081e-13
3.719209989586909071e-01 4.945642198153128820e-13
3.688736106500166700e-01 4.948386571138243215e-13
3.658340939211102150e-01 4.951195727043734387e-13
3.628025789747519880e-01 4.954071806914320489e-13
3.597791956709527339e-01 4.957017042316445436e-13
3.567640735213903902e-01 4.960033760125323164e-13
3.537573416838628582e-01 4.963124387565895627e-13
3.507591289567548731e-01 4.966291457588913059e-13
3.477695637735207512e-01 4.969537614704862526e-13
3.447887741971830122e-01 4.972865621197913885e-13
3.418168879148462125e-01 4.976278363681952178e-13
3.388540322322274312e-01 4.979778860045076941e-13
3.359003340682029659e-01 4.983370266845915607e-13
3.329559199493715704e-01 4.987055887035455495e-13
3.300209160046343460e-01 4.990839178015293553e-13
3.270954479597917297e-01 4.994723760043262572e-13
3.241796411321580251e-01 4.998713425066024776e-13
3.212736204251933625e-01 5.002812145944228842e-13
3.183775103231526460e-01 5.007024086301561242e-13
3.154914348857537076e-01 5.011353611157375514e-13
3.126155177428627807e-01 5.015805298638000596e-13
3.097498820891985138e-01 5.020383952955571176e-13
3.068946506790544149e-01 5.025094619140076029e-13
3.040499458210412786e-01 5.029942599760951425e-13
3.012158893728472675e-01 5.034933473725015005e-13
2.983926027360185862e-01 5.040073117048285647e-13
2.955802068507575875e-01 5.045367725617071726e-13
2.927788221907438593e-01 5.050823839217547720e-13
2.899885687579724092e-01 5.056448365726950104e-13
2.872095660776137205e-01 5.062248604376934489e-13
2.844419331928932926e-01 5.068232267108950608e-13
2.816857886599925531e-01 5.074407496479226038e-13
2.789412505429700873e-01 5.080782878772656601e-13
2.762084364087045718e-01 5.087367452292692932e-13
2.734874633218573603e-01 5.094170711875152591e-13
2.707784478398601591e-01 5.101202611057522429e-13
2.680815060079194123e-01 5.108473564891440319e-13
2.653967533540471657e-01 5.115994458965508987e-13
2.627243048841116368e-01 5.123776670929381706e-13
2.600642750769106559e-01 5.131832110736163726e-13
2.574167778792679218e-01 5.140173286331956935e-13
2.547819267011517397e-01 5.148813401284134381e-13
2.521598344108172407e-01 5.157766487033490870e-13
2.495506133299709994e-01 5.167047568439034909e-13
2.469543752289602712e-01 5.176672856962653283e-13
2.443712313219837673e-01 5.186659959865394220e-13
2.418012922623297978e-01 5.197028086029059640e-13
2.392446681376335371e-01 5.207798223755914168e-13
2.367014684651641276e-01 5.218993261698805121e-13
2.341718021871304900e-01 5.230638021362358031e-13
2.316557776660168877e-01 5.242759170709718192e-13
2.291535026799397523e-01 5.255384994897600639e-13
2.266650844180312652e-01 5.268545010473139464e-13
2.241906294758477525e-01 5.282269424267757891e-13
2.217302438508031714e-01 5.296588458647867217e-13
2.192840329376291864e-01 5.311531586926938515e-13
2.168521015238591698e-01 5.327126746370023988e-13
2.144345537853414030e-01 5.343399620102065903e-13
2.120314932817742026e-01 5.360373098342519158e-13
2.096430229522720790e-01 5.378067038420435362e-13
2.072692451109541534e-01 5.396498447025865636e-13
2.049102614425624969e-01 5.415682201408661987e-13
2.025661729981066139e-01 5.435632401536225763e-13
2.002370801905334063e-01 5.456364405039522860e-13
1.979230827904268908e-01 5.477897550494053930e-13
1.956242799217342843e-01 5.500258518461850931e-13
1.933407700575193455e-01 5.523485208600266885e-13
1.910726510157446378e-01 5.547630935925079412e-13
1.888200199550811031e-01 5.572768683801231742e-13
1.865829733707456140e-01 5.598995096982314133e-13
1.843616070903690007e-01 5.626433846466104375e-13
1.821560162698889485e-01 5.655237961928237532e-13
1.799662953894754225e-01 5.685590723531182924e-13
1.777925382494834616e-01 5.717704732431596270e-13
1.756348379664335879e-01 5.751818820219443491e-13
1.734932869690249957e-01 5.788192519059871265e-13
1.713679769941743869e-01 5.827097915001869041e-13
1.692589990830876689e-01 5.868808834302472805e-13
1.671664435773593804e-01 5.913587440968791777e-13
1.650904001151028422e-01 5.961668457367725883e-13
1.630309576271100624e-01 6.013241377763955272e-13
1.609882043330433388e-01 6.068431197394907256e-13
1.589622277376546156e-01 6.127278308660988492e-13
1.569531146270382593e-01 6.189718339036558724e-13
1.549609510649134769e-01 6.255562812630433278e-13
1.529858223889363211e-01 6.324481574633499038e-13
1.510278132070460022e-01 6.395987951900502913e-13
1.490870073938387885e-01 6.469427648466194581e-13
1.471634880869763240e-01 6.543972315002808373e-13
1.452573376836236996e-01 6.618618598959598361e-13
1.433686378369202208e-01 6.692193376723801899e-13
1.414974694524808729e-01 6.763365737527065175e-13
1.396439126849319257e-01 6.830666002847196591e-13
1.378080469344757919e-01 6.892511741788778272e-13
1.359899508434912474e-01 6.947240542246518156e-13
1.341897022931638483e-01 6.993149040050078673e-13
1.324073784001493226e-01 7.028537263050356515e-13
1.306430555132718219e-01 7.051757003306788511e-13
1.288968092102512064e-01 7.061262823512112669e-13
1.271687142944673554e-01 7.055664078612150896e-13
1.254588447917548977e-01 7.033775958023572807e-13
1.237672739472325256e-01 6.994667496253493718e-13
1.220940742221648945e-01 6.937704703062620164e-13
1.204393172908598264e-01 6.862586941215113289e-13
1.188030740375963790e-01 6.769374624384259260e-13
1.171854145535900504e-01 6.658506718973517684e-13
1.155864081339890714e-01 6.530807088761584783e-13
1.140061232749062792e-01 6.387478931177741806e-13
1.124446276704857972e-01 6.230086859453910190e-13
1.109019882100020227e-01 6.060526983866848573e-13
1.093782709749952509e-01 5.880986014480149910e-13
1.078735412364404400e-01 5.693890562086840053e-13
1.063878634519514477e-01 5.501848146168011667e-13
1.049213012630199615e-01 5.307582167118349819e-13
1.034739174922890137e-01 5.113863363210134863e-13
1.020457741408618557e-01 4.923439849530684646e-13
1.006369323856467490e-01 4.738967797863535753e-13
9.924745257673545096e-02 4.562945317111331562e-13
9.787739423481811585e-02 4.397651846272042084e-13
9.652681604863461162e-02 4.245094402570729573e-13
9.519577587245903194e-02 4.106962016090187467e-13
9.388433072362278864e-02 3.984590379709875736e-13
9.259253678007101085e-02 3.878938108365630685e-13
9.132044937795680273e-02 3.790574606104082297e-13
9.006812300927075077e-02 3.719679811608869150e-13
8.883561131950640233e-02 3.666056847891928422e-13
8.762296710536238153e-02 3.629156893128728069e-13
8.643024231248080946e-02 3.608113510499730835e-13
8.525748803322230618e-02 3.601784534367981707e-13
8.410475450447663093e-02 3.608800335244365332e-13
8.297209110551190259e-02 3.627614825582777809e-13
8.185954635585801498e-02 3.656554621949378549e-13
8.076716791322952060e-02 3.693864895452884750e-13
7.969500257148298683e-02 3.737751467648198091e-13
7.864309625861326536e-02 3.786416601554456035e-13
7.761149403478573294e-02 3.838087747060358501e-13
7.660024009040627968e-02 3.891042738470464120e-13
7.560937774422821223e-02 3.943633466503940198e-13
7.463894944149646049e-02 3.994306964226018204e-13
7.368899675212980949e-02 4.041626148997407837e-13
7.275956036893971302e-02 4.084294456157139389e-13
7.185068010588746557e-02 4.121182646377109900e-13
7.096239489637845566e-02 4.151353948133461328e-13
7.009474279159477739e-02 4.174089364345954384e-13
6.924776095886464589e-02 4.188913324381992151e-13
6.842148568007094811e-02 4.195613308140924199e-13
6.761595235009643101e-02 4.194252263210712854e-13
6.683119547530802507e-02 4.185178002741518183e-13
6.606724867207841578e-02 4.169025987871603685e-13
6.532414466534591790e-02 4.146711624609933690e-13
6.460191528721304088e-02 4.119419416071565345e-13
6.390059147558246888e-02 4.088593960512408898e-13
6.322020327283228713e-02 4.055929356092763282e-13
6.256077982452834529e-02 4.023358913354750720e-13
6.192234937817665125e-02 3.993051901861903204e-13
6.130493928201258963e-02 3.967425067203465049e-13
6.070857598382973369e-02 3.949177584427704451e-13
6.013328502984700147e-02 3.941344254667666374e-13
5.957909106361403834e-02 3.947375983944103921e-13
5.904601782495600554e-02 3.971297557104583752e-13
5.853408814895611628e-02 4.017982979415666422e-13
5.804332396497791785e-02 4.093518422775140737e-13
5.757374629572565433e-02 4.205142296618268165e-13
5.712537525634387575e-02 4.360205419854288782e-13
5.669823005355540541e-02 4.568774723450121855e-13
5.629232898483927522e-02 4.861622155909525989e-13
5.590768943764624216e-02 5.316435561267899509e-13
5.554432788865432818e-02 6.032318862497189522e-13
5.520225990306299596e-02 6.991543128934306769e-13
5.488150013392612686e-02 7.889438638115126093e-13
5.458206232152485599e-02 8.182503303922803088e-13
5.430395929277826578e-02 7.522896190363548430e-13
5.404720296069460278e-02 6.366315333227211080e-13
5.381180432386057505e-02 6.243270101017939014e-13
5.359777346597034003e-02 9.365001401892309928e-13
5.340511955539340577e-02 1.775343925890092616e-12
5.323385084478222257e-02 3.242266455831167367e-12
5.308397467071824388e-02 5.303138685619463855e-12
5.295549745339801079e-02 7.804903480324055097e-12
5.284842469635781664e-02 1.051719214270899337e-11
5.276276098623822880e-02 1.317101870615130258e-11
5.269850999258752361e-02 1.548759288504233482e-11
5.265567446770442334e-02 1.720705171279248272e-11
5.263425624652019047e-02 1.812402518232543952e-11
