2.087677362350325548e-03 6.025254513117881835e-10
4.175354724700651096e-03 4.527245684586541799e-09
6.263032087050976644e-03 1.699452088164634662e-08
8.350709449401302192e-03 4.476144224406797924e-08
1.043838681175162861e-02 9.501795619757372723e-08
1.252606417410195329e-02 1.742146999542987333e-07
1.461374153645227797e-02 2.870106345021636920e-07
1.670141889880260438e-02 4.365253669767700494e-07
1.878909626115293080e-02 6.250346390696703911e-07
2.087677362350325722e-02 8.497650348834619322e-07
2.296445098585358016e-02 1.110905634734229047e-06
2.505212834820390658e-02 1.403509437150871413e-06
2.713980571055423299e-02 1.736270935154698417e-06
2.922748307290455594e-02 2.122346842637990591e-06
3.131516043525488235e-02 2.594823765336693310e-06
3.340283779760520877e-02 3.148641881940922741e-06
3.549051515995553518e-02 3.672396267107224518e-06
3.757819252230586160e-02 3.942556160025817095e-06
3.966586988465618802e-02 3.932034568963342256e-06
4.175354724700651443e-02 4.787262860921467926e-06
4.384122460935683391e-02 8.047289985500218274e-06
4.592890197170716032e-02 1.470877421026195080e-05
4.801657933405748674e-02 2.426440649108464832e-05
5.010425669640781315e-02 3.545448000742068903e-05
5.219193405875813957e-02 4.647689288355341680e-05
5.427961142110846599e-02 5.566503669894131340e-05
5.636728878345879240e-02 6.338518917197232081e-05
5.845496614580911188e-02 6.982567231158189774e-05
6.054264350815943829e-02 7.512403388604775708e-05
6.263032087050976471e-02 7.934714596964008654e-05
6.471799823286009112e-02 8.252472035733851542e-05
6.680567559521041754e-02 8.481015907233072960e-05
6.889335295756074395e-02 8.617578872576393443e-05
7.098103031991107037e-02 8.669621210726050509e-05
7.306870768226139679e-02 8.646517298886224141e-05
7.515638504461172320e-02 8.559247544486779148e-05
7.724406240696204962e-02 8.420314063576913677e-05
7.933173976931237603e-02 8.243854146417750324e-05
8.141941713166270245e-02 8.046304176205586851e-05
8.350709449401302886e-02 7.848557994064275485e-05
8.559477185636334140e-02 7.686929487721528209e-05
8.768244921871366782e-02 7.575058459521404562e-05
8.977012658106399423e-02 7.472478367259850578e-05
9.185780394341432065e-02 7.361670991179731073e-05
9.394548130576464706e-02 7.242962870487895015e-05
9.603315866811497348e-02 7.103343921215607459e-05
9.812083603046529989e-02 6.940164971054437945e-05
1.002085133928156263e-01 6.752454120211926532e-05
1.022961907551659527e-01 6.540423390009236836e-05
1.043838681175162791e-01 6.305059414707602200e-05
1.064715454798666056e-01 6.047693239126925626e-05
1.085592228422169320e-01 5.769597684254823870e-05
1.106469002045672584e-01 5.471812030559912833e-05
1.127345775669175848e-01 5.161708753508986448e-05
1.148222549292679112e-01 4.847160991635689838e-05
1.169099322916182238e-01 4.526613965561055884e-05
1.189976096539685502e-01 4.203721053979313015e-05
1.210852870163188766e-01 3.882085390479962970e-05
1.231729643786692030e-01 3.565017152697325429e-05
1.252606417410195294e-01 3.255270036854528647e-05
1.273483191033698558e-01 2.954869722300867307e-05
1.294359964657201822e-01 2.666930695086835000e-05
1.315236738280705087e-01 2.399467104937376717e-05
1.336113511904208351e-01 2.150672878804432787e-05
1.356990285527711615e-01 1.922443576030609508e-05
1.377867059151214879e-01 1.716182936414149511e-05
1.398743832774718143e-01 1.532562447874739596e-05
1.419620606398221407e-01 1.371273490460626934e-05
1.440497380021724672e-01 1.230926554205341536e-05
1.461374153645227936e-01 1.114354112552124471e-05
1.482250927268731200e-01 1.017914545831096954e-05
1.503127700892234464e-01 9.400570719095616067e-06
1.524004474515737728e-01 8.785324675194400223e-06
1.544881248139240992e-01 8.301349993682524767e-06
1.565758021762744256e-01 7.908806262127844844e-06
1.586634795386247521e-01 7.577884810244887035e-06
1.607511569009750785e-01 7.293132772459980795e-06
1.628388342633254049e-01 7.023200888651784007e-06
1.649265116256757313e-01 6.753813679241859878e-06
1.670141889880260577e-01 6.475398609883771531e-06
1.691018663503763564e-01 6.179609279923057096e-06
1.711895437127266828e-01 5.868026806753578549e-06
1.732772210750770092e-01 5.553918693361614706e-06
1.753648984374273356e-01 5.232216255843287212e-06
1.774525757997776620e-01 4.907146505344229556e-06
1.795402531621279885e-01 4.581774985632465217e-06
1.816279305244783149e-01 4.255641198266238669e-06
1.837156078868286413e-01 3.944596740572762757e-06
1.858032852491789677e-01 3.648823812092298735e-06
1.878909626115292941e-01 3.369619936474869752e-06
1.899786399738796205e-01 3.108857421829205890e-06
1.920663173362299470e-01 2.865326888022393046e-06
1.941539946985802734e-01 2.643145612422103217e-06
1.962416720609305998e-01 2.445328268481210175e-06
1.983293494232809262e-01 2.268106640045380094e-06
2.004170267856312526e-01 2.109892360219858982e-06
2.025047041479815790e-01 1.966728587760480784e-06
2.045923815103319054e-01 1.839256893472311420e-06
2.066800588726822319e-01 1.726813998793149886e-06
2.087677362350325583e-01 1.625172049351943733e-06
2.108554135973828847e-01 1.531777047103513518e-06
2.129430909597332111e-01 1.442307740302126339e-06
2.150307683220835375e-01 1.361213419359201751e-06
2.171184456844338639e-01 1.284378897485293696e-06
2.192061230467841904e-01 1.210960117384657765e-06
2.212938004091345168e-01 1.139438059838868758e-06
2.233814777714848432e-01 1.069711788671084605e-06
2.254691551338351696e-01 1.004238934512171649e-06
2.275568324961854960e-01 9.413814889135142083e-07
2.296445098585358224e-01 8.808478993940683192e-07
2.317321872208861488e-01 8.216896785463308953e-07
2.338198645832364475e-01 7.672189140561125860e-07
2.359075419455867739e-01 7.158731356553262640e-07
2.379952193079371003e-01 6.675487880346645217e-07
2.400828966702874268e-01 6.211459297472436014e-07
2.421705740326377532e-01 5.793056412607949138e-07
2.442582513949880796e-01 5.405850502277482492e-07
2.463459287573384060e-01 5.047151809899447907e-07
2.484336061196887324e-01 4.706557421769564255e-07
2.505212834820390588e-01 4.402292355065526980e-07
2.526089608443893852e-01 4.121842838926951181e-07
2.546966382067397117e-01 3.861189744453251928e-07
2.567843155690900381e-01 3.613100091239540904e-07
2.588719929314403645e-01 3.389545311405642965e-07
2.609596702937906909e-01 3.181218462207765092e-07
2.630473476561410173e-01 2.983551998063343718e-07
2.651350250184913437e-01 2.795657061306929973e-07
2.672227023808416702e-01 2.623211786290618502e-07
2.693103797431919966e-01 2.460607801607075527e-07
2.713980571055423230e-01 2.301833470265086955e-07
2.734857344678926494e-01 2.156917358413315304e-07
2.755734118302429758e-01 2.020463844379524543e-07
2.776610891925933022e-01 1.890686421430047401e-07
2.797487665549436286e-01 1.766183776986809414e-07
2.818364439172939551e-01 1.652406173308388972e-07
2.839241212796442815e-01 1.545616535392360137e-07
2.860117986419946079e-01 1.442273486207890476e-07
2.880994760043449343e-01 1.348846448344871308e-07
2.901871533666952607e-01 1.261729444965483786e-07
2.922748307290455871e-01 1.178763914362708626e-07
2.943625080913959136e-01 1.101765246138356200e-07
2.964501854537462400e-01 1.031217253644439296e-07
2.985378628160965664e-01 9.647857290880160312e-08
3.006255401784468928e-01 9.018058696317517912e-08
3.027132175407972192e-01 8.446307702555135244e-08
3.048008949031475456e-01 7.909550001509073412e-08
3.068885722654978720e-01 7.394606917610594975e-08
3.089762496278481985e-01 6.927854859667664592e-08
3.110639269901985249e-01 6.489369969598574924e-08
3.131516043525488513e-01 6.066022852899449061e-08
3.152392817148991777e-01 5.682070711343764897e-08
3.173269590772495041e-01 5.320923015752219184e-08
3.194146364395998305e-01 4.971687088671317117e-08
3.215023138019501570e-01 4.654882371391996129e-08
3.235899911643004834e-01 4.356638542950459434e-08
3.256776685266508098e-01 4.069028275005241913e-08
3.277653458890011362e-01 3.808211314725936069e-08
3.298530232513514626e-01 3.562254482383722229e-08
3.319407006137017890e-01 3.326782517457018599e-08
3.340283779760521155e-01 3.113090789267396379e-08
3.361160553384023864e-01 2.910382735885920111e-08
3.382037327007527128e-01 2.719214005618169811e-08
3.402914100631030392e-01 2.544794121399200665e-08
3.423790874254533656e-01 2.376673364952970709e-08
3.444667647878036920e-01 2.223362895402158251e-08
3.465544421501540184e-01 2.080957581883139150e-08
3.486421195125043448e-01 1.943105928633742917e-08
3.507297968748546713e-01 1.818743210153239817e-08
3.528174742372049977e-01 1.701646624244053092e-08
3.549051515995553241e-01 1.589568661066221405e-08
3.569928289619056505e-01 1.487901042886675258e-08
3.590805063242559769e-01 1.389739052857598232e-08
3.611681836866063033e-01 1.300082397330802668e-08
3.632558610489566298e-01 1.216552669481322772e-08
3.653435384113069562e-01 1.135760289850130490e-08
3.674312157736572826e-01 1.062759242275412900e-08
3.695188931360076090e-01 9.929509685270280142e-09
3.716065704983579354e-01 9.279621387349335754e-09
3.736942478607082618e-01 8.680706650474800088e-09
3.757819252230585882e-01 8.101218631947024930e-09
3.778696025854089147e-01 7.578320870973714308e-09
3.799572799477592411e-01 7.076213758762038300e-09
3.820449573101095675e-01 6.613964581816859524e-09
3.841326346724598939e-01 6.185087763004579037e-09
3.862203120348102203e-01 5.772179408741172012e-09
3.883079893971605467e-01 5.399175231251262890e-09
3.903956667595108732e-01 5.037423267206380754e-09
3.924833441218611996e-01 4.711483908644321487e-09
3.945710214842115260e-01 4.402028121666862248e-09
3.966586988465618524e-01 4.111058237401136743e-09
3.987463762089121788e-01 3.844265589144739090e-09
4.008340535712625052e-01 3.586856609527869453e-09
4.029217309336128316e-01 3.354484081383652058e-09
4.050094082959631581e-01 3.129034719399655301e-09
4.070970856583134845e-01 2.925968659666337474e-09
4.091847630206638109e-01 2.730118627670728439e-09
4.112724403830141373e-01 2.551562276769358074e-09
4.133601177453644637e-01 2.383525853600302643e-09
4.154477951077147901e-01 2.224599580635535832e-09
4.175354724700651166e-01 2.079055707162048134e-09
4.196231498324154430e-01 1.939148260927608582e-09
4.217108271947657694e-01 1.812521371225386357e-09
4.237985045571160958e-01 1.690006520858352755e-09
4.258861819194664222e-01 1.579628679237049514e-09
4.279738592818167486e-01 1.472617298050324331e-09
4.300615366441670750e-01 1.376342571632891026e-09
4.321492140065174015e-01 1.282980266579561031e-09
4.342368913688677279e-01 1.198999164158270519e-09
4.363245687312180543e-01 1.117582144368072396e-09
4.384122460935683807e-01 1.044330540746510007e-09
4.404999234559187071e-01 9.733410761181883383e-10
4.425876008182690335e-01 9.094549854557868309e-10
4.446752781806193600e-01 8.475576737820461352e-10
4.467629555429696864e-01 7.918476180217991746e-10
4.488506329053200128e-01 7.378754838627132922e-10
4.509383102676703392e-01 6.893030436347916556e-10
4.530259876300206656e-01 6.422422042320362620e-10
4.551136649923709920e-01 5.999021191158700703e-10
4.572013423547213185e-01 5.588711538044592453e-10
4.592890197170716449e-01 5.219739495431631667e-10
4.613766970794219713e-01 4.862078786397309361e-10
4.634643744417722977e-01 4.540599109355673226e-10
4.655520518041226241e-01 4.228952153608096613e-10
4.676397291664728950e-01 3.948815532480333595e-10
4.697274065288232214e-01 3.677447171164627559e-10
4.718150838911735478e-01 3.433131003892214436e-10
4.739027612535238743e-01 3.197162325084958446e-10
4.759904386158742007e-01 2.983588594603683375e-10
4.780781159782245271e-01 2.778999020728975142e-10
4.801657933405748535e-01 2.591340430026538560e-10
4.822534707029251799e-01 2.414998419550627336e-10
4.843411480652755063e-01 2.248305920210777703e-10
4.864288254276258328e-01 2.098175954562469959e-10
4.885165027899761592e-01 1.952874773071251717e-10
4.906041801523264856e-01 1.822321894361744735e-10
4.926918575146768120e-01 1.695977366788430367e-10
4.947795348770271384e-01 1.581787554466972817e-10
4.968672122393774648e-01 1.472549445725229729e-10
4.989548896017277912e-01 1.371310340176919311e-10
5.010425669640781177e-01 1.278247793868467335e-10
5.031302443264284996e-01 1.189169128391832254e-10
5.052179216887787705e-01 1.109119567422036111e-10
5.073055990511291524e-01 1.031770504184351444e-10
5.093932764134794233e-01 9.613695382967780210e-11
5.114809537758298053e-01 8.950045058538432232e-11
5.135686311381800762e-01 8.323532043186253335e-11
5.156563085005304581e-01 7.760850235694115736e-11
5.177439858628807290e-01 7.216759446740472707e-11
5.198316632252311109e-01 6.721724310558193415e-11
5.219193405875813818e-01 6.255882243459248034e-11
5.240070179499317637e-01 5.815791157229415310e-11
5.260946953122820346e-01 5.420217415345788702e-11
5.281823726746324166e-01 5.039012640085817587e-11
5.302700500369826875e-01 4.686545080736771675e-11
5.323577273993330694e-01 4.364846667570542371e-11
5.344454047616833403e-01 4.056189853562926746e-11
5.365330821240336112e-01 3.776224656307161230e-11
5.386207594863839931e-01 3.511953434860854810e-11
5.407084368487342640e-01 3.262818600676481982e-11
5.427961142110846460e-01 3.038311990590473574e-11
5.448837915734349169e-01 2.823609104837262685e-11
5.469714689357852988e-01 2.622691966575636581e-11
5.490591462981355697e-01 2.442027150408763878e-11
5.511468236604859516e-01 2.268476953227257095e-11
5.532345010228362225e-01 2.106544788053276682e-11
5.553221783851866045e-01 1.961008836518871783e-11
5.574098557475368754e-01 1.821148045550502685e-11
5.594975331098872573e-01 1.690726227818492980e-11
5.615852104722375282e-01 1.573429574423739142e-11
5.636728878345879101e-01 1.460971703666822181e-11
5.657605651969381810e-01 1.355965570783862313e-11
5.678482425592885630e-01 1.261225363283454603e-11
5.699359199216388339e-01 1.171088948949234781e-11
5.720235972839892158e-01 1.086573003184860149e-11
5.741112746463394867e-01 1.009623295392006968e-11
5.761989520086898686e-01 9.378397693945861854e-12
5.782866293710401395e-01 8.699203911101853291e-12
5.803743067333905215e-01 8.068583449889169824e-12
5.824619840957407924e-01 7.501947291943712808e-12
5.845496614580911743e-01 6.958672647324413010e-12
5.866373388204414452e-01 6.451989973778396651e-12
5.887250161827918271e-01 5.990371915915593886e-12
5.908126935451420980e-01 5.561158815521771785e-12
5.929003709074924799e-01 5.155297810336011512e-12
5.949880482698427508e-01 4.778284872667630673e-12
5.970757256321931328e-01 4.437019091676912206e-12
5.991634029945434037e-01 4.115826381471564420e-12
6.012510803568937856e-01 3.813966887128261049e-12
6.033387577192440565e-01 3.533796936812592309e-12
6.054264350815944384e-01 3.279820688829355628e-12
6.075141124439447093e-01 3.041483482078948339e-12
6.096017898062950913e-01 2.817378006736596788e-12
6.116894671686453622e-01 2.609138812409685093e-12
6.137771445309957441e-01 2.418129202108453351e-12
6.158648218933460150e-01 2.242613340032615173e-12
6.179524992556963969e-01 2.076525436231339635e-12
6.200401766180466678e-01 1.921809676497783449e-12
6.221278539803970498e-01 1.778496922243257623e-12
6.242155313427473207e-01 1.648430085316894794e-12
6.263032087050977026e-01 1.527378658665170825e-12
6.283908860674479735e-01 1.413977970323953896e-12
6.304785634297983554e-01 1.308753531755959351e-12
6.325662407921486263e-01 1.211384945009214523e-12
6.346539181544990083e-01 1.122207112636064012e-12
6.367415955168492792e-01 1.040030842091171519e-12
6.388292728791996611e-01 9.624683718681313380e-13
6.409169502415499320e-01 8.898576264060349299e-13
6.430046276039003139e-01 8.221406671290514907e-13
6.450923049662505848e-01 7.591136232687129530e-13
6.471799823286009667e-01 7.010492312616296900e-13
6.492676596909512376e-01 6.477567500738085026e-13
6.513553370533016196e-01 5.979595685370882967e-13
6.534430144156518905e-01 5.519545191261102692e-13
6.555306917780022724e-01 5.097549989448045902e-13
6.576183691403525433e-01 4.711938196748570091e-13
6.597060465027029252e-01 4.359617373561861238e-13
6.617937238650531961e-01 4.036559106358491126e-13
6.638814012274035781e-01 3.742834309579759695e-13
6.659690785897538490e-01 3.468205013033613557e-13
6.680567559521042309e-01 3.208536083558848637e-13
6.701444333144545018e-01 2.962325369663495993e-13
6.722321106768047727e-01 2.728892714751785302e-13
6.743197880391551546e-01 2.508588838477460359e-13
6.764074654015054255e-01 2.302498819665238349e-13
6.784951427638558075e-01 2.112044519114631038e-13
6.805828201262060784e-01 1.938352554793749568e-13
6.826704974885564603e-01 1.781626028761160842e-13
6.847581748509067312e-01 1.640921906037760954e-13
6.868458522132571131e-01 1.514495512789021009e-13
6.889335295756073840e-01 1.400118654871913946e-13
6.910212069379577660e-01 1.293861536054537201e-13
6.931088843003080369e-01 1.194051641083074270e-13
6.951965616626584188e-01 1.099499137991543261e-13
6.972842390250086897e-01 1.010001863282241873e-13
6.993719163873590716e-01 9.260128510354977635e-14
7.014595937497093425e-01 8.483824640453581910e-14
7.035472711120597245e-01 7.777489684083630761e-14
7.056349484744099954e-01 7.141295890722484502e-14
7.077226258367603773e-01 6.567423461646674623e-14
7.098103031991106482e-01 6.041970788332298997e-14
7.118979805614610301e-01 5.549266617679622919e-14
7.139856579238113010e-01 5.076475801804601178e-14
7.160733352861616829e-01 4.618352804667988564e-14
7.181610126485119538e-01 4.178393041881409165e-14
7.202486900108623358e-01 3.766494817418609152e-14
7.223363673732126067e-01 3.394595941150075739e-14
7.244240447355629886e-01 3.073374046487503797e-14
7.265117220979132595e-01 2.803288586388198707e-14
7.285993994602636414e-01 2.583108319305799827e-14
7.306870768226139123e-01 2.397257229125204861e-14
7.327747541849642943e-01 2.228536702961732201e-14
7.348624315473145652e-01 2.061172865288927525e-14
7.369501089096649471e-01 1.885950297444564529e-14
7.390377862720152180e-01 1.701767733327586141e-14
7.411254636343655999e-01 1.514921340707908953e-14
7.432131409967158708e-01 1.336546071664613490e-14
7.453008183590662528e-01 1.179466517859550780e-14
7.473884957214165237e-01 1.055107423804035169e-14
7.494761730837669056e-01 9.645651392130873251e-15
7.515638504461171765e-01 9.030571072890347047e-15
7.536515278084675584e-01 8.534234450283296343e-15
7.557392051708178293e-01 7.996837762011583084e-15
7.578268825331682113e-01 7.297635238747783559e-15
7.599145598955184822e-01 6.382398235898721675e-15
7.620022372578688641e-01 5.285415866938602561e-15
7.640899146202191350e-01 4.050269000822823363e-15
7.661775919825695169e-01 3.016595712569466039e-15
7.682652693449197878e-01 2.587569779393578560e-15
7.703529467072701697e-01 2.957888151434030369e-15
7.724406240696204407e-01 3.722619417529855465e-15
7.745283014319708226e-01 4.355639316803291889e-15
7.766159787943210935e-01 4.734703822497836060e-15
7.787036561566714754e-01 4.731447217390994516e-15
7.807913335190217463e-01 4.314981817284063355e-15
7.828790108813721282e-01 3.477474140385126752e-15
7.849666882437223991e-01 2.387594134795455719e-15
7.870543656060727811e-01 1.232613435484151448e-15
7.891420429684230520e-01 1.111674267695705344e-15
7.912297203307734339e-01 2.157278561791465728e-15
7.933173976931237048e-01 3.288265169221841735e-15
7.954050750554740867e-01 4.132047219901757895e-15
7.974927524178243576e-01 4.580980469405312922e-15
7.995804297801747396e-01 4.704904860082660301e-15
8.016681071425250105e-01 4.487647848268711282e-15
8.037557845048752814e-01 3.967653694332506743e-15
8.058434618672256633e-01 3.325917358705644814e-15
8.079311392295759342e-01 2.640449739589481310e-15
8.100188165919263161e-01 1.898671094452596743e-15
8.121064939542765870e-01 1.277725478991707162e-15
8.141941713166269690e-01 7.019991611864230582e-16
8.162818486789772399e-01 4.838293546728107027e-16
8.183695260413276218e-01 9.125994064701805321e-16
8.204572034036778927e-01 1.434387277430316485e-15
8.225448807660282746e-01 2.050061014774237319e-15
8.246325581283785455e-01 2.660410184229725980e-15
8.267202354907289275e-01 3.304852693623541414e-15
8.288079128530791984e-01 3.879965609996535142e-15
8.308955902154295803e-01 4.418449252818346768e-15
8.329832675777798512e-01 4.735254062920323470e-15
8.350709449401302331e-01 4.840580668283507436e-15
8.371586223024805040e-01 4.590288408648811608e-15
8.392462996648308859e-01 4.009011172978748860e-15
8.413339770271811568e-01 3.071846578150621547e-15
8.434216543895315388e-01 1.827071290376547854e-15
8.455093317518818097e-01 7.774273180577349969e-16
8.475970091142321916e-01 1.647536459309739403e-15
8.496846864765824625e-01 3.116093558782833639e-15
8.517723638389328444e-01 4.266565544740228340e-15
8.538600412012831153e-01 5.099848845558699337e-15
8.559477185636334973e-01 5.380374488198686098e-15
8.580353959259837682e-01 5.174106928274621313e-15
8.601230732883341501e-01 4.636254285463710157e-15
8.622107506506844210e-01 3.725993608385954859e-15
8.642984280130348029e-01 2.638036816163746490e-15
8.663861053753850738e-01 1.604191555590198964e-15
8.684737827377354558e-01 1.012061492996909646e-15
8.705614601000857267e-01 1.167717801564240742e-15
8.726491374624361086e-01 1.680872003823226478e-15
8.747368148247863795e-01 2.164399280372326529e-15
8.768244921871367614e-01 2.667632648155198126e-15
8.789121695494870323e-01 3.230863598919057376e-15
8.809998469118374143e-01 3.961666732958923518e-15
8.830875242741876852e-01 4.895663935988416327e-15
8.851752016365380671e-01 5.972019142657994755e-15
8.872628789988883380e-01 7.014021527763941471e-15
8.893505563612387199e-01 7.719543233873259136e-15
8.914382337235889908e-01 7.741627684439064634e-15
8.935259110859393727e-01 6.832357792339231386e-15
8.956135884482896437e-01 4.975445905294606384e-15
8.977012658106400256e-01 2.231290598816506601e-15
8.997889431729902965e-01 1.570652128519547504e-15
9.018766205353406784e-01 4.770050021831189397e-15
9.039642978976909493e-01 7.564238471845753381e-15
9.060519752600413312e-01 9.612951500278789623e-15
9.081396526223916021e-01 1.068521635370452826e-14
9.102273299847419841e-01 1.081083215704807638e-14
9.123150073470922550e-01 1.004599007551971474e-14
9.144026847094426369e-01 8.830147698458922889e-15
9.164903620717929078e-01 7.279097012341621615e-15
9.185780394341432897e-01 5.560882632182930442e-15
9.206657167964935606e-01 3.753604779182793767e-15
9.227533941588439426e-01 1.990607787262455661e-15
9.248410715211942135e-01 1.935464435763290855e-15
9.269287488835445954e-01 4.334656401785146446e-15
9.290164262458948663e-01 6.931004493449937225e-15
9.311041036082452482e-01 9.268553604190073793e-15
9.331917809705955191e-01 1.057872986895185851e-14
9.352794583329457900e-01 1.063162256517993455e-14
9.373671356952961720e-01 9.037268167085258111e-15
9.394548130576464429e-01 6.138320412431815838e-15
9.415424904199968248e-01 2.790747523394742102e-15
9.436301677823470957e-01 2.884701946292035598e-15
9.457178451446974776e-01 5.993227151673221591e-15
9.478055225070477485e-01 8.485292272134913850e-15
9.498931998693981305e-01 9.993817876964397703e-15
9.519808772317484014e-01 1.034353202563788940e-14
9.540685545940987833e-01 9.651327080014920039e-15
9.561562319564490542e-01 7.945787633316396209e-15
9.582439093187994361e-01 5.837518906423467597e-15
9.603315866811497070e-01 4.404747930039342084e-15
9.624192640435000889e-01 6.878549922743779452e-15
9.645069414058503598e-01 1.202762160293419269e-14
9.665946187682007418e-01 1.629808904310073524e-14
9.686822961305510127e-01 1.803161079307849676e-14
9.707699734929013946e-01 1.638734079618865247e-14
9.728576508552516655e-01 1.163284745305197520e-14
9.749453282176020474e-01 6.404878702396569975e-15
9.770330055799523183e-01 5.612286031391589542e-15
9.791206829423027003e-01 9.906140703585867775e-15
9.812083603046529712e-01 1.338755921239531885e-14
9.832960376670033531e-01 1.376681087377648146e-14
9.853837150293536240e-01 9.204731905914793513e-15
9.874713923917040059e-01 4.608109035109732156e-15
9.895590697540542768e-01 7.726801260759501690e-15
9.916467471164046588e-01 9.778002425492993384e-15
9.937344244787549297e-01 6.200459392291957945e-15
9.958221018411053116e-01 1.386988720419218982e-14
9.979097792034555825e-01 1.358877487149129582e-14
