9.999974565658058534e-01 7.766446175757720000e-09
9.999771092556808405e-01 6.989892961218426470e-08
9.999364155070419313e-01 1.941661542336256323e-07
9.998753770630736115e-01 3.805438735354215022e-07
9.997939965384601280e-01 6.288695740219809109e-07
9.996922774192719130e-01 9.386166082785095160e-07
9.995702240628177027e-01 1.308627976201438308e-06
9.994278416974569090e-01 1.736977611934986145e-06
9.992651364223763544e-01 2.221090740424862915e-06
9.990821152073281475e-01 2.758075431990364720e-06
9.988787858923324769e-01 3.345046037704341118e-06
9.986551571873401034e-01 3.979234395815732849e-06
9.984112386718606569e-01 4.657880727376791575e-06
9.981470407945514101e-01 5.378069766640819421e-06
9.978625748727700806e-01 6.136664974509234770e-06
9.975578530920901077e-01 6.930353897145296337e-06
9.972328885057784031e-01 7.755725169114565710e-06
9.968876950342360210e-01 8.609318392983178781e-06
9.965222874644027451e-01 9.487646956497045804e-06
9.961366814491223742e-01 1.038721533515853882e-05
9.957308935064733690e-01 1.130454029993204848e-05
9.953049410190606405e-01 1.223617386167244399e-05
9.948588422332710346e-01 1.317872510177158944e-05
9.943926162584917350e-01 1.412888042650084157e-05
9.939062830662918069e-01 1.508342246545259421e-05
9.933998634895666591e-01 1.603924760382621594e-05
9.928733792216454246e-01 1.699338203914439410e-05
9.923268528153617041e-01 1.794299629448283873e-05
9.917603076820881158e-01 1.888541815194738681e-05
9.911737680907320991e-01 1.981814398226431549e-05
9.905672591666980775e-01 2.073884846462810882e-05
9.899408068908094327e-01 2.164539270851086560e-05
9.892944380981967267e-01 2.253583079804073169e-05
9.886281804771476223e-01 2.340841479211917380e-05
9.879420625679213863e-01 2.426159822684975114e-05
9.872361137615255355e-01 2.509403817173043916e-05
9.865103642984572874e-01 2.590459589711943076e-05
9.857648452674084849e-01 2.669233621981028824e-05
9.849995886039325521e-01 2.745652559510445973e-05
9.842146270890785864e-01 2.819662902408926435e-05
9.834099943479850392e-01 2.891230585071849398e-05
9.825857248484404227e-01 2.960340452353371352e-05
9.817418538994069355e-01 3.026995639321057618e-05
9.808784176495072282e-01 3.091216862059160205e-05
9.799954530854767532e-01 3.153041627025466009e-05
9.790929980305783653e-01 3.212523365934348937e-05
9.781710911429831734e-01 3.269730503392367276e-05
9.772297719141140870e-01 3.324745464752870618e-05
9.762690806669536148e-01 3.377663631156604967e-05
9.752890585543174673e-01 3.428592248959158600e-05
9.742897475570911903e-01 3.477649301256856187e-05
9.732711904824320470e-01 3.524962348943326031e-05
9.722334309619348192e-01 3.570667348989447581e-05
9.711765134497637453e-01 3.614907458389866369e-05
9.701004832207471562e-01 3.657831832157373858e-05
9.690053863684389146e-01 3.699594423918298473e-05
9.678912698031432171e-01 3.740352798478271956e-05
9.667581812499057570e-01 3.780266965807746585e-05
9.656061692464689150e-01 3.819498245780516708e-05
9.644352831411927562e-01 3.858208173541698225e-05
9.632455730909410541e-01 3.896557455325464734e-05
9.620370900589326757e-01 3.934704983879299236e-05
9.608098858125584396e-01 3.972806922613617237e-05
9.595640129211637781e-01 4.011015867192567637e-05
9.582995247537970940e-01 4.049480091894998551e-05
9.570164754769227011e-01 4.088342887212620229e-05
9.557149200521014576e-01 4.127741994299529278e-05
9.543949142336356495e-01 4.167809139894407359e-05
9.530565145661812343e-01 4.208669673774934641e-05
9.516997783823255563e-01 4.250442309678490046e-05
9.503247638001310893e-01 4.293238968382993127e-05
9.489315297206460942e-01 4.337164719724156779e-05
9.475201358253816375e-01 4.382317819338224052e-05
9.460906425737546366e-01 4.428789834056996028e-05
9.446431112004980424e-01 4.476665848147247834e-05
9.431776037130384926e-01 4.526024742100355659e-05
9.416941828888388821e-01 4.576939534661172542e-05
9.401929122727105126e-01 4.629477777628518415e-05
9.386738561740894937e-01 4.683701993219342052e-05
9.371370796642833900e-01 4.739670143879476854e-05
9.355826485736832288e-01 4.797436123970635923e-05
9.340106294889434224e-01 4.857050263581182831e-05
9.324210897501292727e-01 4.918559835764966024e-05
9.308140974478328333e-01 4.982009558657440944e-05
9.291897214202560207e-01 5.047442085013520928e-05
9.275480312502613067e-01 5.114898473375250639e-05
9.258890972623917692e-01 5.184418635523723834e-05
9.242129905198580575e-01 5.256041755779171322e-05
9.225197828214943829e-01 5.329806679592878393e-05
9.208095466986833122e-01 5.405752269441920838e-05
9.190823554122479200e-01 5.483917726520166420e-05
9.173382829493147428e-01 5.564342878403973698e-05
9.155774040201430930e-01 5.647068433394996040e-05
9.137997940549258402e-01 5.732136202159219033e-05
9.120055292005574410e-01 5.819589288626047391e-05
9.101946863173725477e-01 5.909472252625892947e-05
9.083673429758533091e-01 6.001831246158497400e-05
9.065235774533062507e-01 6.096714125971025588e-05
9.046634687305104006e-01 6.194170545667842056e-05
9.027870964883322191e-01 6.294252029678549512e-05
9.008945411043136620e-01 6.397012031721044454e-05
8.989858836492282679e-01 6.502505981016255484e-05
8.970612058836089364e-01 6.610791318493360459e-05
8.951205902542453963e-01 6.721927524977128004e-05
8.931641198906523638e-01 6.835976144109539795e-05
8.911918786015086136e-01 6.953000801892517103e-05
8.892039508710667395e-01 7.073067224090841525e-05
8.872004218555343824e-01 7.196243253517021024e-05
8.851813773794262596e-01 7.322598868639857025e-05
8.831469039318879943e-01 7.452206203942504550e-05
8.810970886629907461e-01 7.585139573287569780e-05
8.790320193799983084e-01 7.721475497407267552e-05
8.769517845436056724e-01 7.861292735412026499e-05
8.748564732641495034e-01 8.004672320827055842e-05
8.727461752977916376e-01 8.151697602995195237e-05
8.706209810426730478e-01 8.302454293401546458e-05
8.684809815350426065e-01 8.457030516906399449e-05
8.663262684453565399e-01 8.615516868612160752e-05
8.641569340743524563e-01 8.778006475878908689e-05
8.619730713490945107e-01 8.944595064987134498e-05
8.597747738189932543e-01 9.115381033056625128e-05
8.575621356517987293e-01 9.290465524896161992e-05
8.553352516295655850e-01 9.469952514088185230e-05
8.530942171445936584e-01 9.653948888829062792e-05
8.508391281953416874e-01 9.842564542467897360e-05
8.485700813823144895e-01 1.003591246785932612e-04
8.462871739039257157e-01 1.023410885593531574e-04
8.439905035523337373e-01 1.043727319881155435e-04
8.416801687092524409e-01 1.064552839662053234e-04
8.393562683417370440e-01 1.085900086825243333e-04
8.370189019979447087e-01 1.107782066660592410e-04
8.346681698028702856e-01 1.130212159763238351e-04
8.323041724540573005e-01 1.153204134319099232e-04
8.299270112172840719e-01 1.176772158859332808e-04
8.275367879222260692e-01 1.200930815438091843e-04
8.251336049580941800e-01 1.225695113203066503e-04
8.227175652692479968e-01 1.251080502456660760e-04
8.202887723507867879e-01 1.277102889192943951e-04
8.178473302441153781e-01 1.303778650067836378e-04
8.153933435324879353e-01 1.331124647900413973e-04
8.129269173365275547e-01 1.359158247724468068e-04
8.104481573097236380e-01 1.387897333324267951e-04
8.079571696339058473e-01 1.417360324340690206e-04
8.054540610146956325e-01 1.447566194005434504e-04
8.029389386769348880e-01 1.478534487441923945e-04
8.004119103600940699e-01 1.510285340591720942e-04
7.978730843136553341e-01 1.542839499851728698e-04
7.953225692924766888e-01 1.576218342362403508e-04
7.927604745521329432e-01 1.610443896982689869e-04
7.901869098442354522e-01 1.645538866063686254e-04
7.876019854117308761e-01 1.681526647986114501e-04
7.850058119841784032e-01 1.718431360458187360e-04
7.823985007730069885e-01 1.756277864696099544e-04
7.797801634667512749e-01 1.795091790481206820e-04
7.771509122262669766e-01 1.834899562074487293e-04
7.745108596799262779e-01 1.875728425111866020e-04
7.718601189187934697e-01 1.917606474510855769e-04
7.691988034917802697e-01 1.960562683341082236e-04
7.665270274007824902e-01 2.004626932772719545e-04
7.638449050957950570e-01 2.049830043174300930e-04
7.611525514700108186e-01 2.096203806317193015e-04
7.584500818548984835e-01 2.143781018776528657e-04
7.557376120152615728e-01 2.192595516631651233e-04
7.530152581442802751e-01 2.242682211423386684e-04
7.502831368585338723e-01 2.294077127439479486e-04
7.475413651930050696e-01 2.346817440462661798e-04
7.447900605960663389e-01 2.400941517967087430e-04
7.420293409244498317e-01 2.456488960800875219e-04
7.392593244381979734e-01 2.513500646503904123e-04
7.364801297955975157e-01 2.572018774275890065e-04
7.336918760480970469e-01 2.632086911621780729e-04
7.308946826352071824e-01 2.693750042829744489e-04
7.280886693793839903e-01 2.757054619337821907e-04
7.252739564808962092e-01 2.822048611994242028e-04
7.224506645126762550e-01 2.888781565363799492e-04
7.196189144151552419e-01 2.957304654179932239e-04
7.167788274910827928e-01 3.027670741957868943e-04
7.139305254003303070e-01 3.099934441905892566e-04
7.110741301546791293e-01 3.174152180272094958e-04
7.082097641125949528e-01 3.250382262146976771e-04
7.053375499739856780e-01 3.328684939851129588e-04
7.024576107749452847e-01 3.409122484082159447e-04
6.995700698824842689e-01 3.491759257873060457e-04
6.966750509892436494e-01 3.576661793471374836e-04
6.937726781081977601e-01 3.663898872336444684e-04
6.908630755673407231e-01 3.753541608337770128e-04
6.879463680043614859e-01 3.845663534267215679e-04
6.850226803613045368e-01 3.940340691880215521e-04
6.820921378792178524e-01 4.037651725593571512e-04
6.791548660927876346e-01 4.137677979949294107e-04
6.762109908249611667e-01 4.240503601071730108e-04
6.732606381815571250e-01 4.346215642290456450e-04
6.703039345458630116e-01 4.454904174063826702e-04
6.673410065732219287e-01 4.566662398434188832e-04
6.643719811856069191e-01 4.681586768232271151e-04
6.613969855661839814e-01 4.799777111188142540e-04
6.584161471538637622e-01 4.921336759192869708e-04
6.554295936378429221e-01 5.046372682972578372e-04
6.524374529521339561e-01 5.174995632377298255e-04
6.494398532700852433e-01 5.307320282536663473e-04
6.464369229988906618e-01 5.443465386185439943e-04
6.434287907740880996e-01 5.583553932406893228e-04
6.404155854540504178e-01 5.727713312076700364e-04
6.373974361144646439e-01 5.876075490350889585e-04
6.343744720428036166e-01 6.028777186503834866e-04
6.313468227327867499e-01 6.185960061429551880e-04
6.283146178788336922e-01 6.347770913193583227e-04
6.252779873705085478e-01 6.514361881000646330e-04
6.222370612869554396e-01 6.685890657946397340e-04
6.191919698913267434e-01 6.862520712984699917e-04
6.161428436252032181e-01 7.044421522541657659e-04
6.130898131030058096e-01 7.231768812204627736e-04
6.100330091064006810e-01 7.424744808976754340e-04
6.069725625786971390e-01 7.623538504597909262e-04
6.039086046192385648e-01 7.828345930441140809e-04
6.008412664777865730e-01 8.039370444539774025e-04
5.977706795488978431e-01 8.256823031327146763e-04
5.946969753662968428e-01 8.480922614686391093e-04
5.916202855972406693e-01 8.711896384952890534e-04
5.885407420368792275e-01 8.949980140539815420e-04
5.854584766026088571e-01 9.195418644888532890e-04
5.823736213284221863e-01 9.448465999485638643e-04
5.792863083592521001e-01 9.709386033725956678e-04
5.761966699453108243e-01 9.978452712438071713e-04
5.731048384364245685e-01 1.025595056193949689e-03
5.700109462763652823e-01 1.054217511552418569e-03
5.669151259971755286e-01 1.083743337933473815e-03
5.638175102134924677e-01 1.114204431963042741e-03
5.607182316168665137e-01 1.145633937250794404e-03
5.576174229700775475e-01 1.178066297718045928e-03
5.545152171014479103e-01 1.211537313399757045e-03
5.514117468991517335e-01 1.246084198844165259e-03
5.483071453055236022e-01 1.281745644239070661e-03
5.452015453113627785e-01 1.318561879402935667e-03
5.420950799502368689e-01 1.356574740785809578e-03
5.389878822927824942e-01 1.395827741630563477e-03
5.358800854410060710e-01 1.436366145455841500e-03
5.327718225225812620e-01 1.478237043031218213e-03
5.296632266851460935e-01 1.521489433021092508e-03
5.265544310906001835e-01 1.566174306485997860e-03
5.234455689093998609e-01 1.612344735441555025e-03
5.203367733148539509e-01 1.660055965682679996e-03
5.172281774774188934e-01 1.709365514093894641e-03
5.141199145589938624e-01 1.760333270681358614e-03
5.110121177072175502e-01 1.813021605571510418e-03
5.079049200497631755e-01 1.867495481235330063e-03
5.047984546886372659e-01 1.923822570215023365e-03
5.016928546944764422e-01 1.982073378642465900e-03
4.985882531008482554e-01 2.042321375854070243e-03
4.954847828985521341e-01 2.104643130428263901e-03
4.923825770299224969e-01 2.169118452987506274e-03
4.892817683831335862e-01 2.235830546124208638e-03
4.861824897865075767e-01 2.304866161834624727e-03
4.830848740028245158e-01 2.376315766865994255e-03
4.799890537236347621e-01 2.450273716401821754e-03
4.768951615635754204e-01 2.526838436538819850e-03
4.738033300546892757e-01 2.606112616035348006e-03
4.707136916407479443e-01 2.688203407835209734e-03
4.676263786715778581e-01 2.773222640903104993e-03
4.645415233973912428e-01 2.861287042941015879e-03
4.614592579631207614e-01 2.952518474584152255e-03
4.583797144027593196e-01 3.047044175712061709e-03
4.553030246337031461e-01 3.144997024550615951e-03
4.522293204511022569e-01 3.246515810277412605e-03
4.491587335222135269e-01 3.351745519885847204e-03
4.460913953807614796e-01 3.460837640111847236e-03
4.430274374213030164e-01 3.573950475272408018e-03
4.399669908935994189e-01 3.691249481915393621e-03
4.369101868969942348e-01 3.812907621238057019e-03
4.338571563747968263e-01 3.939105730288420919e-03
4.308080301086732455e-01 4.070032913022794858e-03
4.277629387130446603e-01 4.205886952362286949e-03
4.247220126294914966e-01 4.346874744460241420e-03
4.216853821211663522e-01 4.493212756464445672e-03
4.186531772672132945e-01 4.645127509140477805e-03
4.156255279571963723e-01 4.802856085808067561e-03
4.126025638855353450e-01 4.966646669129812230e-03
4.095844145459496821e-01 5.136759107390960130e-03
4.065712092259119448e-01 5.313465512013480080e-03
4.035630770011093271e-01 5.497050888156153510e-03
4.005601467299147456e-01 5.687813800371250943e-03
3.975625470478661438e-01 5.886067075416394519e-03
3.945704063621571223e-01 6.092138544451060171e-03
3.915838528461362267e-01 6.306371826990059618e-03
3.886030144338161185e-01 6.529127159138385650e-03
3.856280188143930698e-01 6.760782268790074302e-03
3.826589934267781712e-01 7.001733300642755918e-03
3.796960654541371438e-01 7.252395794063618700e-03
3.767393618184429749e-01 7.513205717036554494e-03
3.737890091750388777e-01 7.784620559631962207e-03
3.708451339072124098e-01 8.067120490674511979e-03
3.679078621207821365e-01 8.361209581539963409e-03
3.649773196386954521e-01 8.667417101292311521e-03
3.620536319956386140e-01 8.986298887682646341e-03
3.591369244326594323e-01 9.318438798864495456e-03
3.562273218918023399e-01 9.664450251036377226e-03
3.533249490107563950e-01 1.002497784759119950e-02
3.504299301175158865e-01 1.040069910572525430e-02
3.475423892250547597e-01 1.079232628682405375e-02
3.446624500260143664e-01 1.120060833729199547e-02
3.417902358874051472e-01 1.162633294682323057e-02
3.389258698453209151e-01 1.207032873143107712e-02
3.360694745996697375e-01 1.253346754888815667e-02
3.332211725089171406e-01 1.301666695462264448e-02
3.303810855848447470e-01 1.352089280662718135e-02
3.275493354873239005e-01 1.404716202864356167e-02
3.247260435191039463e-01 1.459654554186305513e-02
3.219113306206161096e-01 1.517017137669257262e-02
3.191053173647928620e-01 1.576922797780391447e-02
3.163081239519029975e-01 1.639496771766586758e-02
3.135198702044026398e-01 1.704871063593060149e-02
3.107406755618021821e-01 1.773184842418592047e-02
3.079706590755501572e-01 1.844584867736651437e-02
3.052099394039337055e-01 1.919225943416051280e-02
3.024586348069950303e-01 1.997271402866697756e-02
2.997168631414660611e-01 2.078893627404363245e-02
2.969847418557197138e-01 2.164274599583823275e-02
2.942623879847386381e-01 2.253606492834732411e-02
2.915499181451016719e-01 2.347092298235831792e-02
2.888474485299892813e-01 2.444946488817370533e-02
2.861550949042048764e-01 2.547395721556895004e-02
2.834729725992176652e-01 2.654679577431260859e-02
2.808011965082197192e-01 2.767051340721992519e-02
2.781398810812066857e-01 2.884778820422880669e-02
2.754891403200737665e-01 3.008145219167650611e-02
2.728490877737330123e-01 3.137450058534912295e-02
2.702198365332486030e-01 3.273010173659135491e-02
2.676014992269929449e-01 3.415160794301644320e-02
2.649941880158215857e-01 3.564256733196192323e-02
2.623980145882693349e-01 3.720673704656043967e-02
2.598130901557644812e-01 3.884809796081898497e-02
2.572395254478671567e-01 4.057087111152879455e-02
2.546774307075234112e-01 4.237953595386947242e-02
2.521269156863448213e-01 4.427885042187174047e-02
2.495880896399060300e-01 4.627387260971412009e-02
2.470610613230651009e-01 4.836998369994505165e-02
2.445459389853045229e-01 5.057291157583389957e-02
2.420428303660941416e-01 5.288875440332765909e-02
2.395518426902763509e-01 5.532400339796545580e-02
2.370730826634724897e-01 5.788556405167778751e-02
2.346066564675122756e-01 6.058077532849619196e-02
2.321526697558846108e-01 6.341742677952175167e-02
2.297112276492133121e-01 6.640377418656509545e-02
2.272824347307518811e-01 6.954855519936792296e-02
2.248663950419059199e-01 7.286100742221141013e-02
2.224632120777739752e-01 7.635089242765100148e-02
2.200729887827160836e-01 8.002853008196056384e-02
2.176958275459427994e-01 8.390484817997566347e-02
2.153318301971297033e-01 8.799145251113021926e-02
2.129810980020553912e-01 9.230072192526816988e-02
2.106437316582630559e-01 9.684593158326748608e-02
2.083198312907477701e-01 1.016414052777000615e-01
2.060094964476662516e-01 1.067026945055107867e-01
2.037128260960743842e-01 1.120467780081568221e-01
2.014299186176854994e-01 1.176922710537485761e-01
1.991608718046585236e-01 1.236596292676425263e-01
1.969057828554064971e-01 1.299713279204351979e-01
1.946647483704344039e-01 1.366519949714381510e-01
1.924378643482013151e-01 1.437284756141894160e-01
1.902252261810067346e-01 1.512298083123663206e-01
1.880269286509055893e-01 1.591870979208061532e-01
1.858430659256475881e-01 1.676332807259279800e-01
1.836737315546433935e-01 1.766027889491926239e-01
1.815190184649574379e-01 1.861311377546909507e-01
1.793790189573270522e-01 1.962544748789696591e-01
1.772538247022083513e-01 2.070091500113338256e-01
1.751435267358505965e-01 2.184313760942583060e-01
1.730482154563945385e-01 2.305570658691568631e-01
1.709679806200016805e-01 2.434219325685234581e-01
1.689029113370092983e-01 2.570619423519040492e-01
1.668530960681119113e-01 2.715141970534047378e-01
1.648186226205737293e-01 2.868183086003147642e-01
1.627995781444656620e-01 3.030183008863500116e-01
1.607960491289333049e-01 3.201650408895758138e-01
1.588081213984914308e-01 3.383191584930934082e-01
1.568358801093476806e-01 3.575543641854487809e-01
1.548794097457545649e-01 3.779610167149028976e-01
1.529387941163911635e-01 3.996497313604628343e-01
1.510141163507718876e-01 4.227547584100522782e-01
1.491054588956863269e-01 4.474368080816715776e-01
1.472129035116677975e-01 4.738849626698149464e-01
1.453365312694895051e-01 5.023173112268318752e-01
1.434764225466936827e-01 5.329799783400468449e-01
1.416326570241468463e-01 5.661443044077586473e-01
1.398053136826274967e-01 6.021020701055554980e-01
1.379944707994425201e-01 6.411588310521100231e-01
1.362002059450742042e-01 6.836256168309566839e-01
1.344225959798568404e-01 7.298094201495811673e-01
1.326617170506853294e-01 7.800030250917796559e-01
1.309176445877520134e-01 8.344747749003620374e-01
1.291904533013166767e-01 8.934588522398636545e-01
1.274802171785056615e-01 9.571465492232310579e-01
1.257870094801418759e-01 1.025678865437565701e+00
1.241109027376082335e-01 1.099140620269529744e+00
1.224519687497386544e-01 1.177556128290524251e+00
1.208102785797439960e-01 1.260886381202032336e+00
1.191859025521671556e-01 1.349027613457867592e+00
1.175789102498708966e-01 1.441811098284792259e+00
1.159893705110566497e-01 1.539004017823084158e+00
1.144173514263168434e-01 1.640311265083084669e+00
1.128629203357165572e-01 1.745378056955675161e+00
1.113261438259105507e-01 1.853793259672495974e+00
1.098070877272896151e-01 1.965093346687086795e+00
1.083058171111609680e-01 2.078766922071968448e+00
1.068223962869615101e-01 2.194259749990208341e+00
1.053568887995019188e-01 2.310980233371314974e+00
1.039093574262454911e-01 2.428305283812870918e+00
1.024798641746184208e-01 2.545586521234560529e+00
1.010684702793538808e-01 2.662156737105267901e+00
9.967523619986896899e-02 2.777336550122433856e+00
9.830022161767457134e-02 2.890441178776805842e+00
9.694348543381876848e-02 3.000787251780817844e+00
9.560508576636442268e-02 3.107699575192752750e+00
9.428507994789868396e-02 3.210517774420571513e+00
9.298352452307720450e-02 3.308602730210015164e+00
9.170047524620289492e-02 3.401342730194403252e+00
9.043598707883608590e-02 3.488159261563863467e+00
8.919011418744166031e-02 3.568512375845497964e+00
8.796290994106746586e-02 3.641905563562873649e+00
8.675442690905896259e-02 3.707890084490829796e+00
8.556471685880721878e-02 3.766068708166243617e+00
8.439383075353108776e-02 3.816098829049526131e+00
8.324181875009425968e-02 3.857694930942789036e+00
8.210873019685677177e-02 3.890630385584174178e+00
8.099461363156119920e-02 3.914738580428271497e+00
7.989951677925280493e-02 3.929913380202245232e+00
7.882348655023631301e-02 3.936108935587398605e+00
7.776656903806511423e-02 3.933338860102582046e+00
7.672880951756805290e-02 3.921674802962302753e+00
7.571025244290884026e-02 3.901244451474248365e+00
7.471094144568260487e-02 3.872229001558965322e+00
7.373091933304645740e-02 3.834860139448444727e+00
7.277022808588597125e-02 3.789416581911294823e+00
7.182890885701680161e-02 3.736220226732933636e+00
7.090700196942163747e-02 3.675631969714623359e+00
7.000454691452331901e-02 3.608047249146116631e+00
6.912158235049273292e-02 3.533891383513114715e+00
6.825814610059309506e-02 3.453614772823711210e+00
6.741427515155953842e-02 3.367688037859891459e+00
6.659000565201504684e-02 3.276597174411939317e+00
6.578537291092141637e-02 3.180838800732873839e+00
6.500041139606740903e-02 3.080915575566089526e+00
6.423515473259161501e-02 2.977331860733503532e+00
6.348963570154263214e-02 2.870589696328513352e+00
6.276388623847449499e-02 2.761185148136489076e+00
6.205793743207863034e-02 2.649605076147024008e+00
6.137181952285239439e-02 2.536324360275208800e+00
6.070556190180335238e-02 2.421803605307767171e+00
6.005919310919068110e-02 2.306487332291366599e+00
5.943274083330193219e-02 2.190802648680003184e+00
5.882623190926782042e-02 2.075158375274179789e+00
5.823969231791195633e-02 1.959944595065255646e+00
5.767314718463824319e-02 1.845532578081548580e+00
5.712662077835464758e-02 1.732275027584099236e+00
5.660013651043333677e-02 1.620506586843226682e+00
5.609371693370820283e-02 1.510544542456164541e+00
5.560738374150830943e-02 1.402689659701982672e+00
5.514115776672902369e-02 1.297227087639632570e+00
5.469505898093936919e-02 1.194427276375751967e+00
5.426910649352668231e-02 1.094546855888772541e+00
5.386331855087763548e-02 9.978294346133403936e-01
5.347771253559731319e-02 9.045062862842442319e-01
5.311230496576392623e-02 8.147969046543233063e-01
5.276711149422161351e-02 7.289094158620980091e-01
5.244214690790984651e-02 6.470408443567184920e-01
5.213742512722981809e-02 5.693772289725984592e-01
5.185295920544861353e-02 4.960935862678554908e-01
5.158876132813935284e-02 4.273537307074356528e-01
5.134484281265987160e-02 3.633099945323333690e-01
5.112121410766754664e-02 3.041029362518931078e-01
5.091788479267182060e-02 2.498611585214889352e-01
5.073486357762373167e-02 2.007013427691933527e-01
5.057215830254310762e-02 1.567285375357673205e-01
5.042977593718232787e-02 1.180366306728824061e-01
5.030772258072811060e-02 8.470883830627454203e-02
5.020600346153992338e-02 5.681800381034544239e-02
5.012462293692631493e-02 3.442654214081533603e-02
5.006358449295814778e-02 1.758597608182006777e-02
5.002289074431920390e-02 6.336148540346419299e-03
5.000254343419417713e-02 7.043072839156581727e-04
