9.999955153673022457e-01 3.977438252652915751e-11 3.957674825667741142e-11 7.935113078320656247e-11
9.999596392164437075e-01 3.097420387929335028e-09 3.204790327475049456e-09 6.302210715404384485e-09
9.998878917717831660e-01 2.208137193279436825e-08 2.467777585688306239e-08 4.675914778967742733e-08
9.997802827467761055e-01 7.519373044568237773e-08 9.418458241226074091e-08 1.693783128579431186e-07
9.996368267099620120e-01 1.743623545629444199e-07 2.536228359456644590e-07 4.279851905086089054e-07
9.994575430829919505e-01 3.151445959065757575e-07 5.509322739125251747e-07 8.660768698191008792e-07
9.992424561379990022e-01 4.734902101935657765e-07 1.029134371280368413e-06 1.502624581473934137e-06
9.989915949943125595e-01 6.118773693971946954e-07 1.711648486329587896e-06 2.323525855726782380e-06
9.987049936145158124e-01 6.928561418718539796e-07 2.587959160227362825e-06 3.280815302099217016e-06
9.983826907998477607e-01 6.939972818129354548e-07 3.605780002856229971e-06 4.299777284669165426e-06
9.980247301849503039e-01 6.169957744731313248e-07 4.675201964385901083e-06 5.292197738859031984e-06
9.976311602319606342e-01 4.863471972783192577e-07 5.686241374005059569e-06 6.172588571283378403e-06
9.972020342239502622e-01 3.384260604749961666e-07 6.535186380225068361e-06 6.873612440700064210e-06
9.967374102577114536e-01 2.068217494788121477e-07 7.150415320947897483e-06 7.357237070426709419e-06
9.962373512358918548e-01 1.113079735669807479e-07 7.507968369859240256e-06 7.619276343426221361e-06
9.957019248584780824e-01 5.497871671325254467e-08 7.631681958704254650e-06 7.686660675417506983e-06
9.951312036136309436e-01 2.899610936580857757e-08 7.579601666106794904e-06 7.608597775472603264e-06
9.945252647678711755e-01 2.054762791206141691e-08 7.423694525609535187e-06 7.444242153521596684e-06
9.938841903556188129e-01 1.919689977942586511e-08 7.230971148191181946e-06 7.250168047970607729e-06
9.932080671680874051e-01 1.929316410024039239e-08 7.051353191440610527e-06 7.070646355540851105e-06
9.924969867415333047e-01 1.909466717707166487e-08 6.913500665068931691e-06 6.932595332246003700e-06
9.917510453448636909e-01 1.870737209216467841e-08 6.826819085134247202e-06 6.845526457226411570e-06
9.909703439666031066e-01 1.852652202819895855e-08 6.786857024133845755e-06 6.805383546162044518e-06
9.901549883012209508e-01 1.866620230181131691e-08 6.781658495526114728e-06 6.800324697827925625e-06
9.893050887348225908e-01 1.901752762503965075e-08 6.797395163239343403e-06 6.816412690864383305e-06
9.884207603302044287e-01 1.944270502143642137e-08 6.822302965029588926e-06 6.841745670051025198e-06
9.875021228112765836e-01 1.986896384799604908e-08 6.848576636017548311e-06 6.868445599865544099e-06
9.865493005468539689e-01 2.028320721378077300e-08 6.872462974490104698e-06 6.892746181703885868e-06
9.855624225338189826e-01 2.069799544555778583e-08 6.893216132380982706e-06 6.913914127826540776e-06
9.845416223796570332e-01 2.112903727708572767e-08 6.911692757532954952e-06 6.932821794810040478e-06
9.834870382843684533e-01 2.158768806243985852e-08 6.929178849365528929e-06 6.950766537427968969e-06
9.823988130217584658e-01 2.208051912697653184e-08 6.946710960603310089e-06 6.968791479730286601e-06
9.812770939201078679e-01 2.261073885780019083e-08 6.964864062513860462e-06 6.987474801371660249e-06
9.801220328422272088e-01 2.317979815506600227e-08 6.983827617739761803e-06 7.007007415894827948e-06
9.789337861648966799e-01 2.378868523640970896e-08 7.003579434697465453e-06 7.027368119933874914e-06
9.777125147576953834e-01 2.443867794693262610e-08 7.024033895353952019e-06 7.048472573300884606e-06
9.764583839612225313e-01 2.513156969465750161e-08 7.045121295883713242e-06 7.070252865578370509e-06
9.751715635647122404e-01 2.586958386419328763e-08 7.066808521477982952e-06 7.092678105342176286e-06
9.738522277830474749e-01 2.665520455507567386e-08 7.089089800104986216e-06 7.115745004660061962e-06
9.725005552331738023e-01 2.749105401305871205e-08 7.111971333205058982e-06 7.139462387218117797e-06
9.711167289099175148e-01 2.837984220133957203e-08 7.135461025142789515e-06 7.163840867344129197e-06
9.697009361612111134e-01 2.932436770393426768e-08 7.159564715093844513e-06 7.188889082797778721e-06
9.682533686627294855e-01 3.032753441423475509e-08 7.184286209201007090e-06 7.214613743615241442e-06
9.667742223919399969e-01 3.139236935378743361e-08 7.209628375815014772e-06 7.241020745168802629e-06
9.652636976015700476e-01 3.252203181138777418e-08 7.235593948467764081e-06 7.268115980279151432e-06
9.637219987924965370e-01 3.371981955631010900e-08 7.262185810823913702e-06 7.295905630380223969e-06
9.621493346860597873e-01 3.498917347222926768e-08 7.289406986913179201e-06 7.324396160385408634e-06
9.605459181958049264e-01 3.633368153774567644e-08 7.317260560494059380e-06 7.353594242031804673e-06
9.589119663986582776e-01 3.775708484032007104e-08 7.345749620006711712e-06 7.383506704847031551e-06
9.572477005055373134e-01 3.926328342504323709e-08 7.374877237074717427e-06 7.414140520499760777e-06
9.555533458314036110e-01 4.085634240093264481e-08 7.404646460136344125e-06 7.445502802537277141e-06
9.538291317647573653e-01 4.254049881562267165e-08 7.435060310077082956e-06 7.477600808892705555e-06
9.520752917365828960e-01 4.432016824827828379e-08 7.466121774130455751e-06 7.510441942378733856e-06
9.502920631887452618e-01 4.619995227165089231e-08 7.497833798608903629e-06 7.544033750880554204e-06
9.484796875418448625e-01 4.818464551138103462e-08 7.530199281704741321e-06 7.578383927216122124e-06
9.466384101625325842e-01 5.027924378540148450e-08 7.563221066672377123e-06 7.613500310457778634e-06
9.447684803302913714e-01 5.248895209794882434e-08 7.596901935450913738e-06 7.649390887548861742e-06
9.428701512036875565e-01 5.481919302325805040e-08 7.631244602566425859e-06 7.686063795589683208e-06
9.409436797860972757e-01 5.727561581452034446e-08 7.666251709180104437e-06 7.723527324994624470e-06
9.389893268909125235e-01 5.986410572682553494e-08 7.701925817329185651e-06 7.761789923056011675e-06
9.370073571062307316e-01 6.259079305486773504e-08 7.738269404183961648e-06 7.800860197238829053e-06
9.349980387590346442e-01 6.546206466758860844e-08 7.775284856345011797e-06 7.840746921012600048e-06
9.329616438788639332e-01 6.848457271388667694e-08 7.812974464028495989e-06 7.881459036742381925e-06
9.308984481609878792e-01 7.166524736763709747e-08 7.851340415181979387e-06 7.923005662549615743e-06
9.288087309290802285e-01 7.501130748976357993e-08 7.890384789402642688e-06 7.965396096892406202e-06
9.266927750974025546e-01 7.853027273107441118e-08 7.930109551572249658e-06 8.008639824303324519e-06
9.245508671325036731e-01 8.222997674524798387e-08 7.970516545255978809e-06 8.052746522001227335e-06
9.223832970144349996e-01 8.611857971975986760e-08 8.011607485693383315e-06 8.097726065413142428e-06
9.201903581974935076e-01 9.020458258357192374e-08 8.053383952396546167e-06 8.143588534980117455e-06
9.179723475704911761e-01 9.449684136068397459e-08 8.095847381339674068e-06 8.190344222700358042e-06
9.157295654165621412e-01 9.900458231557607198e-08 8.138999056572461592e-06 8.238003638888037399e-06
9.134623153725085487e-01 1.037374179014937793e-07 8.182840101394209470e-06 8.286577519295703303e-06
9.111709043876935477e-01 1.087053627116915042e-07 8.227371468886166336e-06 8.336076831597857907e-06
9.088556426824844214e-01 1.139188518790655410e-07 8.272593931889692394e-06 8.386512783768757339e-06
9.065168437062545159e-01 1.193887581628749134e-07 8.318508072352551750e-06 8.437896830515427034e-06
9.041548240949470738e-01 1.251264116531003735e-07 8.365114269991129082e-06 8.490240681644229667e-06
9.017699036282069702e-01 1.311436192686058676e-07 8.412412690301843788e-06 8.543556309570449206e-06
8.993624051860888979e-01 1.374526859017053528e-07 8.460403271866230137e-06 8.597855957767935834e-06
8.969326547053440013e-01 1.440664361833163869e-07 8.509085712932780031e-06 8.653152149116097265e-06
8.944809811352928408e-01 1.509982371639865573e-07 8.558459457260533872e-06 8.709457694424519635e-06
8.920077163932915720e-01 1.582620227311009689e-07 8.608523679171197070e-06 8.766785701902297801e-06
8.895131953197957797e-01 1.658723188717323023e-07 8.659277267902205344e-06 8.825149586773937911e-06
8.869977556330271851e-01 1.738442692995434356e-07 8.710718811050290077e-06 8.884563080349833434e-06
8.844617378832537735e-01 1.821936646048284244e-07 8.762846577267584548e-06 8.945040241872412258e-06
8.819054854066834537e-01 1.909369700411855557e-07 8.815658498087979776e-06 9.006595468129166126e-06
8.793293442789822389e-01 2.000913571785040537e-07 8.869152148923020474e-06 9.069243506101524078e-06
8.767336632684210596e-01 2.096747355967007189e-07 8.923324729090531724e-06 9.132999464687232787e-06
8.741187937886585324e-01 2.197057866896635563e-07 8.978173041010317502e-06 9.197878827699981270e-06
8.714850898511643518e-01 2.302039998759486247e-07 9.033693468388935536e-06 9.263897468264883366e-06
8.688329080172928487e-01 2.411897093921350223e-07 9.089881953460450566e-06 9.331071662852585483e-06
8.661626073500092726e-01 2.526841339144086684e-07 9.146733973214730813e-06 9.399418107129140222e-06
8.634745493652793424e-01 2.647094187468979289e-07 9.204244514526204197e-06 9.468953933273102020e-06
8.607690979831248423e-01 2.772886784843392483e-07 9.262408048275516109e-06 9.539696726759855992e-06
8.580466194783551437e-01 2.904460443851234411e-07 9.321218502250656738e-06 9.611664546635780127e-06
8.553074824309798707e-01 3.042067123915494830e-07 9.380669232924109574e-06 9.684875945315658368e-06
8.525520576763084835e-01 3.185969947273536591e-07 9.440752995959899400e-06 9.759349990687252212e-06
8.497807182547452154e-01 3.336443743289236985e-07 9.501461915443267184e-06 9.835106289772190300e-06
8.469938393612853611e-01 3.493775622542796807e-07 9.562787451784989114e-06 9.912165014039268530e-06
8.441917982947201304e-01 3.658265582234953561e-07 9.624720368192568414e-06 9.990546926416063082e-06
8.413749744065561753e-01 3.830227151127162094e-07 9.687250695615770042e-06 1.007027341072848546e-05
8.385437490496574497e-01 4.009988067562711574e-07 9.750367696256021199e-06 1.015136650301229220e-05
8.356985055266167306e-01 4.197890995695929596e-07 9.814059825319988760e-06 1.023384892488958130e-05
8.328396290378613509e-01 4.394294300995979010e-07 9.878314691134644325e-06 1.031774412123424164e-05
8.299675066295046921e-01 4.599572845019425049e-07 9.943119013465423402e-06 1.040307629796736612e-05
8.270825271409447677e-01 4.814118855409183929e-07 1.000845857988372362e-05 1.048987046542464223e-05
8.241850811522235531e-01 5.038342835171189128e-07 1.007431820017770942e-05 1.057815248369482907e-05
8.212755609311465088e-01 5.272674531930297109e-07 1.014068165866533794e-05 1.066794911185836701e-05
8.183543603801776145e-01 5.517563981639326080e-07 1.020753166432518249e-05 1.075928806248911468e-05
8.154218749831102508e-01 5.773482596664339846e-07 1.027484979852686792e-05 1.085219805819330180e-05
8.124785017515252505e-01 6.040924357068509501e-07 1.034261646037295271e-05 1.094670889607980387e-05
8.095246391710421152e-01 6.320407058867905596e-07 1.041081080943205462e-05 1.104285151531884455e-05
8.065606871473702810e-01 6.612473659409715405e-07 1.047941070579392754e-05 1.114065807173489845e-05
8.035870469521679826e-01 6.917693720653101096e-07 1.054839264719532050e-05 1.124016201926063029e-05
8.006041211687173753e-01 7.236664953636045217e-07 1.061773170313881210e-05 1.134139819850241588e-05
7.976123136374200229e-01 7.570014865988938045e-07 1.068740144583301328e-05 1.144440293243190730e-05
7.946120294011241869e-01 7.918402553995166426e-07 1.075737387768481398e-05 1.154921413308433041e-05
7.916036746502885801e-01 8.282520597030456309e-07 1.082761935521965969e-05 1.165587141492270468e-05
7.885876566679900224e-01 8.663097121048557377e-07 1.089810650912248319e-05 1.176441622122733924e-05
7.855643837747843250e-01 9.060897979373738161e-07 1.096880216017078229e-05 1.187489195810815622e-05
7.825342652734261772e-01 9.476729130089757373e-07 1.103967123080135794e-05 1.198734414381033453e-05
7.794977113934559165e-01 9.911439138533220343e-07 1.111067665187071121e-05 1.210182056572403346e-05
7.764551332356611768e-01 1.036592189129664749e-06 1.118177926433640378e-05 1.221837145346606832e-05
7.734069427164202981e-01 1.084111946249722097e-06 1.125293771547103925e-05 1.233704966172076092e-05
7.703535525119358240e-01 1.133802518163921287e-06 1.132410834909286640e-05 1.245791086725678768e-05
7.672953760023641934e-01 1.185768688709128004e-06 1.139524508941743155e-05 1.258101377812655871e-05
7.642328272158505076e-01 1.240121036742543667e-06 1.146629931807350052e-05 1.270642035481604419e-05
7.611663207724772562e-01 1.296976304603722783e-06 1.153721974378268596e-05 1.283419604838640874e-05
7.580962718281294421e-01 1.356457783002525127e-06 1.160795226420975598e-05 1.296441004721228132e-05
7.550230960182902074e-01 1.418695722675295758e-06 1.167843981976037850e-05 1.309713554243567384e-05
7.519472094017702890e-01 1.483827772402835566e-06 1.174862223878953808e-05 1.323245001119237386e-05
7.488690284043801881e-01 1.551999441921605845e-06 1.181843607411897466e-05 1.337043551604058009e-05
7.457889697625529335e-01 1.623364604458200274e-06 1.188781443077525110e-05 1.351117903523345138e-05
7.427074504669244348e-01 1.698086034175157778e-06 1.195668678493787526e-05 1.365477281911303388e-05
7.396248877058801963e-01 1.776335994368880900e-06 1.202497879440598459e-05 1.380131478877486592e-05
7.365416988090733863e-01 1.858296884852605560e-06 1.209261210086860297e-05 1.395090898572120832e-05
7.334583011909265871e-01 1.944161956380701090e-06 1.215950412465108493e-05 1.410366608103178518e-05
7.303751122941197771e-01 2.034136114225278220e-06 1.222556785235449277e-05 1.425970396657977057e-05
7.272925495330754275e-01 2.128436817641774273e-06 1.229071161814614486e-05 1.441914843578791956e-05
7.242110302374471509e-01 2.227295099707386386e-06 1.235483887925465449e-05 1.458213397896204130e-05
7.211309715956197852e-01 2.330956720394718540e-06 1.241784798584975852e-05 1.474880470624447664e-05
7.180527905982297954e-01 2.439683467863790617e-06 1.247963194526045931e-05 1.491931541312424908e-05
7.149769039817098770e-01 2.553754626108144462e-06 1.254007817971991548e-05 1.509383280582805910e-05
7.119037281718705312e-01 2.673468610876881711e-06 1.259906827619836062e-05 1.527253688707524233e-05
7.088336792275227172e-01 2.799144779297703634e-06 1.265647772555633744e-05 1.545562250485404065e-05
7.057671727841493547e-01 2.931125404881632569e-06 1.271217564728031485e-05 1.564330105216194826e-05
7.027046239976360020e-01 3.069777794328309912e-06 1.276602449457292245e-05 1.583580228890123110e-05
6.996464474880641493e-01 3.215496513747033419e-06 1.281787973313222585e-05 1.603337624687926097e-05
6.965930572835795642e-01 3.368705662685203949e-06 1.286758948560700766e-05 1.623629514829221161e-05
6.935448667643387965e-01 3.529861137600284017e-06 1.291499413246899315e-05 1.644485527006927844e-05
6.905022886065440568e-01 3.699452759919209636e-06 1.295992585920872003e-05 1.665937861912792967e-05
6.874657347265737961e-01 3.878006186766515865e-06 1.300220813932600412e-05 1.688021432609251914e-05
6.844356162252156484e-01 4.066084411159387259e-06 1.304165514329806710e-05 1.710773955445745267e-05
6.814123433320099510e-01 4.264288738131093170e-06 1.307807106455432065e-05 1.734235980268541212e-05
6.783963253497113932e-01 4.473258997515034396e-06 1.311124935654608620e-05 1.758450835406111975e-05
6.753879705988756754e-01 4.693672830463135980e-06 1.314097187847967804e-05 1.783464470894281317e-05
6.723876863625800615e-01 4.926243801697027134e-06 1.316700795246343834e-05 1.809325175416046463e-05
6.693958788312827091e-01 5.171718139379079235e-06 1.318911334173235704e-05 1.836083148111143458e-05
6.664129530478319907e-01 5.430869870743373197e-06 1.320702916755602415e-05 1.863789903829939819e-05
6.634393128526298034e-01 5.704494159775910835e-06 1.322048079177423235e-05 1.892497495155014318e-05
6.604753608289578581e-01 5.993398662740091323e-06 1.322917670250355419e-05 1.922257536524364551e-05
6.575214982484747228e-01 6.298392758088187041e-06 1.323280745144324704e-05 1.953120020953143493e-05
6.545781250168898335e-01 6.620274560468598107e-06 1.323104470262977385e-05 1.985131926309837027e-05
6.516456396198224699e-01 6.959815675751857839e-06 1.322354046316953071e-05 2.018335613892138940e-05
6.487244390688534645e-01 7.317743723775460931e-06 1.320992657650716287e-05 2.052767030028262380e-05
6.458149188477764202e-01 7.694722755815514698e-06 1.318981456641095923e-05 2.088453732222647223e-05
6.429174728590552057e-01 8.091331724426017153e-06 1.316279592572338894e-05 2.125412765014940609e-05
6.400324933704955033e-01 8.508041324783686829e-06 1.312844294565225411e-05 2.163648427043594094e-05
6.371603709621386225e-01 8.945189543475563472e-06 1.308631017984956996e-05 2.203149972332513174e-05
6.343014944733833538e-01 9.402956390933905494e-06 1.303593663102734179e-05 2.243889302196124729e-05
6.314562509503425236e-01 9.881338349735113464e-06 1.297684873682269406e-05 2.285818708655780752e-05
6.286250255934439091e-01 1.038012314374458318e-05 1.290856421537223187e-05 2.328868735911681335e-05
6.258082017052798429e-01 1.089886552145302427e-05 1.283059680970326625e-05 2.372946233115629222e-05
6.230061606387147233e-01 1.143686473656754396e-05 1.274246194451224359e-05 2.417932668107978755e-05
6.202192817452547580e-01 1.199314450069656819e-05 1.264368327907701284e-05 2.463682777977357934e-05
6.174479423236913789e-01 1.256643613502334421e-05 1.253380010730637079e-05 2.510023624232971500e-05
6.146925175690201026e-01 1.315516562425629574e-05 1.241237552121042118e-05 2.556754114546671522e-05
6.119533805216449407e-01 1.375744529019766822e-05 1.227900521913056003e-05 2.603645050932822656e-05
6.092309020168753531e-01 1.437107061071335192e-05 1.213332680571470277e-05 2.650439741642805639e-05
6.065254506347206309e-01 1.499352274480981434e-05 1.197502939886518299e-05 2.696855214367499564e-05
6.038373926499907007e-01 1.562197705971582034e-05 1.180386333137472128e-05 2.742584039109054162e-05
6.011670919827072357e-01 1.625331794409830047e-05 1.161964971240390810e-05 2.787296765650220856e-05
5.985149101488356216e-01 1.688415992058810042e-05 1.142228959840480007e-05 2.830644951899290049e-05
5.958812062113415520e-01 1.751087499066609701e-05 1.121177251510470290e-05 2.872264750577079991e-05
5.932663367315789138e-01 1.812962594497284795e-05 1.098818407256893501e-05 2.911781001754178296e-05
5.906706557210178454e-01 1.873640522334560964e-05 1.075171242478645239e-05 2.948811764813206033e-05
5.880945145933165197e-01 1.932707877638994865e-05 1.050265334355042244e-05 2.982973211994037108e-05
5.855382621167461998e-01 1.989743424416586301e-05 1.024141370345783587e-05 3.013884794762369888e-05
5.830022443669727883e-01 2.044323268468596600e-05 9.968513210163473755e-06 3.041174589484943976e-05
5.804868046802043047e-01 2.096026294551643052e-05 9.684584246128304547e-06 3.064484719164473168e-05
5.779922836067084013e-01 2.144439777938845495e-05 9.390369755944698806e-06 3.083476753533315206e-05
5.755190188647072436e-01 2.189165065685520144e-05 9.086719144895015411e-06 3.097836980175021685e-05
5.730673452946560831e-01 2.229823226236780516e-05 8.774582217824330766e-06 3.107281448019213592e-05
5.706375948139110754e-01 2.266060560163787491e-05 8.455001238306538667e-06 3.111560683994441358e-05
5.682300963717930031e-01 2.297553860899323756e-05 8.129101238430780057e-06 3.110463984742401931e-05
5.658451759050530105e-01 2.324015321612360029e-05 7.798078755097889104e-06 3.103823197122149109e-05
5.634831562937454574e-01 2.345196979407421152e-05 7.463189208078705236e-06 3.091515900215291337e-05
5.611443573175155519e-01 2.360894600282759527e-05 7.125733166466553846e-06 3.073467916929414911e-05
5.588290956123064257e-01 2.370950912066629963e-05 6.787041773147631283e-06 3.049655089381393176e-05
5.565376846274914246e-01 2.375258108150913848e-05 6.448461611265872572e-06 3.020104269277501275e-05
5.542704345834379431e-01 2.373759558578279643e-05 6.111339302447594118e-06 2.984893488823039140e-05
5.520276524295089082e-01 2.366450684308928713e-05 5.777006124982031895e-06 2.944151296807131818e-05
5.498096418025065768e-01 2.353378973647995336e-05 5.446762931895946124e-06 2.898055266837589779e-05
5.476167029855648627e-01 2.334643139825214600e-05 5.121865635372570829e-06 2.846829703362471599e-05
5.454491328674963002e-01 2.310391446156318695e-05 4.803511506540804134e-06 2.790742596810399278e-05
5.433072249025973077e-01 2.280819245846590112e-05 4.492826518967952247e-06 2.730101897743385337e-05
5.411912690709197449e-01 2.246165804537677866e-05 4.190853941285127038e-06 2.665251198666190654e-05
5.391015518390120942e-01 2.206710494895509548e-05 3.898544359465843244e-06 2.596564930842094041e-05
5.370383561211360401e-01 2.162768459269397034e-05 3.616747282459761673e-06 2.524443187515373286e-05
5.350019612409654401e-01 2.114685856158969910e-05 3.346204455925736708e-06 2.449306301751543496e-05
5.329926428937692418e-01 2.062834798622387137e-05 3.087544977618000823e-06 2.371589296384187304e-05
5.310106731090875609e-01 2.007608105710848305e-05 2.841282274055187670e-06 2.291736333116366903e-05
5.290563202139026977e-01 1.949413968881632739e-05 2.607812961779303926e-06 2.210195265059563047e-05
5.271298487963124169e-01 1.888670647449249156e-05 2.387417577723403749e-06 2.127412405221589404e-05
5.252315196697084909e-01 1.825801274783570569e-05 2.180263123127079363e-06 2.043827587096278548e-05
5.233615898374673892e-01 1.761228868142304197e-05 1.986407324789105679e-06 1.959869600621214807e-05
5.215203124581551108e-01 1.695371608080274231e-05 1.805804478068107459e-06 1.875952055887085147e-05
5.197079368112548226e-01 1.628638449420610632e-05 1.638312699561932094e-06 1.792469719376803947e-05
5.179247082634170773e-01 1.561425112974100201e-05 1.483702385669111295e-06 1.709795351541011182e-05
5.161708682352426081e-01 1.494110500396963718e-05 1.341665648093163577e-06 1.628277065206279906e-05
5.144466541685963623e-01 1.427053559485880855e-05 1.211826480218365420e-06 1.548236207507717397e-05
5.127522994944626600e-01 1.360590625577473187e-05 1.093751399595484493e-06 1.469965765537021637e-05
5.110880336013418068e-01 1.295033253747868976e-05 9.869603114145522789e-07 1.393729284889324267e-05
5.094540818041950470e-01 1.230666545776544229e-05 8.909373458933890090e-07 1.319760280365883215e-05
5.078506653139401861e-01 1.167747974005318794e-05 8.051414420175640868e-07 1.248262118207075235e-05
5.062780012075033254e-01 1.106506691765449760e-05 7.290164885314943458e-07 1.179408340618599279e-05
5.047363023984300368e-01 1.047143318960246852e-05 6.620008957887298061e-07 1.113343408539119780e-05
5.032257776080600875e-01 9.898301834428576055e-06 6.035365445749757320e-07 1.050183837900355115e-05
5.017466313372704878e-01 9.347119943318068358e-06 5.530770856803110690e-07 9.900197028998378580e-06
5.002990638387888600e-01 8.819069038224455791e-06 5.100954627681419373e-07 9.329164500992597199e-06
4.988832710900825140e-01 8.315078733946963411e-06 4.740902655021796696e-07 8.789168999449142975e-06
4.974994447668261710e-01 7.835842255492145704e-06 4.445902421399784583e-07 8.280432497632124586e-06
4.961477722169525539e-01 7.381832560823171759e-06 4.211564458294026602e-07 7.802989006652574314e-06
4.948284364352877329e-01 6.953318640748136609e-06 4.033826455364250811e-07 7.356701286284561584e-06
4.935416160387774420e-01 6.550383664992587968e-06 3.908970727756479811e-07 6.941280737768235843e-06
4.922874852423045899e-01 6.172949469138139635e-06 3.833715894663399892e-07 6.556321058604479306e-06
4.910662138351032935e-01 5.820813388023733965e-06 3.805458891172011095e-07 6.201359277140935286e-06
4.898779671577727091e-01 5.493701323688555889e-06 3.822715011146854948e-07 5.875972824803241172e-06
4.887229060798919944e-01 5.191332644018281513e-06 3.885711013417418101e-07 5.579903745360022953e-06
4.876011869782415076e-01 4.913478939919567335e-06 3.996938691448362350e-07 5.313172809064403464e-06
4.865129617156316311e-01 4.659984001496174269e-06 4.161325666736528720e-07 5.076116568169827088e-06
4.854583776203430512e-01 4.430705020828104926e-06 4.385611421226599439e-07 4.869266162950764817e-06
4.844375774661810463e-01 4.225342366944143331e-06 4.676611830935449390e-07 4.693003550037688059e-06
4.834506994531460045e-01 4.043152011063171061e-06 5.038345582317447695e-07 4.546986569294915407e-06
4.824978771887234452e-01 3.882575816379770867e-06 5.468425264447681031e-07 4.429418342824539288e-06
4.815792396697956002e-01 3.740868673471812403e-06 5.954544797059454188e-07 4.336323153177757398e-06
4.806949112651773826e-01 3.613830972021925594e-06 6.472145776097526182e-07 4.261045549631678529e-06
4.798450116987790226e-01 3.495755682802492583e-06 6.984277455645558374e-07 4.194183428367048209e-06
4.790296560333968667e-01 3.379666388768285625e-06 7.444241756311896250e-07 4.124090564399475250e-06
4.782489546551362825e-01 3.257861676223410097e-06 7.800931155959623923e-07 4.037954791819372384e-06
4.775030132584667242e-01 3.122709439672852286e-06 8.006023734977049538e-07 3.923311813170557452e-06
4.767919328319126793e-01 2.967572032286497833e-06 8.021630012037508751e-07 3.769735033490248708e-06
4.761158096443811605e-01 2.787706799066841701e-06 7.826773712255216854e-07 3.570384170292363280e-06
4.754747352321288534e-01 2.580985771374410682e-06 7.421302182228390015e-07 3.323115989597249578e-06
4.748687963863690298e-01 2.348309616725683380e-06 6.826397275503531384e-07 3.030949344276036518e-06
4.742980751415218910e-01 2.093645775187860774e-06 6.081624562224175406e-07 2.701808231410278209e-06
4.737626487641081741e-01 1.823683303670378191e-06 5.239203680946397924e-07 2.347603671765017771e-06
4.732625897422885197e-01 1.547154930208823238e-06 4.356715594814245430e-07 1.982826489690247728e-06
4.727979657760496557e-01 1.273921308831640236e-06 3.489670174617882407e-07 1.622888326293428477e-06
4.723688397680393392e-01 1.013938153174822686e-06 2.685226004195580570e-07 1.282460753594380637e-06
4.719752698150496695e-01 7.762353767225225744e-07 1.977959462936858798e-07 9.740313230162085336e-07
4.716173092001521572e-01 5.680293217951350899e-07 1.388053853924429887e-07 7.068347071875780521e-07
4.712950063854841609e-01 3.940682412511435279e-07 9.217653169629794001e-08 4.862447729474414943e-07
4.710084050056874139e-01 2.562810476303355576e-07 5.736359797669115636e-08 3.136446456070267007e-07
4.707575438620009711e-01 1.537620378990924120e-07 3.297283753417161825e-08 1.867348754332640303e-07
4.705424569170080229e-01 8.308483790443770367e-08 1.711516511953168914e-08 1.002000030239693862e-07
4.703631732900379059e-01 3.890059367484845835e-08 7.729525577982705052e-09 4.663011925283116506e-08
4.702197172532238123e-01 1.474298322213439003e-08 2.841023547864351668e-09 1.758400676999874087e-08
4.701121082282168073e-01 3.939714292981588356e-09 7.411381378307064083e-10 4.680852430812294971e-09
4.700403607835562658e-01 5.195856010911138923e-10 9.613624390262097039e-11 6.157218449937349014e-10
4.700044846326977277e-01 6.470957165490066571e-12 1.187187703505835186e-12 7.658144868995901757e-12
