1.470578598394719938e+00 4.943876415330986490e-06
1.470501505428398747e+00 4.800306896049170307e-06
1.470347331382636735e+00 4.521427998163616854e-06
1.470116100029360551e+00 4.122460964469031981e-06
1.469807847021879610e+00 3.624327196028086073e-06
1.469422619889387382e+00 3.054070946512207567e-06
1.468960478029633254e+00 2.446497924552291617e-06
1.468421492699764519e+00 1.844324560693213046e-06
1.467805747005338501e+00 1.293811824506030945e-06
1.467113335887509251e+00 8.354036234821237318e-07
1.466344366108388586e+00 4.929422535973175088e-07
1.465498956234584149e+00 2.673353670210637366e-07
1.464577236618918255e+00 1.387532874521591911e-07
1.463579349380328631e+00 7.640747813368473916e-08
1.462505448381955508e+00 5.044227476673280504e-08
1.461355699207417036e+00 3.990982467452359159e-08
1.460130279135279263e+00 3.426933242446372840e-08
1.458829377111720005e+00 3.018845789743150902e-08
1.457453193721397700e+00 2.733625842064050917e-08
1.456001941156521040e+00 2.574506478165190720e-08
1.454475843184133366e+00 2.508793633494650874e-08
1.452875135111609151e+00 2.490714658377194031e-08
1.451200063750372360e+00 2.488901815712126776e-08
1.449450887377841113e+00 2.490313737902889906e-08
1.447627875697603983e+00 2.491807223225064881e-08
1.445731309797834818e+00 2.493061200164002662e-08
1.443761482107951633e+00 2.494061826667178524e-08
1.441718696353528006e+00 2.494830970551643500e-08
1.439603267509461659e+00 2.495466969345463864e-08
1.437415521751408187e+00 2.496079847237279745e-08
1.435155796405489292e+00 2.496733414414451845e-08
1.432824439896280611e+00 2.497443221536977476e-08
1.430421811693088019e+00 2.498199494281950567e-08
1.427948282254522194e+00 2.498987206477640425e-08
1.425404232971376972e+00 2.499795812679662327e-08
1.422790056107824386e+00 2.500620837312489459e-08
1.420106154740931270e+00 2.501461694492753871e-08
1.417352942698508755e+00 2.502319134727658964e-08
1.414530844495305306e+00 2.503193802510951964e-08
1.411640295267551526e+00 2.504085883121437876e-08
1.408681740705865604e+00 2.504995255038775571e-08
1.405655636986534507e+00 2.505921702233840547e-08
1.402562450701175578e+00 2.506865016150395266e-08
1.399402658784792974e+00 2.507825010418379346e-08
1.396176748442240712e+00 2.508801504768877636e-08
1.392885217073100534e+00 2.509794310237715582e-08
1.389528572194988154e+00 2.510803224978924440e-08
1.386107331365299844e+00 2.511828031902859384e-08
1.382622022101410941e+00 2.512868500043084701e-08
1.379073181799338688e+00 2.513924383169572070e-08
1.375461357650881400e+00 2.514995418752818978e-08
1.371787106559247071e+00 2.516081329329712503e-08
1.368050995053186725e+00 2.517181819025297048e-08
1.364253599199640288e+00 2.518296577328569614e-08
1.360395504514914089e+00 2.519425274976667632e-08
1.356477305874400630e+00 2.520567567987859837e-08
1.352499607420856176e+00 2.521723095134147197e-08
1.348463022471246830e+00 2.522891480029629917e-08
1.344368173422184398e+00 2.524072330601857968e-08
1.340215691653957153e+00 2.525265240986905508e-08
1.336006217433179710e+00 2.526469790402304542e-08
1.331740399814070885e+00 2.527685545787053059e-08
1.327418896538375526e+00 2.528912061144483231e-08
1.323042373933949412e+00 2.530148879003593092e-08
1.318611506812018108e+00 2.531395531202184750e-08
1.314126978363129084e+00 2.532651539297442761e-08
1.309589480051810861e+00 2.533916415949408592e-08
1.304999711509956750e+00 2.535189665159227829e-08
1.300358380428950023e+00 2.536470783474023774e-08
1.295666202450545423e+00 2.537759260396199645e-08
1.290923901056524548e+00 2.539054579449486453e-08
1.286132207457144183e+00 2.540356218727065961e-08
1.281291860478390721e+00 2.541663651589508957e-08
1.276403606448062167e+00 2.542976347265521133e-08
1.271468199080691974e+00 2.544293771915602721e-08
1.266486399361335113e+00 2.545615388684984413e-08
1.261458975428232376e+00 2.546940658904172486e-08
1.256386702454372450e+00 2.548269042598883812e-08
1.251270362527968194e+00 2.549599998483376801e-08
1.246110744531867542e+00 2.550932986174260345e-08
1.240908644021916585e+00 2.552267465108439672e-08
1.235664863104294131e+00 2.553602896386550215e-08
1.230380210311834643e+00 2.554938743374756982e-08
1.225055500479362625e+00 2.556274472039812007e-08
1.219691554618054008e+00 2.557609552371246818e-08
1.214289199788844531e+00 2.558943459062178813e-08
1.208849268974906410e+00 2.560275672143018625e-08
1.203372600953212412e+00 2.561605678831237548e-08
1.197860040165204865e+00 2.562932973910879987e-08
1.192312436586592250e+00 2.564257061369490032e-08
1.186730645596292932e+00 2.565577455502252985e-08
1.181115527844544211e+00 2.566893682703037261e-08
1.175467949120200473e+00 2.568205282096106930e-08
1.169788780217238422e+00 2.569511808391067771e-08
1.164078896800489149e+00 2.570812831859270789e-08
1.158339179270621466e+00 2.572107942012076606e-08
1.152570512628392718e+00 2.573396747560226341e-08
1.146773786338193046e+00 2.574678879222035083e-08
1.140949894190897984e+00 2.575953991962732929e-08
1.135099734166057805e+00 2.577221766083120368e-08
1.129224208293437393e+00 2.578481910336096636e-08
1.123324222513934378e+00 2.579734163849299772e-08
1.117400686539891996e+00 2.580978299078199304e-08
1.111454513714832615e+00 2.582214124728810564e-08
1.105486620872629944e+00 2.583441489412183602e-08
1.099497928196143004e+00 2.584660285650322091e-08
1.093489359075334733e+00 2.585870455133806830e-08
1.087461839964895427e+00 2.587071994024918807e-08
1.081416300241392792e+00 2.588264959898934580e-08
1.075353672059973897e+00 2.589449479848398211e-08
1.069274890210635931e+00 2.590625758155097048e-08
1.063180891974093045e+00 2.591794087313853406e-08
1.057072616977256629e+00 2.592954856412343276e-08
1.050951007048356534e+00 2.594108563264999136e-08
1.044817006071721233e+00 2.595255822798428342e-08
1.038671559842241132e+00 2.596397376425858619e-08
1.032515615919537666e+00 2.597534098866168860e-08
1.026350123481860610e+00 2.598667000976829866e-08
1.020176033179733599e+00 2.599797230021576348e-08
1.013994296989376709e+00 2.600926063176040217e-08
1.007805868065920540e+00 2.602054896440974387e-08
1.001611700596441334e+00 2.603185226933172822e-08
9.954127496528348829e-01 2.604318628610403589e-08
9.892099710445558802e-01 2.605456724337660526e-08
9.830043211712429230e-01 2.606601153527203545e-08
9.767967568752506935e-01 2.607753541932135865e-08
9.705882352941177516e-01 2.608915473469443402e-08
9.643797137129848096e-01 2.610088476962312833e-08
9.581721494169928022e-01 2.611274024855529702e-08
9.519664995436796229e-01 2.612473564379599315e-08
9.457637209354006202e-01 2.613688575378595292e-08
9.395647699917941686e-01 2.614920678326719285e-08
9.333706025223149627e-01 2.616171785016543596e-08
9.271821735988587943e-01 2.617444310807907696e-08
9.210004374085019041e-01 2.618741438676230564e-08
9.148263471063751151e-01 2.620067443790805256e-08
9.086608546686978372e-01 2.621428059568129908e-08
9.025049107459943709e-01 2.622830880419450799e-08
8.963594645165144925e-01 2.624285770948079489e-08
8.902254635398789695e-01 2.625805253406051943e-08
8.841038536109790957e-01 2.627404834801982780e-08
8.779955786141424579e-01 2.629103222319781770e-08
8.719015803775993501e-01 2.630922378645595251e-08
8.658227985282616057e-01 2.632887353125191066e-08
8.597601703468427115e-01 2.635025834825264366e-08
8.537146306233400761e-01 2.637367367166349081e-08
8.476871115129007705e-01 2.639942177042182700e-08
8.416785423920924991e-01 2.642779580073710848e-08
8.356898497156055594e-01 2.645905942311436575e-08
8.297219568734028883e-01 2.649342201796495331e-08
8.237757840483435068e-01 2.653100977172761943e-08
8.178522480743011247e-01 2.657183324850388364e-08
8.119522622947978885e-01 2.661575233051011719e-08
8.060767364221774756e-01 2.666243979843300429e-08
8.002265763973375190e-01 2.671134505199151846e-08
7.944026842500424568e-01 2.676165979067112234e-08
7.886059579598427849e-01 2.681228764742203407e-08
7.828372913176140369e-01 2.686181988080987276e-08
7.770975737877461320e-01 2.690851920586506313e-08
7.713876903709970811e-01 2.695031384198698038e-08
7.657085214680350305e-01 2.698480342217648058e-08
7.600609427436915144e-01 2.700927830741493789e-08
7.544458249919427928e-01 2.702075309264555365e-08
7.488640340016430308e-01 2.701601478799201420e-08
7.433164304230304165e-01 2.699168523695475709e-08
7.378038696350230907e-01 2.694429688064432764e-08
7.323272016133290929e-01 2.687037999910258556e-08
7.268872707993911941e-01 2.676655905610230986e-08
7.214849159701814951e-01 2.662965501221706401e-08
7.161209701088728785e-01 2.645678992043672205e-08
7.107962602764010818e-01 2.624548981689244926e-08
7.055116074839413720e-01 2.599378158720925082e-08
7.002678265663189183e-01 2.570027958087353776e-08
6.950657260563681827e-01 2.536425800716002661e-08
6.899061080602673091e-01 2.498570557363076419e-08
6.847897681338630527e-01 2.456535967742011907e-08
6.797174951600031267e-01 2.410471829563769858e-08
6.746900712269006117e-01 2.360602885383907742e-08
6.697082715075437509e-01 2.307225443840459436e-08
6.647728641401735583e-01 2.250701878402192486e-08
6.598846101098447825e-01 2.191453242897639944e-08
6.550442631310913200e-01 2.129950313278379901e-08
6.502525695317109555e-01 2.066703410034403930e-08
6.455102681376900797e-01 2.002251370208901372e-08
6.408180901592854806e-01 1.937150028780664065e-08
6.361767590782787529e-01 1.871960531184787645e-08
6.315869905364248638e-01 1.807237759296204549e-08
6.270494922251064196e-01 1.743519093419434943e-08
6.225649637762173949e-01 1.681313704098379543e-08
6.181340966542863136e-01 1.621092529998613617e-08
6.137575740498601995e-01 1.563279092873034802e-08
6.094360707741648397e-01 1.508241315649908611e-08
6.051702531550555708e-01 1.456284524074761484e-08
6.009607789342783501e-01 1.407645845122109015e-08
5.968082971660511049e-01 1.362490236419263332e-08
5.927134481169886726e-01 1.320908375118242367e-08
5.886768631673795493e-01 1.282916619384545560e-08
5.846991647138348736e-01 1.248459194703133522e-08
5.807809660733214141e-01 1.217412666586493391e-08
5.769228713885952153e-01 1.189592655417745403e-08
5.731254755350487784e-01 1.164762618955384981e-08
5.693893640289884317e-01 1.142644392903329348e-08
5.657151129373543252e-01 1.122930073196439868e-08
5.621032887888968155e-01 1.105294728324565639e-08
5.585544484868245618e-01 1.089409373423080656e-08
5.550691392229356591e-01 1.074953638981695809e-08
5.516478983932473490e-01 1.061627586753873368e-08
5.482912535151349687e-01 1.049162221527886559e-08
5.449997221459947916e-01 1.037328327673417112e-08
5.417738118034425288e-01 1.025943407715163746e-08
5.386140198870601470e-01 1.014876617056746161e-08
5.355208336017009962e-01 1.004051797868043607e-08
5.324947298823698993e-01 9.934490102604868386e-09
5.295361753206839772e-01 9.831051828369282870e-09
5.266456260929301969e-01 9.731141785226322770e-09
5.238235278897267477e-01 9.636250739134022218e-09
5.210703158473042329e-01 9.548353781373101103e-09
5.183864144804111174e-01 9.469763525904772706e-09
5.157722376168585310e-01 9.402957375644149485e-09
5.132281883337135309e-01 9.350607059518221854e-09
5.107546588951474842e-01 9.316210588048014197e-09
5.083520306919548926e-01 9.305656335245231558e-09
5.060206741827462107e-01 9.329483777477684167e-09
5.037609488368273158e-01 9.404567513473984652e-09
5.015732030787738438e-01 9.552969616997009614e-09
4.994577742347073857e-01 9.795718169059817082e-09
4.974149884802838706e-01 1.014104368770836442e-08
4.954451607904007404e-01 1.056997590052152607e-08
4.935485948906314091e-01 1.102571428543287016e-08
4.917255832103942792e-01 1.141461407096021429e-08
4.899764068378630322e-01 1.162426625480653319e-08
4.883013354766262970e-01 1.155808805536880826e-08
4.867006274041020819e-01 1.117832735303428066e-08
4.851745294317144630e-01 1.054388036303008226e-08
4.837232768668379146e-01 9.828711905654243383e-09
4.823470934765153872e-01 9.311703398395382790e-09
4.810461914529562399e-01 9.337617167458750475e-09
4.798207713808183006e-01 1.025807336127123515e-08
4.786710222062799391e-01 1.236749758881630699e-08
4.775971212079067607e-01 1.584991180541089411e-08
4.765992339693171931e-01 2.074835437593261301e-08
4.756775143536513539e-01 2.696153313425551973e-08
4.748321044798469170e-01 3.426476115774533733e-08
4.740631347007261964e-01 4.234667711277779964e-08
4.733707235828970017e-01 5.085107415631782636e-08
4.727549778884709286e-01 5.941437108739635094e-08
4.722159925586021378e-01 6.769286284325279645e-08
4.717538506988480651e-01 7.537826312156733609e-08
4.713686235663558377e-01 8.220373458909945115e-08
4.710603705588748968e-01 8.794450627549507625e-08
4.708291392055988234e-01 9.241716929841202730e-08
4.706749651598366446e-01 9.548025008840994957e-08
4.705978721935155096e-01 9.703659791877768797e-08
