9.999934469084095223e-01 8.958832075336428657e-07
9.999410236913111039e-01 8.063171529475648492e-06
9.998361853401926957e-01 2.239899503107833662e-05
9.996789480199650413e-01 4.390580241414398745e-05
9.994693359748780814e-01 7.258579900200068109e-05
9.992073815247832780e-01 1.084359752771626463e-04
9.988931250601504885e-01 1.514377163671484154e-04
9.985266150358398374e-01 2.015404515782684024e-04
9.981079079636301365e-01 2.586409951579367729e-04
9.976370684035060776e-01 3.225625920633862524e-04
9.971141689537041941e-01 3.930392930163257507e-04
9.965392902395171504e-01 4.697112641321934284e-04
9.959125209008643509e-01 5.521345591306707143e-04
9.952339575786233183e-01 6.398051060920950878e-04
9.945037048997296125e-01 7.321923804101314543e-04
9.937218754610435134e-01 8.287750935266692846e-04
9.928885898119896858e-01 9.290705918453939218e-04
9.920039764359693812e-01 1.032651918990944639e-03
9.910681717305502847e-01 1.139150777772003284e-03
9.900813199864342273e-01 1.248249178029119761e-03
9.890435733652105377e-01 1.359665570907667631e-03
9.879550918758941425e-01 1.473141756136751596e-03
9.868160433502530804e-01 1.588435015983295871e-03
9.856266034169318679e-01 1.705316942994132773e-03
9.843869554743704953e-01 1.823577723585701176e-03
9.830972906625274899e-01 1.943033212789421760e-03
9.817578078334068259e-01 2.063532183574730804e-03
9.803687135203988934e-01 2.184962159605932566e-03
9.789302219064337507e-01 2.307253473279065239e-03
9.774425547909575407e-01 2.430382033332714655e-03
9.759059415557325146e-01 2.554371537580190591e-03
9.743206191294706553e-01 2.679295673764923134e-03
9.726868319512997907e-01 2.805280501434452393e-03
9.710048319330748523e-01 2.932506926295926335e-03
9.692748784205362789e-01 3.061213048171721948e-03
9.674972381533204491e-01 3.191696152478136830e-03
9.656721852238332460e-01 3.324314152865274347e-03
9.638000010349858648e-01 3.459486328872865470e-03
9.618809742568075194e-01 3.597693222939474071e-03
9.599154007819348244e-01 3.739475574892485530e-03
9.579035836799885129e-01 3.885432192677735173e-03
9.558458331508434824e-01 4.036216693081474613e-03
9.537424664767992777e-01 4.192533095928755414e-03
9.515938079736590005e-01 4.355130315947980044e-03
9.494001889407235328e-01 4.524795662924544111e-03
9.471619476097081769e-01 4.702347527221760123e-03
9.448794290925919270e-01 4.888627488220605860e-03
9.425529853284038140e-01 5.084492131664519916e-03
9.401829750289594223e-01 5.290804892843602517e-03
9.377697636235502454e-01 5.508428252044532056e-03
9.353137232025992009e-01 5.738216595004138817e-03
9.328152324602878576e-01 5.981010015152859148e-03
9.302746766361669195e-01 6.237629279718809490e-03
9.276924474557552980e-01 6.508872113852992754e-03
9.250689430701415361e-01 6.795510882615940669e-03
9.224045679945922505e-01 7.098291676930840004e-03
9.196997330461820219e-01 7.417934742704505695e-03
9.169548552804476227e-01 7.755136137010914046e-03
9.141703579270852309e-01 8.110570454412630026e-03
9.113466703246908551e-01 8.484894441130133927e-03
9.084842278545621763e-01 8.878751304147808332e-03
9.055834718735680244e-01 9.292775524516053501e-03
9.026448496460952597e-01 9.727597996380855580e-03
8.996688142750854933e-01 1.018385133269242640e-02
8.966558246321723047e-01 1.066217520227752576e-02
8.936063452869276169e-01 1.116322158854755713e-02
8.905208464352312170e-01 1.168765988560682353e-02
8.873998038267705279e-01 1.223618177151557240e-02
8.842436986916859532e-01 1.280950582004740032e-02
8.810530176663706747e-01 1.340838183097532200e-02
8.778282527184366746e-01 1.403359487456068595e-02
8.745699010708578580e-01 1.468596905856027306e-02
8.712784651253056012e-01 1.536637103589752473e-02
8.679544523846820514e-01 1.607571327841995912e-02
8.645983753748702760e-01 1.681495714715863787e-02
8.612107515657076995e-01 1.758511579248682802e-02
8.577921032911979271e-01 1.838725691879787225e-02
8.543429576689731686e-01 1.922250544804033484e-02
8.508638465190183631e-01 2.009204611493288842e-02
8.473553062816696624e-01 2.099712602424484015e-02
8.438178779349032599e-01 2.193905719755151473e-02
8.402521069109198937e-01 2.291921913381019665e-02
8.366585430120474509e-01 2.393906140547363490e-02
8.330377403259665581e-01 2.500010631021263446e-02
8.293902571402766988e-01 2.610395159816306099e-02
8.257166558564141834e-01 2.725227329631077153e-02
8.220175029029361813e-01 2.844682865528203736e-02
8.182933686481843605e-01 2.968945924913943615e-02
8.145448273123392369e-01 3.098209426503280295e-02
8.107724568788827746e-01 3.232675402545275023e-02
8.069768390054790075e-01 3.372555378965558931e-02
8.031585589342898901e-01 3.518070788058649812e-02
7.993182054017362592e-01 3.669453417738036127e-02
7.954563705477220026e-01 3.826945899983916904e-02
7.915736498243326480e-01 3.990802238975087873e-02
7.876706419040224727e-01 4.161288376566280034e-02
7.837479485873068974e-01 4.338682789581722876e-02
7.798061747099711560e-01 4.523277110354038955e-02
7.758459280498106736e-01 4.715376759740840668e-02
7.718678192329191390e-01 4.915301581301274869e-02
7.678724616395373737e-01 5.123386467191249488e-02
7.638604713094752086e-01 5.339981971222153984e-02
7.598324668471264642e-01 5.565454912609692911e-02
7.557890693260860271e-01 5.800188984814062115e-02
7.517309021933882285e-01 6.044585396406815941e-02
7.476585911733770740e-01 6.299063583192178462e-02
7.435727641712275293e-01 6.564062040300713829e-02
7.394740511761288548e-01 6.840039326732158531e-02
7.353630841641469740e-01 7.127475290023523036e-02
7.312404970007821969e-01 7.426872543256025916e-02
7.271069253432324020e-01 7.738758199803323634e-02
7.229630065423831020e-01 8.063685834446286671e-02
7.188093795445342771e-01 8.402237596638603701e-02
7.146466847928822919e-01 8.755026359332655772e-02
7.104755641287703316e-01 9.122697753631345274e-02
7.062966606927237878e-01 9.505931925651806003e-02
7.021106188252855818e-01 9.905444867117749186e-02
6.979180839676650816e-01 1.032198922277486053e-01
6.937197025622188207e-01 1.075635456862645001e-01
6.895161219527761176e-01 1.120936728143298033e-01
6.853079902848259186e-01 1.168189026997679680e-01
6.810959564055800719e-01 1.217482299178547500e-01
6.768806697639275782e-01 1.268910230743495460e-01
6.726627803102980252e-01 1.322570479574938784e-01
6.684429383964450855e-01 1.378565113470075765e-01
6.642217946751703961e-01 1.437001301794469110e-01
6.599999999999999201e-01 1.497992281136105441e-01
6.557782053248295551e-01 1.561658576172690882e-01
6.515570616035550877e-01 1.628129407780532778e-01
6.473372196897020370e-01 1.697544166494893703e-01
6.431193302360724839e-01 1.770053778398875677e-01
6.389040435944199903e-01 1.845821751844559100e-01
6.346920097151740325e-01 1.925024677439375609e-01
6.304838780472239446e-01 2.007851970257830965e-01
6.262802974377812415e-01 2.094504699756779276e-01
6.220819160323349806e-01 2.185193452673944159e-01
6.178893811747143694e-01 2.280135314636194954e-01
6.137033393072761633e-01 2.379550227569463272e-01
6.095244358712297306e-01 2.483657165302185221e-01
6.053533152071177703e-01 2.592670745869241622e-01
6.011906204554656741e-01 2.706799039151227548e-01
5.970369934576167381e-01 2.826243405600831760e-01
5.928930746567675492e-01 2.951201192491963443e-01
5.887595029992178652e-01 3.081872001930864302e-01
5.846369158358529772e-01 3.218468022561841724e-01
5.805259488238712073e-01 3.361228587315073790e-01
5.764272358287724218e-01 3.510438695291696609e-01
5.723414088266227662e-01 3.666450738693738942e-01
5.682690978066117227e-01 3.829708136276343544e-01
5.642109306739138130e-01 4.000769033693293841e-01
5.601675331528735979e-01 4.180327740544095283e-01
5.561395286905247426e-01 4.369231199166829227e-01
5.521275383604624665e-01 4.568487598208236244e-01
5.481321807670807011e-01 4.779264336474231545e-01
5.441540719501893886e-01 5.002872981277342035e-01
5.401938252900289061e-01 5.240739689697098136e-01
5.362520514126929427e-01 5.494360751452590508e-01
5.323293580959774784e-01 5.765244369626969512e-01
5.284263501756674142e-01 6.054841338489328484e-01
5.245436294522778375e-01 6.364468664760779548e-01
5.206817945982638030e-01 6.695231160017492966e-01
5.168414410657101721e-01 7.047946415481201043e-01
5.130231609945210547e-01 7.423078280051770284e-01
5.092275431211172876e-01 7.820683063319535666e-01
5.054551726876607143e-01 8.240371364879408578e-01
5.017066313518155907e-01 8.681286942491053260e-01
4.979824970970637144e-01 9.142102622069663287e-01
4.942833441435858788e-01 9.621032106133559081e-01
4.906097428597233634e-01 1.011585574638642626e+00
4.869622596740335041e-01 1.062395791494646025e+00
4.833414569879526668e-01 1.114237347963605629e+00
4.797478930890801685e-01 1.166784097474926396e+00
4.761821220650968023e-01 1.219686027162680819e+00
4.726446937183302888e-01 1.272575282120768758e+00
4.691361534809817546e-01 1.325072281441320277e+00
4.656570423310268381e-01 1.376791785851963823e+00
4.622078967088020796e-01 1.427348798813694142e+00
4.587892484342923627e-01 1.476364201828493927e+00
4.554016246251296751e-01 1.523470040999309827e+00
4.520455476153178997e-01 1.568314396306047298e+00
4.487215348746944610e-01 1.610565778256696445e+00
4.454300989291419821e-01 1.649917009004436386e+00
4.421717472815633876e-01 1.686088556940604555e+00
4.389469823336292764e-01 1.718831305243712082e+00
4.357563013083141090e-01 1.747928745810481743e+00
4.326001961732295342e-01 1.773198600258945712e+00
4.294791535647687897e-01 1.794493879086567878e+00
4.263936547130723342e-01 1.811703398414618915e+00
4.233441753678278130e-01 1.824751780924102507e+00
4.203311857249146244e-01 1.833598973525289999e+00
4.173551503539048024e-01 1.838239319009901340e+00
4.144165281264319822e-01 1.838700222488298452e+00
4.115157721454377748e-01 1.835040455943690585e+00
4.086533296753092626e-01 1.827348145907417010e+00
4.058296420729147203e-01 1.815738490253381299e+00
4.030451447195522174e-01 1.800351250596547326e+00
4.003002669538179847e-01 1.781348066903118532e+00
3.975954320054076452e-01 1.758909640778808070e+00
3.949310569298585816e-01 1.733232833546228813e+00
3.923075525442447087e-01 1.704527724649934628e+00
3.897253233638330872e-01 1.673014675088847936e+00
3.871847675397120936e-01 1.638921439385687240e+00
3.846862767974008612e-01 1.602480367956191865e+00
3.822302363764497057e-01 1.563925739529506975e+00
3.798170249710405844e-01 1.523491260401316660e+00
3.774470146715961927e-01 1.481407763710122616e+00
3.751205709074081351e-01 1.437901137593019074e+00
3.728380523902917187e-01 1.393190506028856079e+00
3.705998110592764183e-01 1.347486680492886002e+00
3.684061920263409506e-01 1.300990894355487093e+00
3.662575335232007845e-01 1.253893825425710151e+00
3.641541668491565797e-01 1.206374905364361538e+00
3.620964163200114383e-01 1.158601908083238818e+00
3.600845992180650712e-01 1.110730802920585347e+00
3.581190257431924318e-01 1.062905852541147889e+00
3.561999989650141973e-01 1.015259930334253990e+00
3.543278147761668717e-01 9.679150277267747349e-01
3.525027618466795021e-01 9.209829184038326177e-01
3.507251215794637833e-01 8.745659440095052695e-01
3.489951680669250988e-01 8.287578845030771912e-01
3.473131680487002160e-01 7.836448759384572194e-01
3.456793808705292959e-01 7.393063389162308763e-01
3.440940584442673256e-01 6.958158821664682803e-01
3.425574452090425770e-01 6.532421474487057900e-01
3.410697780935662005e-01 6.116495640178377657e-01
3.396312864796010023e-01 5.710989832639952191e-01
3.382421921665930142e-01 5.316481670644195301e-01
3.369027093374724613e-01 4.933521075904263031e-01
3.356130445256293449e-01 4.562631628788217930e-01
3.343733965830680832e-01 4.204310025670998652e-01
3.331839566497468152e-01 3.859023724967125535e-01
3.320449081241058642e-01 3.527207050199916427e-01
3.309564266347894135e-01 3.209256219413258449e-01
3.299186800135658348e-01 2.905523958218818592e-01
3.289318282694497775e-01 2.616314488450815490e-01
3.279960235640304589e-01 2.341879727855955828e-01
3.271114101880102099e-01 2.082417463748126585e-01
3.262781245389564377e-01 1.838072071328928359e-01
3.254962951002703386e-01 1.608938054986409905e-01
3.247660424213765773e-01 1.395066337928675682e-01
3.240874790991356558e-01 1.196472863963210786e-01
3.234607097604829118e-01 1.013148759810667543e-01
3.228858310462958681e-01 8.450710850517502426e-02
3.223629315964937625e-01 6.922131033495487751e-02
3.218920920363699256e-01 5.545530574905673665e-02
3.214733849641602248e-01 4.320806156401657550e-02
3.211068749398494071e-01 3.248004510530325128e-02
3.207926184752166732e-01 2.327327810006491610e-02
3.205306640251219252e-01 1.559110725470588127e-02
3.203210519800349099e-01 9.437747114341924620e-03
3.201638146598071999e-01 4.817677676993126733e-03
3.200589763086889028e-01 1.734994741529645749e-03
3.200065530915905399e-01 1.928132908275237780e-04
