9.999985980735124347e-01 1.148206784496286086e-05
9.999873830904225658e-01 1.033362634054194122e-04
9.999649554111345040e-01 2.870322138211034001e-04
9.999313196089658629e-01 5.625454008095115725e-04
9.998864825427268288e-01 9.298399103940985537e-04
9.998304533553220574e-01 1.388869346512592315e-03
9.997632434718862759e-01 1.939577850057935555e-03
9.996848665974543691e-01 2.581901062750161999e-03
9.995953387141668367e-01 3.315766847322907523e-03
9.994946780780107343e-01 4.141095555220199696e-03
9.993829052150972059e-01 5.057799621366246626e-03
9.992600429174757215e-01 6.065782263348398241e-03
9.991261162384863503e-01 7.164935070030620072e-03
9.989811524876516247e-01 8.355134282366638923e-03
9.988251812251068840e-01 9.636235596872285911e-03
9.986582342555734293e-01 1.100806735937944446e-02
9.984803456218722673e-01 1.247042206254898172e-02
9.982915515979828847e-01 1.402304611404823174e-02
9.980918906816464986e-01 1.566562790189546250e-02
9.978814035865152254e-01 1.739778424753885000e-02
9.976601332338508321e-01 1.921904540382725693e-02
9.974281247437716269e-01 2.112883882198705876e-02
9.971854254260525963e-01 2.312647197674260954e-02
9.969320847704777888e-01 2.521111459940862665e-02
9.966681544367488321e-01 2.738178072273599051e-02
9.963936882439510256e-01 2.963731098617972126e-02
9.961087421595781199e-01 3.197635568390781724e-02
9.958133742881207784e-01 3.439735905838846308e-02
9.955076448592174998e-01 3.689854534822976928e-02
9.951916162153733314e-01 3.947790708900950074e-02
9.948653527992472601e-01 4.213319613954661508e-02
9.945289211405111685e-01 4.486191786344762705e-02
9.941823898422841310e-01 4.766132883743237625e-02
9.938258295671427156e-01 5.052843838518108338e-02
9.934593130227120650e-01 5.346001415011050750e-02
9.930829149468399786e-01 5.645259182502821577e-02
9.926967120923566590e-01 5.950248905394635995e-02
9.923007832114235649e-01 6.260582341476060575e-02
9.918952090394750343e-01 6.575853428456440719e-02
9.914800722787553422e-01 6.895640828572648096e-02
9.910554575814538580e-01 7.219510791411527795e-02
9.906214515324439640e-01 7.547020286440918324e-02
9.901781426316270673e-01 7.877720349433539604e-02
9.897256212758859251e-01 8.211159581249510842e-02
9.892639797406517221e-01 8.546887733512022189e-02
9.887933121610879006e-01 8.884459313695007576e-02
9.883137145128941814e-01 9.223437142094779995e-02
9.878252845927365522e-01 9.563395795058099447e-02
9.873281219983044421e-01 9.903924872590041950e-02
9.868223281080017451e-01 1.024463203390110627e-01
9.863080060602742449e-01 1.058514575134577168e-01
9.857852607325783278e-01 1.092511774127784691e-01
9.852541987199948670e-01 1.126422503928365682e-01
9.847149283134931652e-01 1.160217169671514392e-01
9.841675594778485081e-01 1.193869008508235546e-01
9.836122038292195446e-01 1.227354180433826852e-01
9.830489746123873829e-01 1.260651820007844814e-01
9.824779866776640613e-01 1.293744050289682423e-01
9.818993564574722832e-01 1.326615961034548763e-01
9.813132019426040742e-01 1.359255553795072069e-01
9.807196426581601401e-01 1.391653657040875236e-01
9.801187996391770296e-01 1.423803814735208062e-01
9.795107954059468769e-01 1.455702151993015780e-01
9.788957539390333862e-01 1.487347221493371119e-01
9.782738006539907216e-01 1.518739834240893649e-01
9.776450623757892977e-01 1.549882878079909820e-01
9.770096673129544662e-01 1.580781127079520232e-01
9.763677450314229844e-01 1.611441044547954060e-01
9.757194264281230378e-01 1.641870582022437464e-01
9.750648437042821470e-01 1.672078976138959283e-01
9.744041303384691766e-01 1.702076544836690908e-01
9.737374210593772172e-01 1.731874483915319674e-01
9.730648518183494522e-01 1.761484664558889413e-01
9.723865597616575540e-01 1.790919432082934692e-01
9.717026832025351668e-01 1.820191405865967116e-01
9.710133615929739115e-01 1.849313280201099752e-01
9.703187354952875765e-01 1.878297625655208913e-01
9.696189465534491569e-01 1.907156690453893633e-01
9.689141374642077364e-01 1.935902201419987256e-01
9.682044519479906519e-01 1.964545164077511341e-01
9.674900347195968253e-01 1.993095661684989583e-01
9.667710314586874798e-01 2.021562653172798429e-01
9.660475887800799022e-01 2.049953770217520788e-01
9.653198542038510244e-01 2.078275113979562994e-01
9.645879761252553752e-01 2.106531052344836064e-01
9.638521037844657302e-01 2.134724018833349668e-01
9.631123872361406768e-01 2.162854314652848386e-01
9.623689773188264240e-01 2.190919915671133145e-01
9.616220256241988507e-01 2.218916286343869115e-01
9.608716844661517875e-01 2.246836202854782250e-01
9.601181068497378623e-01 2.274669587892963196e-01
9.593614464399691233e-01 2.302403359600609656e-01
9.586018575304818823e-01 2.330021297268987102e-01
9.578394950120747708e-01 2.357503926338265221e-01
9.570745143411241163e-01 2.384828425168002974e-01
9.563070715078838546e-01 2.411968555891393362e-01
9.555373230046774191e-01 2.438894621452170897e-01
9.547654257939867106e-01 2.465573450654174048e-01
9.539915372764448120e-01 2.491968412737456118e-01
9.532158152587404398e-01 2.518039462640042636e-01
9.524384179214382407e-01 2.543743217720563221e-01
9.516595037867244811e-01 2.569033066313514135e-01
9.508792316860812388e-01 2.593859308075974757e-01
9.500977607278987547e-01 2.618169325671558800e-01
9.493152502650314961e-01 2.641907786933170854e-01
9.485318598623030395e-01 2.665016876259042600e-01
9.477477492639693191e-01 2.687436553633311687e-01
9.469630783611439062e-01 2.709104839329321002e-01
9.461780071591947561e-01 2.729958122055426428e-01
9.453926957451158630e-01 2.749931488042919869e-01
9.446073042548841503e-01 2.768959068356166009e-01
9.438219928408053683e-01 2.786974401527345102e-01
9.430369216388561071e-01 2.803910808482653061e-01
9.422522507360308053e-01 2.819701776632777546e-01
9.414681401376969738e-01 2.834281349946691786e-01
9.406847497349685172e-01 2.847584521812297487e-01
9.399022392721012586e-01 2.859547627507966761e-01
9.391207683139187745e-01 2.870108733162706205e-01
9.383404962132755323e-01 2.879208018166742877e-01
9.375615820785617727e-01 2.886788148105668417e-01
9.367841847412595735e-01 2.892794635426723659e-01
9.360084627235552013e-01 2.897176185202391396e-01
9.352345742060133027e-01 2.899885023530939243e-01
9.344626769953225942e-01 2.900877206303194011e-01
9.336929284921161587e-01 2.900112906266614776e-01
9.329254856588758971e-01 2.897556676529016717e-01
9.321605049879252425e-01 2.893177688862606511e-01
9.313981424695181310e-01 2.886949945391861783e-01
9.306385535600310011e-01 2.878852462474012497e-01
9.298818931502621510e-01 2.868869425806462869e-01
9.291283155338483368e-01 2.856990316019545895e-01
9.283779743758011627e-01 2.843210004233808208e-01
9.276310226811737003e-01 2.827528817277170092e-01
9.268876127638593365e-01 2.809952572467422360e-01
9.261478962155342831e-01 2.790492582068457295e-01
9.254120238747446381e-01 2.769165627723685352e-01
9.246801457961489890e-01 2.745993905356147180e-01
9.239524112199201111e-01 2.721004941201768390e-01
9.232289685413126445e-01 2.694231479809327534e-01
9.225099652804031880e-01 2.665711344998003551e-01
9.217955480520093614e-01 2.635487274910658928e-01
9.210858625357922769e-01 2.603606732438429883e-01
9.203810534465508564e-01 2.570121692419917725e-01
9.196812645047124368e-01 2.535088407136323330e-01
9.189866384070261018e-01 2.498567151732871694e-01
9.182973167974649575e-01 2.460621951296714238e-01
9.176134402383424593e-01 2.421320291412549786e-01
9.169351481816505611e-01 2.380732814099734140e-01
9.162625789406227961e-01 2.338933001108429166e-01
9.155958696615308368e-01 2.295996846617554543e-01
9.149351562957179773e-01 2.252002521433494886e-01
9.142805735718769755e-01 2.207030030835485657e-01
9.136322549685770289e-01 2.161160868250548706e-01
9.129903326870455471e-01 2.114477666967315983e-01
9.123549376242107156e-01 2.067063852112865918e-01
9.117261993460092917e-01 2.019003295119145003e-01
9.111042460609666271e-01 1.970379972894242271e-01
9.104892045940531364e-01 1.921277633887751579e-01
9.098812003608229837e-01 1.871779473197699717e-01
9.092803573418398733e-01 1.821967818807492534e-01
9.086867980573959391e-01 1.771923830964843571e-01
9.081006435425277301e-01 1.721727216619142464e-01
9.075220133223360630e-01 1.671455960719359646e-01
9.069510253876126304e-01 1.621186076040802559e-01
9.063877961707804687e-01 1.570991373056116469e-01
9.058324405221515052e-01 1.520943251194477042e-01
9.052850716865068481e-01 1.471110512643882262e-01
9.047458012800051463e-01 1.421559199646290073e-01
9.042147392674216855e-01 1.372352456015973332e-01
9.036919939397257684e-01 1.323550413380180646e-01
9.031776718919983793e-01 1.275210102400740064e-01
9.026718780016955712e-01 1.227385388988690984e-01
9.021747154072634611e-01 1.180126935274893735e-01
9.016862854871058319e-01 1.133482184851181129e-01
9.012066878389121127e-01 1.087495371553214851e-01
9.007360202593482912e-01 1.042207550821093454e-01
9.002743787241140883e-01 9.976566524512259226e-02
8.998218573683729460e-01 9.538775533463168810e-02
8.993785484675560493e-01 9.109021686832011189e-02
8.989445424185462663e-01 8.687595597537420278e-02
8.985199277212446711e-01 8.274760565947859858e-02
8.981047909605249790e-01 7.870753934114901873e-02
8.976992167885764484e-01 7.475788547160659714e-02
8.973032879076433543e-01 7.090054300519367525e-02
8.969170850531600347e-01 6.713719751524693802e-02
8.965406869772879483e-01 6.346933773932127154e-02
8.961741704328572977e-01 5.989827234366945641e-02
8.958176101577158823e-01 5.642514670377803826e-02
8.954710788594888449e-01 5.305095950735330690e-02
8.951346472007527533e-01 4.977657899822535148e-02
8.948083837846266819e-01 4.660275869390560072e-02
8.944923551407825135e-01 4.353015242568798043e-02
8.941866257118792349e-01 4.055932856788761753e-02
8.938912578404218934e-01 3.769078334172022010e-02
8.936063117560490987e-01 3.492495309905829792e-02
8.933318455632511812e-01 3.226222551151880502e-02
8.930679152295222245e-01 2.970294961066054923e-02
8.928145745739474171e-01 2.724744464518266338e-02
8.925718752562283864e-01 2.489600774058558022e-02
8.923398667661491812e-01 2.264892036549416565e-02
8.921185964134847879e-01 2.050645362649835060e-02
8.919081093183535147e-01 1.846887242970860626e-02
8.917084484020171287e-01 1.653643856205962159e-02
8.915196543781278571e-01 1.470941275859035877e-02
8.913417657444265840e-01 1.298805583334726454e-02
8.911748187748931294e-01 1.137262896114182679e-02
8.910188475123483887e-01 9.863393205084685159e-03
8.908738837615136630e-01 8.460608390611889726e-03
8.907399570825242918e-01 7.164531430627547534e-03
8.906170947849028074e-01 5.975414208455340735e-03
8.905053219219892791e-01 4.893501125576749274e-03
8.904046612858331766e-01 3.919026419725921487e-03
8.903151334025456443e-01 3.052211355906761948e-03
8.902367565281137374e-01 2.293261388398634432e-03
8.901695466446779559e-01 1.642363385959001720e-03
8.901135174572731845e-01 1.099683005325784255e-03
8.900686803910341505e-01 6.653622899165061296e-04
8.900350445888655093e-01 3.395175614359016302e-04
8.900126169095774475e-01 1.222376620932737093e-04
8.900014019264875786e-01 1.358259442064639696e-05
