2.017715636608208740e+00 3.272492347489367681e+00 -2.000453799628794993e+00 -2.633647390293263335e-01
2.012519774251122051e+00 3.268954517924514303e+00 -1.996219240046784416e+00 -2.556258739228575716e-01
2.007337506412035566e+00 3.268954517924514303e+00 -1.991078946321566567e+00 -2.549676335605924327e-01
2.002169424817160426e+00 3.265416688359660924e+00 -1.986840003410498490e+00 -2.472836559913489107e-01
1.997016119572882609e+00 3.261878858794807545e+00 -1.982586345970068331e+00 -2.396346440041290660e-01
1.991878179098380386e+00 3.261878858794807545e+00 -1.977485530542832937e+00 -2.390181099038509727e-01
1.986756190058439842e+00 3.258341029229954167e+00 -1.973231636941447986e+00 -2.314239955339531529e-01
1.981650737296465126e+00 3.254803199665100788e+00 -1.968965254834266210e+00 -2.238648473589711363e-01
1.976562403767702758e+00 3.254803199665100788e+00 -1.963909494132050071e+00 -2.232900240627721522e-01
1.971491770472673766e+00 3.251265370100247409e+00 -1.959646995371245870e+00 -2.157856681383752973e-01
1.966439416390837414e+00 3.251265370100247409e+00 -1.954624995967389145e+00 -2.152326728798866773e-01
1.961405918414479421e+00 3.247727540535394475e+00 -1.950369044256548001e+00 -2.077829829344668144e-01
1.956391851282841321e+00 3.247727540535394475e+00 -1.945383191390724020e+00 -2.072518140339020543e-01
1.951397787516494509e+00 3.244189710970541096e+00 -1.941136434362828567e+00 -1.998566193885794040e-01
1.946424297351969201e+00 3.244189710970541096e+00 -1.936189097112543056e+00 -1.993472486507405494e-01
1.941471948676643189e+00 3.240651881405687718e+00 -1.931954164835867127e+00 -1.920063344570395181e-01
1.936541306963897702e+00 3.240651881405687718e+00 -1.927047694876955264e+00 -1.915187073025856335e-01
1.931632935208550395e+00 3.237114051840834339e+00 -1.922827198370699042e+00 -1.842318148102759234e-01
1.926747393862572544e+00 3.237114051840834339e+00 -1.917963928746547309e+00 -1.837658504274502780e-01
1.921885240771092684e+00 3.233576222275980960e+00 -1.913760458507092421e+00 -1.765326772823745949e-01
1.917047031108701560e+00 3.233576222275980960e+00 -1.908942702407286918e+00 -1.760882687990602269e-01
1.912233317316060610e+00 3.230038392711127582e+00 -1.904758826945926353e+00 -1.689084693707325890e-01
1.907444649036822426e+00 3.230038392711127582e+00 -1.899988876495007029e+00 -1.684854840466898096e-01
1.902681573054871622e+00 3.230038392711127582e+00 -1.895244418306835321e+00 -1.680647593023176234e-01
1.897944633231889888e+00 3.226500563146274203e+00 -1.891107265945021432e+00 -1.609569492245617739e-01
1.893234370445258330e+00 3.226500563146274203e+00 -1.886413971934046474e+00 -1.605574910344189088e-01
1.888551322526296650e+00 3.226500563146274203e+00 -1.881747794748868774e+00 -1.601603408262882444e-01
1.883896024198853159e+00 3.222962733581420824e+00 -1.877662742111788630e+00 -1.531236653084169230e-01
1.879269007018248283e+00 3.222962733581420824e+00 -1.873051034429658035e+00 -1.527475798870144563e-01
1.874670799310580227e+00 3.222962733581420824e+00 -1.868468040898021432e+00 -1.523738361086937054e-01
1.870101926112397894e+00 3.219424904016567446e+00 -1.864440377965000062e+00 -1.454073280925961553e-01
1.865562909110752843e+00 3.219424904016567446e+00 -1.859915102387251551e+00 -1.450544027652862777e-01
1.861054266583630046e+00 3.219424904016567446e+00 -1.855420109328315803e+00 -1.447038391654955070e-01
1.856576513340769896e+00 3.215887074451714067e+00 -1.851455033266821149e+00 -1.378064210388054434e-01
1.852130160664885228e+00 3.215887074451714067e+00 -1.847020946127243546e+00 -1.374763856513398219e-01
1.847715716253282681e+00 3.215887074451714067e+00 -1.842618679231045942e+00 -1.371487186896679644e-01
1.843333684159891517e+00 3.215887074451714067e+00 -1.838248735241693632e+00 -1.368234575677437226e-01
1.838984564737709215e+00 3.212349244886860689e+00 -1.834383051297159950e+00 -1.300117319985490960e-01
1.834668854581670505e+00 3.212349244886860689e+00 -1.830078139925770842e+00 -1.297066217964575607e-01
1.830387046471943169e+00 3.212349244886860689e+00 -1.825807045770877268e+00 -1.294039083865108630e-01
1.826139629317664159e+00 3.212349244886860689e+00 -1.821570256518266318e+00 -1.291036263333948109e-01
1.821927088101110037e+00 3.208811415322007310e+00 -1.817812574693594474e+00 -1.223754781091146854e-01
1.817749903822324375e+00 3.208811415322007310e+00 -1.813644823877230694e+00 -1.220949043547615159e-01
1.813608553444193472e+00 3.208811415322007310e+00 -1.809512826036732802e+00 -1.218167374973438827e-01
1.809503509837986357e+00 3.208811415322007310e+00 -1.805417052975470282e+00 -1.215410092987517371e-01
1.805435241729360429e+00 3.208811415322007310e+00 -1.801357972360563275e+00 -1.212677512424219228e-01
1.801404213644841379e+00 3.205273585757153931e+00 -1.797752865589860916e+00 -1.146375819739457597e-01
1.797410885858782059e+00 3.205273585757153931e+00 -1.793767632061344708e+00 -1.143834549779302739e-01
1.793455714340806528e+00 3.205273585757153931e+00 -1.789820477460238646e+00 -1.141317561667037073e-01
1.789539150703747916e+00 3.205273585757153931e+00 -1.785911852483981432e+00 -1.138825142799585605e-01
1.785661642152079898e+00 3.205273585757153931e+00 -1.782042203430587834e+00 -1.136357577768486171e-01
1.781823631430853982e+00 3.201735756192300553e+00 -1.778602002913884261e+00 -1.070998074515341625e-01
1.778025556775147287e+00 3.201735756192300553e+00 -1.774810795371961625e+00 -1.068715171442684020e-01
1.774267851860021228e+00 3.201735756192300553e+00 -1.771059884580058252e+00 -1.066456533349830205e-01
1.770550945751005578e+00 3.201735756192300553e+00 -1.767349698827931137e+00 -1.064222418134558590e-01
1.766875262855103879e+00 3.201735756192300553e+00 -1.763680661755234302e+00 -1.062013080894554373e-01
1.763241222872336200e+00 3.201735756192300553e+00 -1.760053192303148606e+00 -1.059828773898283116e-01
1.759649240747814813e+00 3.201735756192300553e+00 -1.756467704666544449e+00 -1.057669746556184898e-01
1.756099726624365198e+00 3.198197926627447174e+00 -1.753287068201888399e+00 -9.935142840541777431e-02
1.752593085795694394e+00 3.198197926627447174e+00 -1.749786043787087575e+00 -9.915304002806582528e-02
1.749129718660113797e+00 3.198197926627447174e+00 -1.746328223756034248e+00 -9.895709986202883002e-02
1.745710020674819951e+00 3.198197926627447174e+00 -1.742914002932540951e+00 -9.876363028031710789e-02
1.742334382310741558e+00 3.198197926627447174e+00 -1.739543771162138430e+00 -9.857265337384268911e-02
1.739003189007952033e+00 3.198197926627447174e+00 -1.736217913267559254e+00 -9.838419094889665206e-02
1.735716821131661147e+00 3.198197926627447174e+00 -1.732936809004801626e+00 -9.819826452465944822e-02
1.732475653928782444e+00 3.198197926627447174e+00 -1.729700833019764072e+00 -9.801489533074370097e-02
1.729280057485086841e+00 3.194660097062593795e+00 -1.726845669774098369e+00 -9.172540541241354373e-02
1.726130396682945545e+00 3.194660097062593795e+00 -1.723700442895494955e+00 -9.155833940552965400e-02
1.723027031159666045e+00 3.194660097062593795e+00 -1.720601446123743106e+00 -9.139372901779424518e-02
1.719970315266428296e+00 3.194660097062593795e+00 -1.717549033311185802e+00 -9.123159304489372734e-02
1.716960598027823526e+00 3.194660097062593795e+00 -1.714543552991076414e+00 -9.107194999997871021e-02
1.713998223102001672e+00 3.194660097062593795e+00 -1.711585348337781198e+00 -9.091481811155008308e-02
1.711083528741431659e+00 3.194660097062593795e+00 -1.708674757127595534e+00 -9.076021532137776293e-02
1.708216847754278955e+00 3.194660097062593795e+00 -1.705812111700175659e+00 -9.060815928245191664e-02
1.705398507466403535e+00 3.194660097062593795e+00 -1.702997738920589255e+00 -9.045866735696735106e-02
1.702628829683986211e+00 3.194660097062593795e+00 -1.700231960141995957e+00 -9.031175661434104329e-02
1.699908130656783589e+00 3.194660097062593795e+00 -1.697515091168952717e+00 -9.016744382926315804e-02
1.697236721042016283e+00 3.194660097062593795e+00 -1.694847442221353973e+00 -9.002574547978152431e-02
1.694614905868899513e+00 3.194660097062593795e+00 -1.692229317899010654e+00 -8.988667774542026534e-02
1.692042984503812297e+00 3.191122267497740417e+00 -1.689967963506715520e+00 -8.377197460686863772e-02
1.689521250616116133e+00 3.191122267497740417e+00 -1.687449322123650619e+00 -8.364712516206135318e-02
1.687049992144621591e+00 3.191122267497740417e+00 -1.684981094256735590e+00 -8.352477472308490747e-02
1.684629491264711509e+00 3.191122267497740417e+00 -1.682563561735310076e+00 -8.340493726026348975e-02
1.682260024356121209e+00 3.191122267497740417e+00 -1.680197000600173851e+00 -8.328762645698241374e-02
1.679941861971381734e+00 3.191122267497740417e+00 -1.677881681072068032e+00 -8.317285570812585349e-02
1.677675268804925235e+00 3.191122267497740417e+00 -1.675617867520819537e+00 -8.306063811854719203e-02
1.675460503662862477e+00 3.191122267497740417e+00 -1.673405818435154568e+00 -8.295098650157278763e-02
1.673297819433432920e+00 3.191122267497740417e+00 -1.671245786393185551e+00 -8.284391337753889417e-02
1.671187463058126932e+00 3.191122267497740417e+00 -1.669138018033568427e+00 -8.273943097236204081e-02
1.669129675503490340e+00 3.191122267497740417e+00 -1.667082754027341851e+00 -8.263755121614302368e-02
1.667124691733611330e+00 3.191122267497740417e+00 -1.665080229050448279e+00 -8.253828574180477329e-02
1.665172740683288577e+00 3.191122267497740417e+00 -1.663130671756934298e+00 -8.244164588376390324e-02
1.663274045231894593e+00 3.191122267497740417e+00 -1.661234304752846169e+00 -8.234764267663675918e-02
1.661428822177922981e+00 3.191122267497740417e+00 -1.659391344570808835e+00 -8.225628685397917694e-02
1.659637282214237120e+00 3.191122267497740417e+00 -1.657602001645304579e+00 -8.216758884706117094e-02
1.657899629904010519e+00 3.191122267497740417e+00 -1.655866480288642695e+00 -8.208155878367566494e-02
1.656216063657369508e+00 3.191122267497740417e+00 -1.654184978667631034e+00 -8.199820648698212533e-02
1.654586775708739133e+00 3.191122267497740417e+00 -1.652557688780949663e+00 -8.191754147438495837e-02
1.653011952094891601e+00 3.191122267497740417e+00 -1.650984796437226843e+00 -8.183957295644674057e-02
1.651491772633706390e+00 3.191122267497740417e+00 -1.649466481233823556e+00 -8.176430983583657386e-02
1.650026410903635776e+00 3.191122267497740417e+00 -1.648002916536326135e+00 -8.169176070631350983e-02
1.648616034223886695e+00 3.191122267497740417e+00 -1.646594269458750759e+00 -8.162193385174533466e-02
1.647260803635315352e+00 3.191122267497740417e+00 -1.645240700844463166e+00 -8.155483724516264521e-02
1.645960873882039044e+00 3.191122267497740417e+00 -1.643942365247811566e+00 -8.149047854784850775e-02
1.644716393393766518e+00 3.191122267497740417e+00 -1.642699410916478975e+00 -8.142886510846364390e-02
1.643527504268850858e+00 3.191122267497740417e+00 -1.641511979774557872e+00 -8.137000396220735177e-02
1.642394342258063356e+00 3.191122267497740417e+00 -1.640380207406342716e+00 -8.131390183001419025e-02
1.641317036749093905e+00 3.191122267497740417e+00 -1.639304223040850106e+00 -8.126056511778657898e-02
1.640295710751776825e+00 3.191122267497740417e+00 -1.638284149537062140e+00 -8.120999991566336951e-02
1.639330480884044761e+00 3.191122267497740417e+00 -1.637320103369898527e+00 -8.116221199732442937e-02
1.638421457358613775e+00 3.191122267497740417e+00 -1.636412194616916782e+00 -8.111720681933140553e-02
1.637568743970397644e+00 3.191122267497740417e+00 -1.635560526945742943e+00 -8.107498952050461172e-02
1.636772438084657999e+00 3.191122267497740417e+00 -1.634765197602235487e+00 -8.103556492133637268e-02
1.636032630625886108e+00 3.191122267497740417e+00 -1.634026297399381322e+00 -8.099893752344057563e-02
1.635349406067420075e+00 3.191122267497740417e+00 -1.633343910706925417e+00 -8.096511150903859533e-02
1.634722842421799660e+00 3.191122267497740417e+00 -1.632718115441737838e+00 -8.093409074048177332e-02
1.634153011231860964e+00 3.191122267497740417e+00 -1.632148983058918645e+00 -8.090587875981052057e-02
1.633639977562563184e+00 3.191122267497740417e+00 -1.631636578543635085e+00 -8.088047878834969673e-02
1.633183799993563223e+00 3.191122267497740417e+00 -1.631180960403705527e+00 -8.085789372634094585e-02
1.632784530612524598e+00 3.191122267497740417e+00 -1.630782180662916581e+00 -8.083812615261144752e-02
1.632442215009171305e+00 3.191122267497740417e+00 -1.630440284855083188e+00 -8.082117832427949955e-02
1.632156892270080428e+00 3.191122267497740417e+00 -1.630155312018849445e+00 -8.080705217649673811e-02
1.631928594974221713e+00 3.191122267497740417e+00 -1.629927294693231943e+00 -8.079574932222728656e-02
1.631757349189234763e+00 3.191122267497740417e+00 -1.629756258913902522e+00 -8.078727105206344461e-02
