9.999972508615680988e-01 4.843958645944057535e-06
9.999752582314430649e-01 4.359577116865130127e-05
9.999312755168918709e-01 1.211004250894875522e-04
9.998653078090173896e-01 2.373605359174534989e-04
9.997773627437377408e-01 3.923784023163536016e-04
9.996674505009013334e-01 5.861464861900561596e-04
9.995355838031101392e-01 8.186245826716191795e-04
9.993817779142450952e-01 1.089699436705981453e-03
9.992060506377011819e-01 1.399125945404852038e-03
9.990084223143250730e-01 1.746453834294215551e-03
9.987889158200615736e-01 2.130948775593317999e-03
9.985475565633055162e-01 2.551520991952428447e-03
9.982843724819603359e-01 3.006676123991318308e-03
9.979993940402044350e-01 3.494501583473503571e-03
9.976926542249648922e-01 4.012696567063860770e-03
9.973641885420991837e-01 4.558646137284110694e-03
9.970140350122851380e-01 5.129530967981711480e-03
9.966422341666202334e-01 5.722456717646431761e-03
9.962488290419295733e-01 6.334582662329858553e-03
9.958338651757846494e-01 6.963229541096336607e-03
9.953973906012322237e-01 7.605951611858717890e-03
9.949394558412342215e-01 8.260566369472440926e-03
9.944601139028197423e-01 8.925144909020299444e-03
9.939594202709491899e-01 9.597973913166713347e-03
9.934374329020919658e-01 1.027750465651106233e-02
9.928942122175178353e-01 1.096230440940718261e-02
9.923298210963027444e-01 1.165102174633576328e-02
9.917443248680508638e-01 1.234237117332568148e-02
9.911377913053323052e-01 1.303513627376839089e-02
9.905102906158378406e-01 1.372818601316186035e-02
9.898618954342535137e-01 1.442049687596775806e-02
9.891926808138511440e-01 1.511117406431590482e-02
9.885027242178023865e-01 1.579946722645780149e-02
9.877921055102114600e-01 1.648477894691793497e-02
9.870609069468703201e-01 1.716666652416074315e-02
9.863092131657384964e-01 1.784483884833852271e-02
9.855371111771444870e-01 1.851915044360776322e-02
9.847446903537157015e-01 1.918959428411017021e-02
9.839320424200321824e-01 1.985629427345838444e-02
9.830992614420099862e-01 2.051949765091734199e-02
9.822464438160123379e-01 2.117956722610678244e-02
9.813736882576920006e-01 2.183697324819635840e-02
9.804810957905640834e-01 2.249228478755647964e-02
9.795687697343129496e-01 2.314616063404235230e-02
9.786368156928325623e-01 2.379933981899056208e-02
9.776853415420022619e-01 2.445263191920766382e-02
9.767144574172003102e-01 2.510690730780102894e-02
9.757242757005549771e-01 2.576308749939260068e-02
9.747149110079367240e-01 2.642213571422039053e-02
9.736864801756903720e-01 2.708504776611639006e-02
9.726391022471114756e-01 2.775284336490779422e-02
9.715728984586671224e-01 2.842655791232163304e-02
9.704879922259612712e-01 2.910723485956271187e-02
9.693845091294508443e-01 2.979591868312861380e-02
9.682625768999079119e-01 3.049364852300722947e-02
9.671223254036355188e-01 3.120145251463088062e-02
9.659638866274350422e-01 3.192034283336214751e-02
9.647873946633284126e-01 3.265131145824638759e-02
9.635929856930365300e-01 3.339532665052082072e-02
9.623807979722165395e-01 3.415333013206797719e-02
9.611509718144570780e-01 3.492623493976297622e-02
9.599036495750381537e-01 3.571492392356771101e-02
9.586389756344522173e-01 3.652024884935811677e-02
9.573570963816921964e-01 3.734303006186019680e-02
9.560581601973064947e-01 3.818405665873859239e-02
9.547423174362235088e-01 3.904408712379107277e-02
9.534097204103477718e-01 3.992385036532017373e-02
9.520605233709298343e-01 4.082404710499597938e-02
9.506948824907104356e-01 4.174535156281036080e-02
9.493129558458440753e-01 4.268841338493137988e-02
9.479149033976008720e-01 4.365385976330111301e-02
9.465008869738504860e-01 4.464229769853694796e-02
9.450710702503309912e-01 4.565431636098660900e-02
9.436256187317018096e-01 4.669048950850782087e-02
9.421646997323872563e-01 4.775137792359106237e-02
9.406884823572086995e-01 4.883753183668625153e-02
9.391971374818107732e-01 4.994949330693794487e-02
9.376908377328818656e-01 5.108779853587128161e-02
9.361697574681726586e-01 5.225298009382509795e-02
9.346340727563127171e-01 5.344556904302104339e-02
9.330839613564314572e-01 5.466609694503553329e-02
9.315196026975811616e-01 5.591509774404021527e-02
9.299411778579678156e-01 5.719310952048255875e-02
9.283488695439915395e-01 5.850067611285001551e-02
9.267428620690969510e-01 5.983834860778443343e-02
9.251233413324388977e-01 6.120668670109134096e-02
9.234904947973642253e-01 6.260625993411204904e-02
9.218445114697124687e-01 6.403764881150739163e-02
9.201855818759379080e-01 6.550144580775192626e-02
9.185138980410555432e-01 6.699825627056281430e-02
9.168296534664139852e-01 6.852869923012050446e-02
9.151330431072969285e-01 7.009340812329294124e-02
9.134242633503570907e-01 7.169303144216833401e-02
9.117035119908833973e-01 7.332823331608176454e-02
9.099709882099065172e-01 7.499969403601085272e-02
9.082268925511420843e-01 7.670811052976493627e-02
9.064714268977780431e-01 7.845419679584511585e-02
9.047047944491063420e-01 8.023868430328127965e-02
9.029271996970016367e-01 8.206232236420837878e-02
9.011388484022511136e-01 8.392587848548500873e-02
8.993399475707369861e-01 8.583013870536392032e-02
8.975307054294755504e-01 8.777590792109246642e-02
8.957113314025137996e-01 8.976401021338989428e-02
8.938820360866885917e-01 9.179528917398051269e-02
8.920430312272493723e-01 9.387060824264979730e-02
8.901945296933482243e-01 9.599085106054283667e-02
8.883367454533992458e-01 9.815692184641287843e-02
8.864698935503124710e-01 1.003697458020899602e-01
8.845941900766006727e-01 1.026302695523272912e-01
8.827098521493670358e-01 1.049394616222407012e-01
8.808170978851732613e-01 1.072983129527059487e-01
8.789161463747916514e-01 1.097078374503906717e-01
8.770072176578452838e-01 1.121690725648372133e-01
8.750905326973376086e-01 1.146830798807017410e-01
8.731663133540756849e-01 1.172509457096300722e-01
8.712347823609889463e-01 1.198737816642889559e-01
8.692961632973479347e-01 1.225527251978225790e-01
8.673506805628835581e-01 1.252889400965368494e-01
8.653985593518133124e-01 1.280836169227099197e-01
8.634400256267737994e-01 1.309379734184218658e-01
8.614753060926650940e-01 1.338532548997911353e-01
8.595046281704095126e-01 1.368307346926337098e-01
8.575282199706268926e-01 1.398717146828752089e-01
8.555463102672300479e-01 1.429775260745080045e-01
8.535591284709437288e-01 1.461495304600517187e-01
8.515669046027500855e-01 1.493891213083355374e-01
8.495698692672630781e-01 1.526977259571736523e-01
8.475682536260350508e-01 1.560768081602870450e-01
8.455622893707996912e-01 1.595278711767193214e-01
8.435522086966532607e-01 1.630524613080822915e-01
8.415382442751767611e-01 1.666521716891981864e-01
8.395206292275043669e-01 1.703286460304375416e-01
8.374995970973387882e-01 1.740835819092117764e-01
8.354753818239182284e-01 1.779187331314300846e-01
8.334482177149371562e-01 1.818359106517011547e-01
8.314183394194246679e-01 1.858369815742587916e-01
8.293859819005833245e-01 1.899238658731804141e-01
8.273513804085917966e-01 1.940985306824435375e-01
8.253147704533738693e-01 1.983629823160683592e-01
8.232763877773374706e-01 2.027192565754711295e-01
8.212364683280876099e-01 2.071694083591719970e-01
8.191952482311138928e-01 2.117155020669274634e-01
8.171529637624593834e-01 2.163596047287628665e-01
8.151098513213703711e-01 2.211037841199690879e-01
8.130661474029332592e-01 2.259501142707953936e-01
8.110220885706991290e-01 2.309006906713676754e-01
8.089779114293009776e-01 2.359576570473323476e-01
8.069338525970666254e-01 2.411232448012816665e-01
8.048901486786295134e-01 2.463998250732807316e-01
8.028470362375406122e-01 2.517899719057200003e-01
8.008047517688861028e-01 2.572965332845456587e-01
7.987635316719124967e-01 2.629227049997858723e-01
7.967236122226625250e-01 2.686721004961776238e-01
7.946852295466262373e-01 2.745488083775923238e-01
7.926486195914081989e-01 2.805574282147868526e-01
7.906140180994166711e-01 2.867030750125472149e-01
7.885816605805753277e-01 2.929913433223408359e-01
7.865517822850628393e-01 2.994282236900055461e-01
7.845246181760817672e-01 3.060199669735310102e-01
7.825004029026613184e-01 3.127728960151983095e-01
7.804793707724957397e-01 3.196931690410460547e-01
7.784617557248233455e-01 3.267865046915558458e-01
7.764477913033467349e-01 3.340578843386788344e-01
7.744377106292001933e-01 3.415112527963477529e-01
7.724317463739649448e-01 3.491492431123777163e-01
7.704301307327369175e-01 3.569729542741070238e-01
7.684330953972499101e-01 3.649818118762387376e-01
7.664408715290563778e-01 3.731735407303972130e-01
7.644536897327700586e-01 3.815442748675092477e-01
7.624717800293731029e-01 3.900888244273978400e-01
7.604953718295904830e-01 3.988011107762504115e-01
7.585246939073349015e-01 4.076747712419586112e-01
7.565599743732261961e-01 4.167039236291136262e-01
7.546014406481866832e-01 4.258840687534523606e-01
7.526493194371164375e-01 4.352130972208902993e-01
7.507038367026520609e-01 4.446923551600047153e-01
7.487652176390110492e-01 4.543277131770447341e-01
7.468336866459244217e-01 4.641305740254870749e-01
7.449094673026623870e-01 4.741187479982250652e-01
7.429927823421548228e-01 4.843171215687900877e-01
7.410838536252084552e-01 4.947580451294618653e-01
7.391829021148267342e-01 5.054813706591254618e-01
7.372901478506329598e-01 5.165340806250365846e-01
7.354058099233993229e-01 5.279694659923742650e-01
7.335301064496875245e-01 5.398458340455734028e-01
7.316632545466006388e-01 5.522247552577989049e-01
7.298054703066518822e-01 5.651688911682823946e-01
7.279569687727506233e-01 5.787394795740362641e-01
7.261179639133114039e-01 5.929935858071904153e-01
7.242886685974861960e-01 6.079812554066698072e-01
7.224692945705244451e-01 6.237427201762214546e-01
7.206600524292630094e-01 6.403058134417095593e-01
7.188611515977488819e-01 6.576837399271415752e-01
7.170728003029982478e-01 6.758733218119844510e-01
7.152952055508936535e-01 6.948538080499655489e-01
7.135285731022219524e-01 7.145862933366151637e-01
7.117731074488580223e-01 7.350137513267621658e-01
7.100290117900935893e-01 7.560616486511020362e-01
7.082964880091164872e-01 7.776390756641767821e-01
7.065757366496429048e-01 7.996403087673888965e-01
7.048669568927031781e-01 8.219467080100132383e-01
7.031703465335861214e-01 8.444288515119078298e-01
7.014861019589444524e-01 8.669488132085190202e-01
6.998144181240620876e-01 8.893625002539242708e-01
6.981554885302875268e-01 9.115219789591006982e-01
6.965095052026357703e-01 9.332777315733589152e-01
6.948766586675612089e-01 9.544807992059982649e-01
6.932571379309030446e-01 9.749847778955336164e-01
6.916511304560084561e-01 9.946476448496084366e-01
6.900588221420321799e-01 1.013333400099496906e+00
6.884803973024189450e-01 1.030913515344193954e+00
6.869160386435685384e-01 1.047268186818510083e+00
6.853659272436872785e-01 1.062287392868770386e+00
6.838302425318273370e-01 1.075871759817374596e+00
6.823091622671180190e-01 1.087933241874124102e+00
6.808028625181892224e-01 1.098395622498150592e+00
6.793115176427912960e-01 1.107194845877529588e+00
6.778353002676128503e-01 1.114279188183706193e+00
6.763743812682981860e-01 1.119609279050825190e+00
6.749289297496690043e-01 1.123157984375867890e+00
6.734991130261495096e-01 1.124910162064143737e+00
6.720850966023992346e-01 1.124862302771119760e+00
6.706870441541559202e-01 1.123022068021265474e+00
6.693051175092896710e-01 1.119407738316128498e+00
6.679394766290701613e-01 1.114047583972595179e+00
6.665902795896521127e-01 1.106979171451991650e+00
6.652576825637764868e-01 1.098248617845280384e+00
6.639418398026935009e-01 1.087909805964885290e+00
6.626429036183077992e-01 1.076023572156822983e+00
6.613610243655478893e-01 1.062656878488980494e+00
6.600963504249619529e-01 1.047881980395565016e+00
6.588490281855430286e-01 1.031775600171093599e+00
6.576192020277835670e-01 1.014418115919287988e+00
6.564070143069634655e-01 9.958927746852516139e-01
6.552126053366715830e-01 9.762849375481374992e-01
6.540361133725649534e-01 9.556813634422033354e-01
6.528776745963644768e-01 9.341695374244938233e-01
6.517374231000920837e-01 9.118370480352252505e-01
6.506154908705491513e-01 8.887710173203852149e-01
6.495120077740387243e-01 8.650575860227607272e-01
6.484271015413329842e-01 8.407814554141208596e-01
6.473608977528884090e-01 8.160254862529521258e-01
6.463135198243096236e-01 7.908703544229861437e-01
6.452850889920632715e-01 7.653942619496140187e-01
6.442757242994450184e-01 7.396727013144211993e-01
6.432855425827996854e-01 7.137782703007545804e-01
6.423146584579977336e-01 6.877805340113878341e-01
6.413631843071674332e-01 6.617459302065648030e-01
6.404312302656870459e-01 6.357377137178947812e-01
6.395189042094360232e-01 6.098159353974554886e-01
6.386263117423081059e-01 5.840374508551600119e-01
6.377535561839876577e-01 5.584559541095993618e-01
6.369007385579900093e-01 5.331220312148874374e-01
6.360679575799678132e-01 5.080832289169943117e-01
6.352553096462842941e-01 4.833841334344465834e-01
6.344628888228555086e-01 4.590664545621703785e-01
6.336907868342616101e-01 4.351691104961548651e-01
6.329390930531295645e-01 4.117283091238363446e-01
6.322078944897885355e-01 3.887776220866814292e-01
6.314972757821976090e-01 3.663480487600958568e-01
6.308073191861488516e-01 3.444680684491012168e-01
6.301381045657465929e-01 3.231636805556889480e-01
6.294897093841621549e-01 3.024584341614032779e-01
6.288622086946678014e-01 2.823734502455119144e-01
6.282556751319491317e-01 2.629274414303735541e-01
6.276701789036972512e-01 2.441367354906231468e-01
6.271057877824821603e-01 2.260153096724633881e-01
6.265625670979080297e-01 2.085748429842252116e-01
6.260405797290508056e-01 1.918247929603763002e-01
6.255398860971802533e-01 1.757725019863963234e-01
6.250605441587657740e-01 1.604233362152719111e-01
6.246026093987677719e-01 1.457808576017593782e-01
6.241661348242153462e-01 1.318470268738074769e-01
6.237511709580704222e-01 1.186224326164367349e-01
6.233577658333797622e-01 1.061065393137040763e-01
6.229859649877148575e-01 9.429794539100620765e-02
6.226358114579008118e-01 8.319464117642359768e-02
6.223073457750351034e-01 7.279425634121623745e-02
6.220006059597955606e-01 6.309428680102402431e-02
6.217156275180396596e-01 5.409229221031185142e-02
6.214524434366944794e-01 4.578605695676490200e-02
6.212110841799383110e-01 3.817370980994806706e-02
6.209915776856749225e-01 3.125379992137562041e-02
6.207939493622988136e-01 2.502532951972783956e-02
6.206182220857549003e-01 1.948774620549458686e-02
6.204644161968899674e-01 1.464090004959221758e-02
6.203325494990985511e-01 1.048497259279003620e-02
6.202226372562622547e-01 7.020386214700091894e-03
6.201346921909824950e-01 4.247703120092185571e-03
6.200687244831081246e-01 2.167523345723724147e-03
6.200247417685569307e-01 7.803907321905170389e-04
6.200027491384318967e-01 8.671477842588995997e-05
