1.999997322700848290e+00 1.363232841500600231e-08
1.999975904479664113e+00 1.292209937429770348e-08
1.999933068954780957e+00 1.140754630636223448e-08
1.999868817961130141e+00 9.044077101309552191e-09
1.999783154251010497e+00 6.104942824635577603e-09
1.999676081493970470e+00 3.278943277416316228e-09
1.999547604276650237e+00 1.290055756041117437e-09
1.999397728102586314e+00 3.459970100229033518e-10
1.999226459391975075e+00 8.683745777985373848e-11
1.999033805481398085e+00 5.506571475326457810e-11
1.998819774623507906e+00 4.192198845829954726e-11
1.998584375986673933e+00 2.799651006586888516e-11
1.998327619654590048e+00 2.274082824926209224e-11
1.998049516625843625e+00 2.208604082785425086e-11
1.997750078813442354e+00 2.209684420425719224e-11
1.997429319044305540e+00 2.211155430385038750e-11
1.997087251058714097e+00 2.212192004628600948e-11
1.996723889509722127e+00 2.212252044414426524e-11
1.996339249962529205e+00 2.212155570165557619e-11
1.995933348893812909e+00 2.212252180707930446e-11
1.995506203691024716e+00 2.212440289124576883e-11
1.995057832651642826e+00 2.212636687345131693e-11
1.994588254982390563e+00 2.212832613501251187e-11
1.994097490798412364e+00 2.213035298846929837e-11
1.993585561122412475e+00 2.213246654985084186e-11
1.993052487883754331e+00 2.213466258176004590e-11
1.992498293917521535e+00 2.213693910430211251e-11
1.991923002963538636e+00 2.213929599391691185e-11
1.991326639665355946e+00 2.214173310483534180e-11
1.990709229569191718e+00 2.214425024031336931e-11
1.990070799122840128e+00 2.214684718526929127e-11
1.989411375674536187e+00 2.214952378145567260e-11
1.988730987471786005e+00 2.215227989100005212e-11
1.988029663660155322e+00 2.215511534420567125e-11
1.987307434282022500e+00 2.215803000735251548e-11
1.986564330275290002e+00 2.216102373846689755e-11
1.985800383472060338e+00 2.216409635992903861e-11
1.985015626597272043e+00 2.216724771105938900e-11
1.984210093267297470e+00 2.217047760026789392e-11
1.983383817988503717e+00 2.217378579793819151e-11
1.982536836155773585e+00 2.217717207520731667e-11
1.981669184050989907e+00 2.218063615956531474e-11
1.980780898841481008e+00 2.218417774051192576e-11
1.979872018578428650e+00 2.218779649560562322e-11
1.978942582195238664e+00 2.219149205416720017e-11
1.977992629505871847e+00 2.219526401160537748e-11
1.977022201203140206e+00 2.219911194505499901e-11
1.976031338856962138e+00 2.220303538460058457e-11
1.975020084912582741e+00 2.220703383118687753e-11
1.973988482688755264e+00 2.221110676564210898e-11
1.972936576375885487e+00 2.221525362806062113e-11
1.971864411034139009e+00 2.221947383570620616e-11
1.970772032591510348e+00 2.222376678644975900e-11
1.969659487841856738e+00 2.222813184450702917e-11
1.968526824442891732e+00 2.223256835715993796e-11
1.967374090914146167e+00 2.223707565522232958e-11
1.966201336634887609e+00 2.224165304314128815e-11
1.965008611842006037e+00 2.224629981263624744e-11
1.963795967627862016e+00 2.225101524131851684e-11
1.962563455938097778e+00 2.225579858625298578e-11
1.961311129569411671e+00 2.226064909517490923e-11
1.960039042167297518e+00 2.226556600406772258e-11
1.958747248223745796e+00 2.227054853181516713e-11
1.957435803074909275e+00 2.227559588891483323e-11
1.956104762898733807e+00 2.228070727546973996e-11
1.954754184712550247e+00 2.228588187696451823e-11
1.953384126370633078e+00 2.229111887099858668e-11
1.951994646561721725e+00 2.229641742489767412e-11
1.950585804806506562e+00 2.230177669154354966e-11
1.949157661455079626e+00 2.230719581564010333e-11
1.947710277684348457e+00 2.231267393179632586e-11
1.946243715495417081e+00 2.231821016006092606e-11
1.944758037710927923e+00 2.232380361155951495e-11
1.943253307972373278e+00 2.232945338632603550e-11
1.941729590737366395e+00 2.233515856907599893e-11
1.940186951276882787e+00 2.234091823551565942e-11
1.938625455672462028e+00 2.234673144959655969e-11
1.937045170813379347e+00 2.235259725904670060e-11
1.935446164393778368e+00 2.235851470200552818e-11
1.933828504909771873e+00 2.236448280368203661e-11
1.932192261656508592e+00 2.237050057282568627e-11
1.930537504725203579e+00 2.237656700879074900e-11
1.928864305000136170e+00 2.238268109672843397e-11
1.927172734155613520e+00 2.238884180491627040e-11
1.925462864652901063e+00 2.239504809214713429e-11
1.923734769737117212e+00 2.240129890202587685e-11
1.921988523434096763e+00 2.240759316174003716e-11
1.920224200547218985e+00 2.241392978878061036e-11
1.918441876654204625e+00 2.242030768407219635e-11
1.916641628103877171e+00 2.242672573262544168e-11
1.914823532012892571e+00 2.243318280960703633e-11
1.912987666262436548e+00 2.243967777292836603e-11
1.911134109494887490e+00 2.244620946534311633e-11
1.909262941110448253e+00 2.245277671884332066e-11
1.907374241263744663e+00 2.245937834741114180e-11
1.905468090860392039e+00 2.246601315087788593e-11
1.903544571553529741e+00 2.247267991760183502e-11
1.901603765740322416e+00 2.247937741768528184e-11
1.899645756558431930e+00 2.248610440759502839e-11
1.897670627882455108e+00 2.249285963108905110e-11
1.895678464320330159e+00 2.249964181393540502e-11
1.893669351209713803e+00 2.250644966886471890e-11
1.891643374614325079e+00 2.251328189475282447e-11
1.889600621320258300e+00 2.252013717283254384e-11
1.887541178832265576e+00 2.252701417125641455e-11
1.885465135370008927e+00 2.253391154340577729e-11
1.883372579864280638e+00 2.254082792586152739e-11
1.881263601953194087e+00 2.254776194178767450e-11
1.879138291978343478e+00 2.255471219876741868e-11
1.876996740980934719e+00 2.256167728821124133e-11
1.874839040697884984e+00 2.256865578745459965e-11
1.872665283557892968e+00 2.257564625805761168e-11
1.870475562677479608e+00 2.258264724602283740e-11
1.868269971856999501e+00 2.258965728234992922e-11
1.866048605576622776e+00 2.259667488228524347e-11
1.863811558992287454e+00 2.260369854580166325e-11
1.861558927931623808e+00 2.261072675707019489e-11
1.859290808889848989e+00 2.261775798489228282e-11
1.857007299025634106e+00 2.262479068265586894e-11
1.854708496156941555e+00 2.263182328726574781e-11
1.852394498756835040e+00 2.263885422076929007e-11
1.850065405949261832e+00 2.264588188940371449e-11
1.847721317504805949e+00 2.265290468258959660e-11
1.845362333836414237e+00 2.265992097528821388e-11
1.842988555995096478e+00 2.266692912600111283e-11
1.840600085665594188e+00 2.267392747641350046e-11
1.838197025162027209e+00 2.268091435396084675e-11
1.835779477423509221e+00 2.268788806899680564e-11
1.833347546009739482e+00 2.269484691532590324e-11
1.830901335096565274e+00 2.270178917237143597e-11
1.828440949471520582e+00 2.270871310196119217e-11
1.825966494529337236e+00 2.271561694974637054e-11
1.823478076267428749e+00 2.272249894664665823e-11
1.820975801281351725e+00 2.272935730579995706e-11
1.818459776760237956e+00 2.273619022448133595e-11
1.815930110482204540e+00 2.274299588467519111e-11
1.813386910809734687e+00 2.274977245061453876e-11
1.810830286685038759e+00 2.275651807078727714e-11
1.808260347625384679e+00 2.276323087789473696e-11
1.805677203718408341e+00 2.276990898717018160e-11
1.803080965617397391e+00 2.277655049799141504e-11
1.800471744536551233e+00 2.278315349357191394e-11
1.797849652246216623e+00 2.278971603997601420e-11
1.795214801068100607e+00 2.279623618710830941e-11
1.792567303870457707e+00 2.280271196855015349e-11
1.789907274063256892e+00 2.280914140097324452e-11
1.787234825593321474e+00 2.281552248452330729e-11
1.784550072939449006e+00 2.282185320310185497e-11
1.781853131107508315e+00 2.282813152381604611e-11
1.779144115625511002e+00 2.283435539693125426e-11
1.776423142538664068e+00 2.284052275661892000e-11
1.773690328404398331e+00 2.284663152017738883e-11
1.770945790287375754e+00 2.285267958790184346e-11
1.768189645754475015e+00 2.285866484417094126e-11
1.765422012869754642e+00 2.286458515633712563e-11
1.762643010189396175e+00 2.287043837476657947e-11
1.759852756756624670e+00 2.287622233400588587e-11
1.757051372096610775e+00 2.288193485143394344e-11
1.754238976211349943e+00 2.288757372758064732e-11
1.751415689574521206e+00 2.289313674711893727e-11
1.748581633126327306e+00 2.289862167749461172e-11
1.745736928268314170e+00 2.290402626949638123e-11
1.742881696858169960e+00 2.290934825795042558e-11
1.740016061204505693e+00 2.291458536053685015e-11
1.737140144061614544e+00 2.291973527844365946e-11
1.734254068624215828e+00 2.292479569678179825e-11
1.731357958522175000e+00 2.292976428371974288e-11
1.728451937815210337e+00 2.293463869103104961e-11
1.725536130987576744e+00 2.293941655434674813e-11
1.722610662942734239e+00 2.294409549261641720e-11
1.719675658997996903e+00 2.294867310843081743e-11
1.716731244879165397e+00 2.295314698827420397e-11
1.713777546715141042e+00 2.295751470222857712e-11
1.710814691032522372e+00 2.296177380406057185e-11
1.707842804750185461e+00 2.296592183158824780e-11
1.704862015173847611e+00 2.296995630647631032e-11
1.701872449990613489e+00 2.297387473413605723e-11
1.698874237263505504e+00 2.297767460424599523e-11
1.695867505425977972e+00 2.298135339053976188e-11
1.692852383276415740e+00 2.298490855064877700e-11
1.689828999972616597e+00 2.298833752674866502e-11
1.686797485026258148e+00 2.299163774529504502e-11
1.683757968297351804e+00 2.299480661689640024e-11
1.680710579988677456e+00 2.299784153697666262e-11
1.677655450640208157e+00 2.300073988547114965e-11
1.674592711123516375e+00 2.300349902679596837e-11
1.671522492636170032e+00 2.300611631045596079e-11
1.668444926696110109e+00 2.300858907077788000e-11
1.665360145136018932e+00 2.301091462696924924e-11
1.662268280097671136e+00 2.301309028361473812e-11
1.659169464026274854e+00 2.301511333052418755e-11
1.656063829664796927e+00 2.301698104282074652e-11
1.652951510048276784e+00 2.301869068131911010e-11
1.649832638498128334e+00 2.302023949254293545e-11
1.646707348616428312e+00 2.302162470878045040e-11
1.643575774280193524e+00 2.302284354840265941e-11
1.640438049635646101e+00 2.302389321605870365e-11
1.637294309092466094e+00 2.302477090265028947e-11
1.634144687318035638e+00 2.302547378565403680e-11
1.630989319231668677e+00 2.302599902943398220e-11
1.627828339998832252e+00 2.302634378513826846e-11
1.624661885025355801e+00 2.302650519108026493e-11
1.621490089951632019e+00 2.302648037310455285e-11
1.618313090646804842e+00 2.302626644447112010e-11
1.615131023202951210e+00 2.302586050629300762e-11
1.611944023929249292e+00 2.302525964789572904e-11
1.608752229346140705e+00 2.302446094677673561e-11
1.605555776179482752e+00 2.302346146903832572e-11
1.602354801354689773e+00 2.302225826973429818e-11
1.599149441990870280e+00 2.302084839297358566e-11
1.595939835394950768e+00 2.301922887228090870e-11
1.592726119055795531e+00 2.301739673097862940e-11
1.589508430638316483e+00 2.301534898243610116e-11
1.586286907977575877e+00 2.301308263032461151e-11
1.583061689072882583e+00 2.301059466909609357e-11
1.579832912081880592e+00 2.300788208432322649e-11
1.576600715314629308e+00 2.300494185287732128e-11
1.573365237227680957e+00 2.300177094352208789e-11
1.570126616418148213e+00 2.299836631729566015e-11
1.566884991617767620e+00 2.299472492770414955e-11
1.563640501686956563e+00 2.299084372136302694e-11
1.560393285608865366e+00 2.298671963841016991e-11
1.557143482483423158e+00 2.298234961280694367e-11
1.553891231521379757e+00 2.297773057294139990e-11
1.550636672038341768e+00 2.297285944211881417e-11
1.547379943448805584e+00 2.296773313899323197e-11
1.544121185260184603e+00 2.296234857808539033e-11
1.540860537066834235e+00 2.295670267041668395e-11
1.537598138544070014e+00 2.295079232402799808e-11
1.534334129442186834e+00 2.294461444443560778e-11
1.531068649580471508e+00 2.293816593541752300e-11
1.527801838841212456e+00 2.293144369958988158e-11
1.524533837163709160e+00 2.292444463890043037e-11
1.521264784538276515e+00 2.291716565548408841e-11
1.517994821000249406e+00 2.290960365230525274e-11
1.514724086623981503e+00 2.290175553377719509e-11
1.511452721516848507e+00 2.289361820659738185e-11
1.508180865813243399e+00 2.288518858052040967e-11
1.504908659668574789e+00 2.287646356911191927e-11
1.501636243253263281e+00 2.286744009052943126e-11
1.498363756746736719e+00 2.285811506849276150e-11
1.495091340331425211e+00 2.284848543313703819e-11
1.491819134186756601e+00 2.283854812179421305e-11
1.488547278483151493e+00 2.282830008012451195e-11
1.485275913376018497e+00 2.281773826305736572e-11
1.482005178999750816e+00 2.280685963569811327e-11
1.478735215461723485e+00 2.279566117451145786e-11
1.475466162836291062e+00 2.278413986839685367e-11
1.472198161158787766e+00 2.277229271979235566e-11
1.468931350419528492e+00 2.276011674584094103e-11
1.465665870557813166e+00 2.274760897968849127e-11
1.462401861455929986e+00 2.273476647175092306e-11
1.459139462933165987e+00 2.272158629089548937e-11
1.455878814739815397e+00 2.270806552597734180e-11
1.452620056551194638e+00 2.269420128723723314e-11
1.449363327961658454e+00 2.267999070765030326e-11
1.446108768478620243e+00 2.266543094458783644e-11
1.442856517516576842e+00 2.265051918138548923e-11
1.439606714391134634e+00 2.263525262898380604e-11
1.436359498313043437e+00 2.261962852760620678e-11
1.433115008382232380e+00 2.260364414861451769e-11
1.429873383581852009e+00 2.258729679640863367e-11
1.426634762772319265e+00 2.257058381018698159e-11
1.423399284685370692e+00 2.255350256612993454e-11
1.420167087918119631e+00 2.253605047948542823e-11
1.416938310927117417e+00 2.251822500664026326e-11
1.413713092022424345e+00 2.250002364748081071e-11
1.410491569361683517e+00 2.248144394773289286e-11
1.407273880944204469e+00 2.246248350148746282e-11
1.404060164605049232e+00 2.244313995364317524e-11
1.400850558009129720e+00 2.242341100268334467e-11
1.397645198645310227e+00 2.240329440354970350e-11
1.394444223820517470e+00 2.238278797037006880e-11
1.391247770653859295e+00 2.236188957967976493e-11
1.388055976070750930e+00 2.234059717356350103e-11
1.384868976797048790e+00 2.231890876298852765e-11
1.381686909353195158e+00 2.229682243125948581e-11
1.378509910048367981e+00 2.227433633765342634e-11
1.375338114974644199e+00 2.225144872138811195e-11
1.372171660001167748e+00 2.222815790537794390e-11
1.369010680768331323e+00 2.220446230058188824e-11
1.365855312681964362e+00 2.218036041039815067e-11
1.362705690907533906e+00 2.215585083519491302e-11
1.359561950364353899e+00 2.213093227721535911e-11
1.356424225719806476e+00 2.210560354555160550e-11
1.353292651383571688e+00 2.207986356167633614e-11
1.350167361501871666e+00 2.205371136481832929e-11
1.347048489951723216e+00 2.202714611797661630e-11
1.343936170335203073e+00 2.200016711420697353e-11
1.340830535973725146e+00 2.197277378301728213e-11
1.337731719902328864e+00 2.194496569741752384e-11
1.334639854863981290e+00 2.191674258104485946e-11
1.331555073303890113e+00 2.188810431609392252e-11
1.328477507363830190e+00 2.185905095124057299e-11
1.325407288876483625e+00 2.182958271030156064e-11
1.322344549359792065e+00 2.179970000147993567e-11
1.319289420011322544e+00 2.176940342683382395e-11
1.316242031702648418e+00 2.173869379272501387e-11
1.313202514973741852e+00 2.170757212048190575e-11
1.310171000027383625e+00 2.167603965824998237e-11
1.307147616723584260e+00 2.164409789311225711e-11
1.304132494574022028e+00 2.161174856424450559e-11
1.301125762736494496e+00 2.157899367707238109e-11
1.298127550009386511e+00 2.154583551803117626e-11
1.295137984826152389e+00 2.151227667081806421e-11
1.292157195249814539e+00 2.147832003324192273e-11
1.289185308967477850e+00 2.144396883594897465e-11
1.286222453284858958e+00 2.140922666194288026e-11
1.283268755120834603e+00 2.137409746789139130e-11
1.280324341002003319e+00 2.133858560711505396e-11
1.277389337057265983e+00 2.130269585411301718e-11
1.274463869012423256e+00 2.126643343152384409e-11
1.271548062184789663e+00 2.122980403864368482e-11
1.268642041477825000e+00 2.119281388316049849e-11
1.265745931375784394e+00 2.115546971483256003e-11
1.262859855938385456e+00 2.111777886264810154e-11
1.259983938795494307e+00 2.107974927504796810e-11
1.257118303141830040e+00 2.104138956379595253e-11
1.254263071731686052e+00 2.100270905217176930e-11
1.251418366873672916e+00 2.096371782706913194e-11
1.248584310425478794e+00 2.092442679692451351e-11
1.245761023788650057e+00 2.088484775426921336e-11
1.242948627903389225e+00 2.084499344521315870e-11
1.240147243243375552e+00 2.080487764502540845e-11
1.237356989810604047e+00 2.076451524170601686e-11
1.234577987130245358e+00 2.072392232759730082e-11
1.231810354245524763e+00 2.068311629986261926e-11
1.229054209712624246e+00 2.064211597147461136e-11
1.226309671595601669e+00 2.060094169230730698e-11
1.223576857461336154e+00 2.055961548293925994e-11
1.220855884374488998e+00 2.051816118017703887e-11
1.218146868892491685e+00 2.047660459742112029e-11
1.215449927060550994e+00 2.043497369882575515e-11
1.212765174406678748e+00 2.039329878953301613e-11
1.210092725936743108e+00 2.035161272185907800e-11
1.207432696129542293e+00 2.030995111834905323e-11
1.204785198931899615e+00 2.026835261231654206e-11
1.202150347753783377e+00 2.022685910465638747e-11
1.199528255463448767e+00 2.018551603824219461e-11
1.196919034382602609e+00 2.014437268673584713e-11
1.194322796281591881e+00 2.010348245825117435e-11
1.191739652374615321e+00 2.006290320862689147e-11
1.189169713314961463e+00 2.002269756280876304e-11
1.186613089190265091e+00 1.998293323716390194e-11
1.184069889517795682e+00 1.994368335701265266e-11
1.181540223239762044e+00 1.990502675960393102e-11
1.179024198718648497e+00 1.986704827141662578e-11
1.176521923732571473e+00 1.982983894648679920e-11
1.174033505470662764e+00 1.979349624719609428e-11
1.171559050528479418e+00 1.975812414885774052e-11
1.169098664903434726e+00 1.972383314163784234e-11
1.166652453990260740e+00 1.969074010430054373e-11
1.164220522576490779e+00 1.965896801445381338e-11
1.161802974837973013e+00 1.962864546149342195e-11
1.159399914334405812e+00 1.959990591963155128e-11
1.157011444004903744e+00 1.957288673967311288e-11
1.154637666163585763e+00 1.954772781173208993e-11
1.152278682495194051e+00 1.952456985259980988e-11
1.149934594050738168e+00 1.950355227073426849e-11
1.147605501243164960e+00 1.948481056454332794e-11
1.145291503843058445e+00 1.946847321559086414e-11
1.142992700974365894e+00 1.945465804390503629e-11
1.140709191110151011e+00 1.944346800748912343e-11
1.138441072068376192e+00 1.943498643857146479e-11
1.136188441007712768e+00 1.942927173221110194e-11
1.133951394423377224e+00 1.942635151879408471e-11
1.131730028143000499e+00 1.942621638269633916e-11
1.129524437322520614e+00 1.942881321112929602e-11
1.127334716442107032e+00 1.943403829151462546e-11
1.125160959302115016e+00 1.944173030019782538e-11
1.123003259019065059e+00 1.945166335894377754e-11
1.120861708021656522e+00 1.946354035936400107e-11
1.118736398046805913e+00 1.947698678160147638e-11
1.116627420135719362e+00 1.949154524986655954e-11
1.114534864629991073e+00 1.950667107970370514e-11
1.112458821167734424e+00 1.952172907556109153e-11
1.110399378679741700e+00 1.953599183013582234e-11
1.108356625385674921e+00 1.954863976218669167e-11
1.106330648790286197e+00 1.955876309958627230e-11
1.104321535679669841e+00 1.956536598002386324e-11
1.102329372117545114e+00 1.956737279006802184e-11
1.100354243441567847e+00 1.956363681013497936e-11
1.098396234259677584e+00 1.955295116367711039e-11
1.096455428446470481e+00 1.953406200332272799e-11
1.094531909139607961e+00 1.950568378911161027e-11
1.092625758736255337e+00 1.946651644491283167e-11
1.090737058889551747e+00 1.941526410376736720e-11
1.088865890505112510e+00 1.935065509147143493e-11
1.087012333737563452e+00 1.927146273754469029e-11
1.085176467987107429e+00 1.917652656019599151e-11
1.083358371896122829e+00 1.906477333655115241e-11
1.081558123345795375e+00 1.893523755416285772e-11
1.079775799452781015e+00 1.878708073679454012e-11
1.078011476565903459e+00 1.861960915432593325e-11
1.076265230262882788e+00 1.843228945801798415e-11
1.074537135347098937e+00 1.822476183132122158e-11
1.072827265844386480e+00 1.799685031009465711e-11
1.071135694999864052e+00 1.774857000286089318e-11
1.069462495274796421e+00 1.748013102910185087e-11
1.067807738343491408e+00 1.719193908417594343e-11
1.066171495090227905e+00 1.688459263088041562e-11
1.064553835606221632e+00 1.655887679905932115e-11
1.062954829186620653e+00 1.621575414548174221e-11
1.061374544327537972e+00 1.585635247830303174e-11
1.059813048723117435e+00 1.548194999119185356e-11
1.058270409262633605e+00 1.509395798210028662e-11
1.056746692027626722e+00 1.469390146750702064e-11
1.055241962289072077e+00 1.428339804916089958e-11
1.053756284504582919e+00 1.386413545989267677e-11
1.052289722315651543e+00 1.343784830181027464e-11
1.050842338544920596e+00 1.300629458794859617e-11
1.049414195193493438e+00 1.257123278068732708e-11
1.048005353438278275e+00 1.213440006345346551e-11
1.046615873629367144e+00 1.169749255465821343e-11
1.045245815287449753e+00 1.126214805958943306e-11
1.043895237101266193e+00 1.082993175242569976e-11
1.042564196925090503e+00 1.040232490717149804e-11
1.041252751776254426e+00 9.980716489458238118e-12
1.039960957832702704e+00 9.566397134037445053e-12
1.038688870430588329e+00 9.160554818239057173e-12
1.037436544061902222e+00 8.764271446067385664e-12
1.036204032372137984e+00 8.378519607125599862e-12
1.034991388157993963e+00 8.004158967840009344e-12
1.033798663365112391e+00 7.641932061514726827e-12
1.032625909085853833e+00 7.292459616779460083e-12
1.031473175557108268e+00 6.956235935361921416e-12
1.030340512158143484e+00 6.633625131817303824e-12
1.029227967408489652e+00 6.324859224335946966e-12
1.028135588965861213e+00 6.030039080057757781e-12
1.027063423624114513e+00 5.749139064227358037e-12
1.026011517311244958e+00 5.482015939466893505e-12
1.024979915087417259e+00 5.228422154641381987e-12
1.023968661143037862e+00 4.988023213119460759e-12
1.022977798796859794e+00 4.760418385165810517e-12
1.022007370494128153e+00 4.545163687710648429e-12
1.021057417804761336e+00 4.341795844400788549e-12
1.020127981421571350e+00 4.149855883871322129e-12
1.019219101158518992e+00 3.968911135648762265e-12
1.018330815949010093e+00 3.798574621073987842e-12
1.017463163844226415e+00 3.638521177243353405e-12
1.016616182011496283e+00 3.488500051058458330e-12
1.015789906732702530e+00 3.348344112615044142e-12
1.014984373402727957e+00 3.217976224409933687e-12
1.014199616527939662e+00 3.097413661114916276e-12
1.013435669724709998e+00 2.986771793157940055e-12
1.012692565717977500e+00 2.886268279696007526e-12
1.011970336339844678e+00 2.796228648004653479e-12
1.011269012528213995e+00 2.717095688809959386e-12
1.010588624325463813e+00 2.649452205805160246e-12
1.009929200877159872e+00 2.594067360868778995e-12
1.009290770430808282e+00 2.551932292499164300e-12
1.008673360334644276e+00 2.524169448626722484e-12
1.008076997036461364e+00 2.511778156924141670e-12
1.007501706082478687e+00 2.515680904176786055e-12
1.006947512116245669e+00 2.538167387829607225e-12
1.006414438877587525e+00 2.586328791198341537e-12
1.005902509201587636e+00 2.675350601166009471e-12
1.005411745017609437e+00 2.826094142336734757e-12
1.004942167348357174e+00 3.051747740662143565e-12
1.004493796308975506e+00 3.335831010759276063e-12
1.004066651106187091e+00 3.615150172548840590e-12
1.003660750037470795e+00 3.786517337526730276e-12
1.003276110490277873e+00 3.746925126445522033e-12
1.002912748941285903e+00 3.456036922640624949e-12
1.002570680955694460e+00 2.990986094647339027e-12
1.002249921186557646e+00 2.560993111627439721e-12
1.001950483374156375e+00 2.466707074612500240e-12
1.001672380345409952e+00 3.016313420554227786e-12
1.001415624013326067e+00 4.431334353915482803e-12
1.001180225376492094e+00 6.778818883463097847e-12
1.000966194518601915e+00 9.953244320407156974e-12
1.000773540608024925e+00 1.370962475989535024e-11
1.000602271897413686e+00 1.773005843531541114e-11
1.000452395723349763e+00 2.169687415761507338e-11
1.000323918506029530e+00 2.534844805453413477e-11
1.000216845748989503e+00 2.850518507448347783e-11
1.000131182038869859e+00 3.106675653268287615e-11
1.000066931045219043e+00 3.299135342732331359e-11
1.000024095520335887e+00 3.427027946480121419e-11
1.000002677299151710e+00 3.490749590622087410e-11
