1.000000000000000000e+00 7.497693402974554599e-15
9.999996931116168497e-01 2.493750540364633178e-06
9.999972380328054911e-01 2.244358352768158687e-05
9.999923280258691261e-01 6.234237516463248094e-05
9.999849633921715775e-01 1.221885409566645438e-04
9.999751445837350428e-01 2.019800033440528051e-04
9.999628722032130046e-01 3.017142510216032076e-04
9.999481470038528164e-01 4.213879532898302761e-04
9.999309698894494058e-01 5.609957980373728430e-04
9.999113419142899861e-01 7.205282170862375600e-04
9.998892642830897737e-01 8.999677010733856493e-04
9.998647383509170483e-01 1.099283488118561573e-03
9.998377656231107746e-01 1.318424532594018482e-03
9.998083477551881204e-01 1.557310814573537212e-03
9.997764865527424272e-01 1.815823225299539705e-03
9.997421839713327429e-01 2.093792444211295921e-03
9.997054421163638072e-01 2.390987391336316017e-03
9.996662632429567097e-01 2.707103976818263195e-03
9.996246497558102240e-01 3.041754959509620874e-03
9.995806042090540355e-01 3.394461754129245688e-03
9.995341293060908683e-01 3.764648981435879827e-03
9.994852278994313943e-01 4.151642434613275583e-03
9.994339029905188188e-01 4.554670941681419720e-03
9.993801577295448046e-01 4.972872350416714451e-03
9.993239954152558502e-01 5.405303568759940377e-03
9.992654194947511170e-01 5.850954285854145266e-03
9.992044335632708218e-01 6.308763706133499113e-03
9.991410413639751908e-01 6.777639381143211843e-03
9.990752467877153098e-01 7.256477047774462230e-03
9.990070538727939820e-01 7.744180297608350104e-03
9.989364668047178153e-01 8.239678921027868835e-03
9.988634899159403169e-01 8.741944891566964110e-03
9.987881276855962165e-01 9.250005169080217221e-03
9.987103847392264644e-01 9.762950782843509909e-03
9.986302658484941253e-01 1.027994197793763616e-02
9.985477759308917234e-01 1.080020953629948731e-02
9.984629200494392620e-01 1.132305268369622128e-02
9.983757034123736940e-01 1.184783423582315594e-02
9.982861313728289554e-01 1.237397379873820223e-02
9.981942094285076728e-01 1.290093990916931985e-02
9.980999432213436551e-01 1.342824197837638386e-02
9.980033385371553933e-01 1.395542279944734891e-02
9.979044013052911222e-01 1.448205221116141000e-02
9.978031375982652218e-01 1.500772230658380113e-02
9.976995536313846280e-01 1.553204435821220128e-02
9.975936557623683587e-01 1.605464742911201503e-02
9.974854504909567154e-01 1.657517847177853929e-02
9.973749444585121582e-01 1.709330359737164240e-02
9.972621444476122976e-01 1.760871013359153331e-02
9.971470573816332283e-01 1.812110907828045139e-02
9.970296903243244246e-01 1.863023758994284546e-02
9.969100504793757533e-01 1.913586122347324739e-02
9.967881451899744949e-01 1.963777570511357137e-02
9.966639819383557031e-01 2.013580813092642752e-02
9.965375683453417954e-01 2.062981755590432079e-02
9.964089121698757046e-01 2.111969500768988081e-02
9.962780213085442593e-01 2.160536300516174499e-02
9.961449037950936836e-01 2.208677468703571303e-02
9.960095677999363240e-01 2.256391266142813296e-02
9.958720216296491623e-01 2.303678767838076777e-02
9.957322737264642232e-01 2.350543720894267621e-02
9.955903326677502108e-01 2.396992399176681166e-02
9.954462071654861521e-01 2.443033458568659444e-02
9.952999060657266028e-01 2.488677794749429364e-02
9.951514383480586368e-01 2.533938403984671572e-02
9.950008131250509535e-01 2.578830246530983833e-02
9.948480396416941041e-01 2.623370111849333136e-02
9.946931272748338326e-01 2.667576484791044089e-02
9.945360855325946492e-01 2.711469412129784498e-02
9.943769240537970733e-01 2.755070369138714823e-02
9.942156526073651079e-01 2.798402126252916289e-02
9.940522810917277186e-01 2.841488616147254745e-02
9.938868195342103196e-01 2.884354801765375703e-02
9.937192780904200440e-01 2.927026545950497938e-02
9.935496670436220201e-01 2.969530483364771906e-02
9.933779968041080988e-01 3.011893895361700269e-02
9.932042779085585860e-01 3.054144588418527401e-02
9.930285210193946499e-01 3.096310776661340830e-02
9.928507369241243996e-01 3.138420968939340666e-02
9.926709365346806369e-01 3.180503860833995555e-02
9.924891308867512807e-01 3.222588231927100977e-02
9.923053311391017983e-01 3.264702848598589197e-02
9.921195485728903085e-01 3.306876372578874262e-02
9.919317945909754686e-01 3.349137275438401895e-02
9.917420807172161457e-01 3.391513759157466917e-02
9.915504185957644268e-01 3.434033682880240079e-02
9.913568199903510791e-01 3.476724495917799668e-02
9.911612967835630172e-01 3.519613177025809891e-02
9.909638609761143302e-01 3.562726179943252053e-02
9.907645246861097599e-01 3.606089385140282683e-02
9.905633001483006295e-01 3.649728057686087851e-02
9.903601997133342216e-01 3.693666811112198550e-02
9.901552358469956072e-01 3.737929577113548868e-02
9.899484211294422575e-01 3.782539580899016429e-02
9.897397682544325503e-01 3.827519321975364486e-02
9.895292900285459492e-01 3.872890560123879583e-02
9.893169993703972986e-01 3.918674306307334126e-02
9.891029093098441249e-01 3.964890818226755181e-02
9.888870329871864984e-01 4.011559600232431771e-02
9.886693836523605672e-01 4.058699407281983473e-02
9.884499746641258744e-01 4.106328252629998232e-02
9.882288194892443478e-01 4.154463418928597274e-02
9.880059317016549603e-01 4.203121472416342791e-02
9.877813249816397301e-01 4.252318279873825574e-02
9.875550131149843924e-01 4.302069028028123604e-02
9.873270099921322984e-01 4.352388245094594016e-02
9.870973296073315417e-01 4.403289824153251014e-02
9.868659860577765341e-01 4.454787048067762600e-02
9.866329935427424758e-01 4.506892615667777713e-02
9.863983663627136078e-01 4.559618668929490970e-02
9.861621189185059144e-01 4.612976820904951536e-02
9.859242657103830521e-01 4.666978184167096949e-02
9.856848213371662837e-01 4.721633399554901744e-02
9.854438004953385288e-01 4.776952665020773453e-02
9.852012179781423074e-01 4.832945764400537608e-02
9.849570886746719101e-01 4.889622095944450020e-02
9.847114275689591301e-01 4.946990700465701135e-02
9.844642497390542202e-01 5.005060288980566624e-02
9.842155703560998559e-01 5.063839269731549436e-02
9.839654046834001022e-01 5.123335774501419637e-02
9.837137680754839408e-01 5.183557684141790189e-02
9.834606759771624684e-01 5.244512653254923551e-02
9.832061439225809885e-01 5.306208133981449304e-02
9.829501875342658845e-01 5.368651398859713986e-02
9.826928225221650548e-01 5.431849562734573228e-02
9.824340646826846823e-01 5.495809603704425450e-02
9.821739298977185673e-01 5.560538383105295690e-02
9.819124341336744610e-01 5.626042664539715465e-02
9.816495934404929624e-01 5.692329131966129135e-02
9.813854239506634158e-01 5.759404406871531518e-02
9.811199418782331483e-01 5.827275064556128314e-02
9.808531635178124874e-01 5.895947649564024784e-02
9.805851052435743398e-01 5.965428690298273107e-02
9.803157835082498828e-01 6.035724712862297614e-02
9.800452148421180398e-01 6.106842254172614032e-02
9.797734158519911807e-01 6.178787874390000157e-02
9.795004032201958255e-01 6.251568168718159291e-02
9.792261937035487973e-01 6.325189778619935699e-02
9.789508041323283782e-01 6.399659402502165528e-02
9.786742514092420242e-01 6.474983805920508928e-02
9.783965525083880843e-01 6.551169831355856121e-02
9.781177244742145227e-01 6.628224407613721170e-02
9.778377844204726443e-01 6.706154558897726992e-02
9.775567495291667131e-01 6.784967413607975728e-02
9.772746370494990176e-01 6.864670212914397718e-02
9.769914642968119400e-01 6.945270319154800420e-02
9.767072486515242513e-01 7.026775224106801554e-02
9.764220075580651859e-01 7.109192557182267280e-02
9.761357585238029655e-01 7.192530093592672258e-02
9.758485191179711027e-01 7.276795762533563861e-02
9.755603069705891528e-01 7.361997655436280930e-02
9.752711397713812458e-01 7.448144034335241193e-02
9.749810352686901771e-01 7.535243340399777612e-02
9.746900112683880568e-01 7.623304202679923036e-02
9.743980856327832951e-01 7.712335447116941411e-02
9.741052762795244790e-01 7.802346105870541781e-02
9.738116011805003636e-01 7.893345427016588978e-02
9.735170783607370870e-01 7.985342884671103869e-02
9.732217258972917229e-01 8.078348189599068863e-02
9.729255619181428338e-01 8.172371300369225822e-02
9.726286046010774733e-01 8.267422435119466118e-02
9.723308721725759662e-01 8.363512084001076263e-02
9.720323829066929155e-01 8.460651022374181263e-02
9.717331551239356546e-01 8.558850324831041023e-02
9.714332071901399246e-01 8.658121380128912248e-02
9.711325575153422207e-01 8.758475907118702664e-02
9.708312245526504736e-01 8.859925971761484220e-02
9.705292267971107334e-01 8.962484005329762748e-02
9.702265827845726331e-01 9.066162823896221912e-02
9.699233110905510769e-01 9.170975649217742720e-02
9.696194303290867067e-01 9.276936131127720697e-02
9.693149591516030394e-01 9.384058371554329647e-02
9.690099162457619375e-01 9.492356950286573447e-02
9.687043203343163045e-01 9.601846952613041219e-02
9.683981901739613374e-01 9.712543998960661285e-02
9.680915445541830033e-01 9.824464276661316886e-02
9.677844022961046289e-01 9.937624573973205533e-02
9.674767822513321569e-01 1.005204231648076790e-01
9.671687033007967393e-01 1.016773560599126963e-01
9.668601843535962193e-01 1.028472326203749981e-01
9.665512443458339487e-01 1.040302486608381538e-01
9.662419022394571622e-01 1.052266080851678304e-01
9.659321770210927971e-01 1.064365233848087178e-01
9.656220877008822034e-01 1.076602161659390156e-01
9.653116533113144104e-01 1.088979177054549413e-01
9.650008929060579499e-01 1.101498695354415219e-01
9.646898255587912363e-01 1.114163240553373707e-01
9.643784703620321697e-01 1.126975451704845255e-01
9.640668464259658510e-01 1.139938089551546241e-01
9.637549728772722979e-01 1.153054043374585891e-01
9.634428688579518285e-01 1.166326338027783432e-01
9.631305535241505567e-01 1.179758141114983505e-01
9.628180460449844436e-01 1.193352770258601786e-01
9.625053656013629055e-01 1.207113700397189071e-01
9.621925313848115335e-01 1.221044571038444049e-01
9.618795625962940354e-01 1.235149193381841204e-01
9.615664784450339564e-01 1.249431557212034860e-01
9.612532981473350668e-01 1.263895837450368653e-01
9.609400409254029718e-01 1.278546400237469405e-01
9.606267260061642776e-01 1.293387808405013772e-01
9.603133726200868692e-01 1.308424826179618583e-01
9.599999999999999645e-01 1.323662422946547679e-01
9.596866273799131708e-01 1.339105775885890970e-01
9.593732739938358733e-01 1.354760271279250583e-01
9.590599590745970682e-01 1.370631504271125900e-01
9.587467018526649731e-01 1.386725276856510813e-01
9.584335215549661946e-01 1.403047593855018815e-01
9.581204374037060045e-01 1.419604656622580063e-01
9.578074686151885064e-01 1.436402854244894778e-01
9.574946343986371344e-01 1.453448751952706730e-01
9.571819539550155964e-01 1.470749076498139296e-01
9.568694464758494833e-01 1.488310698234225349e-01
9.565571311420482115e-01 1.506140609646758055e-01
9.562450271227277421e-01 1.524245900099127915e-01
9.559331535740341890e-01 1.542633726567261832e-01
9.556215296379679813e-01 1.561311280163348025e-01
9.553101744412088037e-01 1.580285748274078972e-01
9.549991070939420901e-01 1.599564272171624668e-01
9.546883466886856295e-01 1.619153899993680812e-01
9.543779122991178365e-01 1.639061535032433625e-01
9.540678229789072429e-01 1.659293879321094844e-01
9.537580977605428778e-01 1.679857372560302486e-01
9.534487556541660913e-01 1.700758126484716304e-01
9.531398156464038207e-01 1.722001854831968770e-01
9.528312966992033006e-01 1.743593799140806533e-01
9.525232177486678831e-01 1.765538650672158760e-01
9.522155977038954111e-01 1.787840468814627382e-01
9.519084554458170366e-01 1.810502596403750775e-01
9.516018098260387026e-01 1.833527572450781296e-01
9.512956796656837355e-01 1.856917042840803833e-01
9.509900837542381025e-01 1.880671669620158915e-01
9.506850408483970005e-01 1.904791039548364151e-01
9.503805696709134443e-01 1.929273572638790513e-01
9.500766889094489631e-01 1.954116431454043235e-01
9.497734172154274068e-01 1.979315431955524784e-01
9.494707732028893066e-01 2.004864956731018943e-01
9.491687754473495664e-01 2.030757871438789997e-01
9.488674424846578193e-01 2.056985445311116656e-01
9.485667928098601154e-01 2.083537276554136564e-01
9.482668448760643853e-01 2.110401223464251352e-01
9.479676170933071244e-01 2.137563342054487059e-01
9.476691278274240737e-01 2.165007830947215661e-01
9.473713953989225667e-01 2.192716984243294476e-01
9.470744380818572061e-01 2.220671153022674427e-01
9.467782741027083171e-01 2.248848716068595210e-01
9.464829216392629530e-01 2.277226060337818048e-01
9.461883988194996764e-01 2.305777571623898459e-01
9.458947237204755609e-01 2.334475635780483282e-01
9.456019143672167448e-01 2.363290650788099634e-01
9.453099887316119831e-01 2.392191049862229246e-01
9.450189647313098629e-01 2.421143335713556444e-01
9.447288602286187942e-01 2.450112125984408307e-01
9.444396930294109982e-01 2.479060209799440195e-01
9.441514808820289373e-01 2.507948615284619764e-01
9.438642414761970745e-01 2.536736687827284564e-01
9.435779924419348541e-01 2.565382178772143140e-01
9.432927513484757887e-01 2.593841344174482311e-01
9.430085357031880999e-01 2.622069053162614516e-01
9.427253629505010224e-01 2.650018905397608093e-01
9.424432504708333269e-01 2.677643357059610318e-01
9.421622155795273956e-01 2.704893854736987735e-01
9.418822755257855173e-01 2.731720976547259427e-01
9.416034474916119557e-01 2.758074579777285984e-01
9.413257485907580158e-01 2.783903954294764671e-01
9.410491958676716617e-01 2.809157980953386202e-01
9.407738062964513537e-01 2.833785294190203641e-01
9.404995967798042145e-01 2.857734447995773364e-01
9.402265841480088593e-01 2.880954084424998118e-01
9.399547851578820001e-01 2.903393103809642772e-01
9.396842164917500462e-01 2.925000835831568224e-01
9.394148947564257002e-01 2.945727210618940273e-01
9.391468364821875525e-01 2.965522929035613875e-01
9.388800581217668917e-01 2.984339631346416000e-01
9.386145760493366241e-01 3.002130063457884579e-01
9.383504065595070776e-01 3.018848239954852741e-01
9.380875658663255789e-01 3.034449603177948318e-01
9.378260701022814727e-01 3.048891177615101755e-01
9.375659353173154686e-01 3.062131718911597078e-01
9.373071774778349852e-01 3.074131856837419852e-01
9.370498124657342665e-01 3.084854231587553230e-01
9.367938560774190515e-01 3.094263622830193960e-01
9.365393240228375715e-01 3.102327070959319255e-01
9.362862319245160991e-01 3.109013990051203713e-01
9.360345953165999378e-01 3.114296272069408955e-01
9.357844296439001841e-01 3.118148381908969480e-01
9.355357502609458198e-01 3.120547442917845360e-01
9.352885724310409099e-01 3.121473312581941606e-01
9.350429113253281299e-01 3.120908648109059214e-01
9.347987820218577326e-01 3.118838961696599466e-01
9.345561995046615111e-01 3.115252665317675418e-01
9.343151786628337563e-01 3.110141104910507659e-01
9.340757342896169879e-01 3.103498583905920927e-01
9.338378810814941255e-01 3.095322376077854210e-01
9.336016336372864322e-01 3.085612727751538276e-01
9.333670064572575642e-01 3.074372849453356760e-01
9.331340139422235058e-01 3.061608897135179030e-01
9.329026703926684982e-01 3.047329943154155063e-01
9.326729900078678526e-01 3.031547937236157009e-01
9.324449868850156475e-01 3.014277657697396751e-01
9.322186750183603099e-01 2.995536653243745517e-01
9.319940682983450797e-01 2.975345175710935042e-01
9.317711805107556922e-01 2.953726104150996012e-01
9.315500253358741656e-01 2.930704860710324766e-01
9.313306163476394728e-01 2.906309318783109608e-01
9.311129670128135416e-01 2.880569703959575123e-01
9.308970906901559150e-01 2.853518488321767355e-01
9.306830006296027413e-01 2.825190278670041133e-01
9.304707099714540908e-01 2.795621699290617435e-01
9.302602317455674896e-01 2.764851269898451758e-01
9.300515788705577824e-01 2.732919279409873892e-01
9.298447641530044327e-01 2.699867656215674261e-01
9.296398002866658183e-01 2.665739835637406241e-01
9.294366998516994105e-01 2.630580625257415983e-01
9.292354753138902801e-01 2.594436068816138863e-01
9.290361390238857098e-01 2.557353309368671779e-01
9.288387032164370227e-01 2.519380452386056901e-01
9.286431800096489608e-01 2.480566429475337120e-01
9.284495814042356132e-01 2.440960863375926104e-01
9.282579192827838943e-01 2.400613934868607302e-01
9.280682054090245714e-01 2.359576252206996849e-01
9.278804514271097315e-01 2.317898723650386739e-01
9.276946688608982416e-01 2.275632433641079644e-01
9.275108691132487593e-01 2.232828523129345155e-01
9.273290634653194031e-01 2.189538074504762954e-01
9.271492630758756404e-01 2.145812001544823433e-01
9.269714789806053901e-01 2.101700944739838262e-01
9.267957220914414540e-01 2.057255172298546320e-01
9.266220031958919412e-01 2.012524487080935842e-01
9.264503329563780198e-01 1.967558139644501047e-01
9.262807219095799960e-01 1.922404747527227675e-01
9.261131804657897204e-01 1.877112220825790379e-01
9.259477189082723214e-01 1.831727694060352185e-01
9.257843473926349320e-01 1.786297464248745304e-01
9.256230759462029667e-01 1.740866935042527097e-01
9.254639144674053908e-01 1.695480566706329961e-01
9.253068727251662073e-01 1.650181831650267550e-01
9.251519603583059359e-01 1.605013175154395566e-01
9.249991868749491974e-01 1.560015980855484763e-01
9.248485616519414032e-01 1.515230540501688594e-01
9.247000939342734371e-01 1.470696027422624952e-01
9.245537928345137768e-01 1.426450473113654305e-01
9.244096673322498292e-01 1.382530746297355173e-01
9.242677262735358168e-01 1.338972533805600773e-01
9.241279783703508777e-01 1.295810322626240740e-01
9.239904322000637160e-01 1.253077382481775637e-01
9.238550962049063564e-01 1.210805748357153544e-01
9.237219786914557806e-01 1.169026202470175441e-01
9.235910878301243354e-01 1.127768255283084636e-01
9.234624316546583556e-01 1.087060125284482204e-01
9.233360180616443369e-01 1.046928717425748556e-01
9.232118548100255451e-01 1.007399600269483914e-01
9.230899495206242866e-01 9.684969820937958107e-02
9.229703096756756153e-01 9.302436863873571327e-02
9.228529426183668116e-01 8.926611273574629191e-02
9.227378555523877424e-01 8.557692862477599138e-02
9.226250555414878818e-01 8.195866894143508108e-02
9.225145495090433245e-01 7.841303892302861622e-02
9.224063442376316813e-01 7.494159489712337585e-02
9.223004463686154120e-01 7.154574328737332845e-02
9.221968624017348182e-01 6.822674025475462811e-02
9.220955986947089178e-01 6.498569208641591377e-02
9.219966614628446466e-01 6.182355643344499690e-02
9.219000567786563849e-01 5.874114448333474237e-02
9.218057905714923672e-01 5.573912413331050253e-02
9.217138686271710846e-01 5.281802420761128047e-02
9.216242965876263460e-01 4.997823973621140503e-02
9.215370799505607780e-01 4.722003828519402008e-02
9.214522240691083166e-01 4.454356730111305035e-02
9.213697341515059147e-01 4.194886240415050122e-02
9.212896152607735756e-01 3.943585653870749358e-02
9.212118723144038235e-01 3.700438986610692094e-02
9.211365100840597231e-01 3.465422026316632848e-02
9.210635331952822247e-01 3.238503427312397487e-02
9.209929461272060580e-01 3.019645834230469048e-02
9.209247532122847302e-01 2.808807016734417294e-02
9.208589586360248491e-01 2.605940997389936953e-02
9.207955664367292181e-01 2.410999154866210262e-02
9.207345805052489229e-01 2.223931285197095972e-02
9.206760045847441898e-01 2.044686604822857148e-02
9.206198422704552353e-01 1.873214680524062231e-02
9.205660970094812212e-01 1.709466273111888077e-02
9.205147721005686456e-01 1.553394083794915059e-02
9.204658706939091717e-01 1.404953394445351833e-02
9.204193957909460044e-01 1.264102595473476018e-02
9.203753502441898160e-01 1.130803597621028722e-02
9.203337367570433303e-01 1.005022126637248464e-02
9.202945578836362328e-01 8.867279024369468729e-03
9.202578160286672970e-01 7.758947068969540561e-03
9.202235134472576128e-01 6.725003468612115488e-03
9.201916522448119196e-01 5.765265211424722668e-03
9.201622343768891543e-01 4.879586022774684041e-03
9.201352616490829917e-01 4.067853454684066186e-03
9.201107357169102663e-01 3.329985384894946360e-03
9.200886580857099428e-01 2.665926073252227520e-03
9.200690301105506341e-01 2.075641929148208057e-03
9.200518529961472236e-01 1.559117145943859700e-03
9.200371277967869243e-01 1.116349356529309101e-03
9.200248554162649972e-01 7.473454585581695798e-04
9.200150366078284625e-01 4.521177485691923450e-04
9.200076719741309139e-01 2.306804914238760732e-04
9.200000000000000400e-01 7.912281009019022151e-15
