9.999504353209791585e-01 3.665319844962280426e-08 3.470202865720424552e-08 7.135522710682704978e-08
9.995540009268888415e-01 2.879851228987181170e-06 2.811464421916837462e-06 5.691315650904018632e-06
9.987615749053966319e-01 2.090060962265265817e-05 2.168165537783007418e-05 4.258226500048273235e-05
9.975740422953658371e-01 7.317936138191283703e-05 8.303304172092863518e-05 1.562124031028414722e-04
9.959927294193577918e-01 1.764340860723345608e-04 2.250537435172409546e-04 4.014878295895754883e-04
9.940194024023003561e-01 3.358703289608112224e-04 4.942166559007686068e-04 8.300869848615798291e-04
9.916562651989504484e-01 5.396972253265283842e-04 9.384996478680316572e-04 1.478196873194560041e-03
9.889059571323575160e-01 7.598467942068159835e-04 1.597309106368608681e-03 2.357155900575424665e-03
9.857715499460757425e-01 9.591340238565809317e-04 2.489668072011551672e-03 3.448802095868132821e-03
9.822565443734199153e-01 1.102469973889499662e-03 3.603831294444831412e-03 4.706301268334330858e-03
9.783648662275896690e-01 1.167906905826178628e-03 4.892227940889786950e-03 6.060134846715965577e-03
9.741008620170388266e-01 1.153190323169892006e-03 6.274792613207096602e-03 7.427982936376988608e-03
9.694692940909783729e-01 1.075323726655779159e-03 7.651273847576310454e-03 8.726597574232089830e-03
9.644753353204398305e-01 9.636443164250024567e-04 8.919856787137497856e-03 9.883501103562499987e-03
9.591245633208371757e-01 8.496172566984628270e-04 9.996861324059006307e-03 1.084647858075746957e-02
9.534229542224819109e-01 7.576411630603257456e-04 1.083168348312726556e-02 1.158932464618759109e-02
9.473768759960070618e-01 7.001637178481234574e-04 1.141290522840626362e-02 1.211306894625438675e-02
9.409930813401550243e-01 6.780268997618095223e-04 1.176477393514921768e-02 1.244280083491102785e-02
9.342787001398751290e-01 6.845745996615923770e-04 1.193648461873489733e-02 1.262105921839648884e-02
9.272412315031495211e-01 7.108558606111922652e-04 1.198849812261954841e-02 1.269935398323073991e-02
9.198885353854457936e-01 7.495853465502538664e-04 1.198001392826455146e-02 1.272959927481480576e-02
9.122288238111491143e-01 7.968226879554966965e-04 1.196020666899208149e-02 1.275702935694757872e-02
9.042706517017775614e-01 8.516715741772641363e-04 1.196395062584921717e-02 1.281562220002648196e-02
8.960229073212242490e-01 9.150035635869859527e-04 1.201135046471473421e-02 1.292635402830171962e-02
8.874948023487008175e-01 9.881713352584732546e-04 1.210978341054546291e-02 1.309795474580393616e-02
8.786958615904649772e-01 1.072216595013150914e-03 1.225717261484557570e-02 1.332938920985872640e-02
8.696359123418260229e-01 1.167610644751088372e-03 1.244551309423542335e-02 1.361312373898651215e-02
8.603250734113088161e-01 1.274321982427941650e-03 1.266400700293348301e-02 1.393832898536142423e-02
8.507737438192348733e-01 1.391988273748437366e-03 1.290144373248458022e-02 1.429343200623301759e-02
8.409925911833411316e-01 1.520063380822206552e-03 1.314768776681014828e-02 1.466775114763235396e-02
8.309925398044109013e-01 1.657904479448085808e-03 1.339432638197077599e-02 1.505223086141886137e-02
8.207847584652230299e-01 1.804813735200170872e-03 1.363466753086669744e-02 1.543948126606686788e-02
8.103806479564443777e-01 1.960059290315614971e-03 1.386334457016581180e-02 1.582340386048142547e-02
7.997918283433997910e-01 2.122893670014213644e-03 1.407577571526253887e-02 1.619866938527675382e-02
7.890301259879410889e-01 2.292579600766644649e-03 1.426766376084325806e-02 1.656024336160990401e-02
7.781075603399070229e-01 2.468428118100335876e-03 1.443463943829952773e-02 1.690306755639986447e-02
7.670363305129306308e-01 2.649850559801482982e-03 1.457207904046408341e-02 1.722192960026556682e-02
7.558288016595842151e-01 2.836422949699326894e-03 1.467507895538759655e-02 1.751150190508692431e-02
7.444974911610793278e-01 3.027958020808992848e-03 1.473854798520789211e-02 1.776650600601688626e-02
7.330550546469485340e-01 3.224577194277885618e-03 1.475737584935423070e-02 1.798195304363211719e-02
7.215142718603192451e-01 3.426772784636239466e-03 1.472664380046773136e-02 1.815341658510397083e-02
7.098880323845699891e-01 3.635449853315919459e-03 1.464185320116946111e-02 1.827730305448537970e-02
6.981893212473089250e-01 3.851937581530524412e-03 1.449915580557223187e-02 1.835109338710275498e-02
6.864312044177525163e-01 4.077961785011266667e-03 1.429557392018122874e-02 1.837353570519249454e-02
6.746268142137038515e-01 4.315573194525730225e-03 1.402920009053677114e-02 1.834477328506250310e-02
6.627893346344273517e-01 4.567030232248812764e-03 1.369936582568660917e-02 1.826639605793542107e-02
6.509319866358018736e-01 4.834639926406756813e-03 1.330676853122561738e-02 1.814140845763237420e-02
6.390680133641981620e-01 5.120565842650123822e-03 1.285354629677854139e-02 1.797411213942866348e-02
6.272106653655726838e-01 5.426616822057063472e-03 1.234329200060108045e-02 1.776990882265814392e-02
6.153731857862960730e-01 5.754034167896333006e-03 1.178100142481697601e-02 1.753503559271330989e-02
6.035687955822475192e-01 6.103297016997029367e-03 1.117295444908837990e-02 1.727625146608540926e-02
5.918106787526911106e-01 6.473965448260452123e-03 1.052653341195527135e-02 1.700049886021572434e-02
5.801119676154298244e-01 6.864578214634311712e-03 9.849987782896684266e-03 1.671456599753099598e-02
5.684857281396806794e-01 7.272617030229640289e-03 9.152158739316766309e-03 1.642477576954640833e-02
5.569449453530513905e-01 7.694542711071063537e-03 8.442180529649269405e-03 1.613672324072033121e-02
5.455025088389205967e-01 8.125901114070223363e-03 7.729177229810263970e-03 1.585507834388048820e-02
5.341711983404158204e-01 8.561489907246882039e-03 7.021973521569434273e-03 1.558346342881631631e-02
5.229636694870694047e-01 8.995571911590116709e-03 6.328836629253154801e-03 1.532440854084327064e-02
5.118924396600930127e-01 9.422118060344765803e-03 5.657264126981845567e-03 1.507938218732661137e-02
5.009698740120589466e-01 9.835063498559603115e-03 5.013829912500873502e-03 1.484889341106047575e-02
4.902081716566000225e-01 1.022856394816025818e-02 4.404099300598542446e-03 1.463266324875880063e-02
4.796193520435556579e-01 1.059724528714496919e-02 3.832624539532159588e-03 1.442986982667712921e-02
4.692152415347770056e-01 1.093644531526774891e-02 3.303033345330690616e-03 1.423947866059844039e-02
4.590074601955890232e-01 1.124244962407970616e-02 2.818222160546088578e-03 1.406067178462579517e-02
4.490074088166589039e-01 1.151271910368416654e-02 2.380656981041050571e-03 1.389337608472521711e-02
4.392262561807649401e-01 1.174609084238708440e-02 1.992760751305249455e-03 1.373885159369233472e-02
4.296749265886910529e-01 1.194290550038528027e-02 1.657323293394854027e-03 1.360022879378013430e-02
4.203640876581740682e-01 1.210497694348520309e-02 1.377812066462946652e-03 1.348278900994815017e-02
4.113041384095350028e-01 1.223528681431158144e-02 1.158408318366292841e-03 1.339369513267787450e-02
4.025051976512991070e-01 1.233727902586312895e-02 1.003575921596551500e-03 1.334085494745968110e-02
3.939770926787756200e-01 1.241367127363189431e-02 9.170264219057827019e-04 1.333069769553767679e-02
3.857293482982223631e-01 1.246480921333662471e-02 9.000959698055595965e-04 1.336490518314218355e-02
3.777711761888507547e-01 1.248675929644502136e-02 9.497832578965661326e-04 1.343654255434158749e-02
3.701114646145541864e-01 1.246953287959092979e-02 1.056947772055709433e-03 1.352648065164663987e-02
3.627587684968505144e-01 1.239599259431031601e-02 1.205329545079852774e-03 1.360132213939016857e-02
3.557212998601247955e-01 1.224203570289724742e-02 1.372016685220736045e-03 1.361405238811798368e-02
3.490069186598447892e-01 1.197851886673672976e-02 1.529697590581342729e-03 1.350821645731807227e-02
3.426231240039929737e-01 1.157507117106682491e-02 1.650530987991422061e-03 1.322560215905824697e-02
3.365770457775181246e-01 1.100548604879384579e-02 1.710896963159969043e-03 1.271638301195381418e-02
3.308754366791628598e-01 1.025389211661191687e-02 1.695869993837133922e-03 1.194976211044905014e-02
3.255246646795602050e-01 9.320510705091872641e-03 1.602174536061288720e-03 1.092268524115316136e-02
3.205307059090216071e-01 8.225638789346690835e-03 1.438725212412991566e-03 9.664364001759682618e-03
3.158991379829612089e-01 7.010633049608290188e-03 1.224530394540548819e-03 8.235163444148839440e-03
3.116351337724102555e-01 5.735132055958934091e-03 9.845168600381207485e-04 6.719648915997055057e-03
3.077434556265800647e-01 4.470481569479600736e-03 7.444277331861879569e-04 5.214909302665788476e-03
3.042284500539240710e-01 3.290190274692170180e-03 5.261405433691564463e-04 3.816330818061326735e-03
3.010940428676425196e-01 2.259047841756904769e-03 3.444968038867297693e-04 2.603544645643634647e-03
2.983437348010494761e-01 1.423067514458696428e-03 2.061605241323821540e-04 1.629228038591078610e-03
2.959805975976994574e-01 8.024860857638442015e-04 1.103745322851272000e-04 9.128606180489714150e-04
2.940072705806420772e-01 3.895751894912275826e-04 5.100093836194991655e-05 4.405761278531775127e-04
2.924259577046341985e-01 1.520433170913327995e-04 1.905113834450871844e-05 1.710944554358415179e-04
2.912384250946031816e-01 4.154362941940279287e-05 5.023573252351681748e-06 4.656720267175447716e-05
2.904459990731110275e-01 5.561356814173421593e-06 6.558508219834203397e-07 6.217207636156842250e-06
2.900495646790207105e-01 6.978187992264014731e-08 8.123484899435568412e-09 7.790536482207570911e-08
