1.644667785531726434e+00 2.215589755696237284e-01 1.604465606614286610e+00 3.614169917943573229e-01
1.637055905587138760e+00 2.158779761960436250e-01 1.599057715935794599e+00 3.506657370259127493e-01
1.629409522551260370e+00 2.045159774488834459e-01 1.595451651963726292e+00 3.309220730427985258e-01
1.621730561360129386e+00 1.931539787017232390e-01 1.591572365039461312e+00 3.112995671248772189e-01
1.614020955151160841e+00 1.817919799545630599e-01 1.587423981416501650e+00 2.918025820496578104e-01
1.606282644776488411e+00 1.761109805809829565e-01 1.581437468726334616e+00 2.814239993650040073e-01
1.598517578314366583e+00 1.647489818338227774e-01 1.576872938304536786e+00 2.621644228777883501e-01
1.590727710578751397e+00 1.533869830866625705e-01 1.572051394988754236e+00 2.430412736903496684e-01
1.582915002627186984e+00 1.477059837130824949e-01 1.565679099317886402e+00 2.329567846218675575e-01
1.575081421267120252e+00 1.363439849659222880e-01 1.560463955275457115e+00 2.140881311678135834e-01
1.567228938560766061e+00 1.306629855923422123e-01 1.553869456299938223e+00 2.041966176028359725e-01
1.559359531328652571e+00 1.249819862187621089e-01 1.547196391213536248e+00 1.943848629943300821e-01
1.551475180651967323e+00 1.136199874716019159e-01 1.541471563783894272e+00 1.758995572043577371e-01
1.543577871373829069e+00 1.079389880980218125e-01 1.534594620370601126e+00 1.662888935695066295e-01
1.535669591599616135e+00 1.022579887244417229e-01 1.527647570339912164e+00 1.567609498513402866e-01
1.527752332196470109e+00 9.657698935086161951e-02 1.520633107514292703e+00 1.473164650104606954e-01
1.519828086292106306e+00 9.089598997728152996e-02 1.513553936498783115e+00 1.379561277775031014e-01
1.511898848773053805e+00 8.521499060370144041e-02 1.506412771508688797e+00 1.286805764550178754e-01
1.503966615782454941e+00 7.953399123012133698e-02 1.499212335193443435e+00 1.194903987438002274e-01
1.496033384217545059e+00 7.385299185654124743e-02 1.491955357457175779e+00 1.103861315937432475e-01
1.488101151226946195e+00 6.249099310938105445e-02 1.485196486744261968e+00 9.293240578756167825e-02
1.480171913707893916e+00 5.680999373580095796e-02 1.477784020828085465e+00 8.404333355398513339e-02
1.472247667803529891e+00 5.112899436222086147e-02 1.470323731148920565e+00 7.524175020060212826e-02
1.464330408400383865e+00 4.544799498864076498e-02 1.462818366635491918e+00 6.652797306327147553e-02
1.456422128626170931e+00 4.544799498864076498e-02 1.454918252811557844e+00 6.616868132093145505e-02
1.448524819348032899e+00 3.976699561506066849e-02 1.447379611609534322e+00 5.758829884868153781e-02
1.440640468671347429e+00 3.408599624148057200e-02 1.439803641932129175e+00 4.909615720784692161e-02
1.432771061439234161e+00 2.840499686790047898e-02 1.432193089044336842e+00 4.069238493072670909e-02
1.424918578732879970e+00 2.272399749432038249e-02 1.424550694791847594e+00 3.237705956685277969e-02
1.417084997372812794e+00 1.704299812074028600e-02 1.416879196418400655e+00 2.415020778074097874e-02
1.409272289421248825e+00 1.136199874716019124e-02 1.409181325385794104e+00 1.601180547424368300e-02
1.401482421685633639e+00 5.680999373580095622e-03 1.401459806197083546e+00 7.961777933441433266e-03
1.393717355223511811e+00 4.374369517656673811e-01 1.262485477714137660e+00 5.904053563545353933e-01
1.385979044848839381e+00 4.317559523920872500e-01 1.258790995848466432e+00 5.799854666549211224e-01
1.378269438639870614e+00 4.317559523920872500e-01 1.251788882134369230e+00 5.767592565823711492e-01
1.370590477448739630e+00 4.260749530185071743e-01 1.248052810054871786e+00 5.664648622706460745e-01
1.362944094412861240e+00 4.260749530185071743e-01 1.241090052038014813e+00 5.633046131776054954e-01
1.355332214468273566e+00 4.203939536449270986e-01 1.237321040625224411e+00 5.531383678624959277e-01
1.347756753865046564e+00 4.203939536449270986e-01 1.230405188779647441e+00 5.500466698499023588e-01
1.340219619684875019e+00 4.147129542713469674e-01 1.226611905398404367e+00 5.400109837060412810e-01
1.332722709360982360e+00 4.147129542713469674e-01 1.219750493043350925e+00 5.369902743690796454e-01
1.325267910200450761e+00 4.090319548977668918e-01 1.215941610202817547e+00 5.270873119175314425e-01
1.317857098909102742e+00 4.090319548977668918e-01 1.209142144415444653e+00 5.241398742163545510e-01
1.310492141119049769e+00 4.090319548977668918e-01 1.202384749502775074e+00 5.212106734305617106e-01
1.303174890919029494e+00 4.033509555241868161e-01 1.198596280933339697e+00 5.114995128586055095e-01
1.295907190387648455e+00 4.033509555241868161e-01 1.191911806816663422e+00 5.086469216160117712e-01
1.288690869129650363e+00 3.976699561506066849e-01 1.188128978637553290e+00 4.990728266493952292e-01
1.281527743815320308e+00 3.976699561506066849e-01 1.181524821684601712e+00 4.962987546947448814e-01
1.274419617723149711e+00 3.919889567770266092e-01 1.177756231153966882e+00 4.868630423595764478e-01
1.267368280285869897e+00 3.919889567770266092e-01 1.171239730239171939e+00 4.841692391964146913e-01
1.260375506639971777e+00 3.919889567770266092e-01 1.164777351113825743e+00 4.814978089983639742e-01
1.253443057178825093e+00 3.863079574034464780e-01 1.161072356858618759e+00 4.722610292291447576e-01
1.246572677109508476e+00 3.863079574034464780e-01 1.154708279660289660e+00 4.696724690674780600e-01
1.239766096013463992e+00 3.806269580298664024e-01 1.151038393945626348e+00 4.605763655329466189e-01
1.233025027411082108e+00 3.806269580298664024e-01 1.144779770804928098e+00 4.580720408166336632e-01
1.226351168330333863e+00 3.806269580298664024e-01 1.138583547128199758e+00 4.555926846143837916e-01
1.219746198879553045e+00 3.749459586562863267e-01 1.135007276683699162e+00 4.466981884406637793e-01
1.213211781824476976e+00 3.749459586562863267e-01 1.128926822476741920e+00 4.443051395722192320e-01
1.206749562169654899e+00 3.749459586562863267e-01 1.122913549929970278e+00 4.419385309976105458e-01
1.200361166744326580e+00 3.692649592827061955e-01 1.119448296484874650e+00 4.332463988597174409e-01
1.194048203792876794e+00 3.692649592827061955e-01 1.113560872084983222e+00 4.309678609157845952e-01
1.187812262569968524e+00 3.692649592827061955e-01 1.107745277601950962e+00 4.287171224270899805e-01
1.181654912940456104e+00 3.635839599091261198e-01 1.104408097616851547e+00 4.202274231825472994e-01
1.175577704984180905e+00 3.635839599091261198e-01 1.098728167203741002e+00 4.180662089298556872e-01
1.169582168605746597e+00 3.635839599091261198e-01 1.093124569356868747e+00 4.159340392284349153e-01
1.163669813149373899e+00 3.579029605355460442e-01 1.089932127919815086e+00 4.076461585287942113e-01
1.157842127018930967e+00 3.579029605355460442e-01 1.084473721872646124e+00 4.056046568611028080e-01
1.152100577303236228e+00 3.579029605355460442e-01 1.079095994076951115e+00 4.035933297138679654e-01
1.146446609406726269e+00 3.579029605355460442e-01 1.073800298346943904e+00 4.016126834279429292e-01
1.140881646685583117e+00 3.522219611619659130e-01 1.070841198489972612e+00 3.935861523994037547e-01
1.135407090089411319e+00 3.522219611619659130e-01 1.065702733195455165e+00 3.916975168226638493e-01
1.130024317808558054e+00 3.522219611619659130e-01 1.060650417438450122e+00 3.898405453853390767e-01
1.124734684927158890e+00 3.522219611619659130e-01 1.055685523112430246e+00 3.880157055700579893e-01
1.119539523082004218e+00 3.522219611619659130e-01 1.050809300102991228e+00 3.862234567704854182e-01
1.114440140127306078e+00 3.465409617883858373e-01 1.048190225890580196e+00 3.785156222329850162e-01
1.109437819805453307e+00 3.465409617883858373e-01 1.043485277567791858e+00 3.768166019616777662e-01
1.104533821423835382e+00 3.465409617883858373e-01 1.038872806259276471e+00 3.751509763869962932e-01
1.099729379537819796e+00 3.465409617883858373e-01 1.034353973130019755e+00 3.735191648212717319e-01
1.095025703639958436e+00 3.465409617883858373e-01 1.029929915772096249e+00 3.719215780643393421e-01
1.090423977855504045e+00 3.408599624148057616e-01 1.027689193714814486e+00 3.645262303374275370e-01
1.085925360644314441e+00 3.408599624148057616e-01 1.023449393060676949e+00 3.630223529401686577e-01
1.081530984509215143e+00 3.408599624148057616e-01 1.019307836236109210e+00 3.615533230951327726e-01
1.077241955710897869e+00 3.408599624148057616e-01 1.015265565855893559e+00 3.601195106227272347e-01
1.073059353989425979e+00 3.408599624148057616e-01 1.011323599539980966e+00 3.587212764775744023e-01
1.068984232292415459e+00 3.408599624148057616e-01 1.007482929657311344e+00 3.573589726576428260e-01
1.065017616509960519e+00 3.408599624148057616e-01 1.003744523075988271e+00 3.560329421156339103e-01
1.061160505216372396e+00 3.408599624148057616e-01 1.000109320919876810e+00 3.547435186726454748e-01
1.057413869418791785e+00 3.351789630412256304e-01 9.985703282152024185e-01 3.478237928138393498e-01
1.053778652312745256e+00 3.351789630412256304e-01 9.951374056446731231e-01 3.466280311181639817e-01
1.050255769044698528e+00 3.351789630412256304e-01 9.918105656977270757e-01 3.454692203106171644e-01
1.046846106481675198e+00 3.351789630412256304e-01 9.885906458885299619e-01 3.443476521156226822e-01
1.043550522987991114e+00 3.351789630412256304e-01 9.854784568146742751e-01 3.432636088819757680e-01
1.040369848209167225e+00 3.351789630412256304e-01 9.824747819531162163e-01 3.422173635117632950e-01
1.037304882863069544e+00 3.351789630412256304e-01 9.795803774629394667e-01 3.412091793916621763e-01
1.034356398538333055e+00 3.351789630412256304e-01 9.767959719949954600e-01 3.402393103266331265e-01
1.031525137500119094e+00 3.351789630412256304e-01 9.741222665084708909e-01 3.393080004760266055e-01
1.028811812503253043e+00 3.351789630412256304e-01 9.715599340944234275e-01 3.384154842921172079e-01
1.026217106612792529e+00 3.351789630412256304e-01 9.691096198063356981e-01 3.375619864610811538e-01
1.023741673032069643e+00 3.351789630412256304e-01 9.667719404977257458e-01 3.367477218464331457e-01
1.021386134938250478e+00 3.351789630412256304e-01 9.645474846668586899e-01 3.359728954349354146e-01
1.019151085325453510e+00 3.351789630412256304e-01 9.624368123085940141e-01 3.352377022849936106e-01
1.017037086855465677e+00 3.351789630412256304e-01 9.604404547734101127e-01 3.345423274775514155e-01
1.015044671716097247e+00 3.351789630412256304e-01 9.585589146336409572e-01 3.338869460694980362e-01
1.013174341487204533e+00 3.351789630412256304e-01 9.567926655569546357e-01 3.332717230495981786e-01
1.011426567014420241e+00 3.351789630412256304e-01 9.551421521871105158e-01 3.326968132969568837e-01
1.009801788290621394e+00 3.351789630412256304e-01 9.536077900320228951e-01 3.321623615420299380e-01
1.008300414345163043e+00 3.408599624148057616e-01 9.502904016092785788e-01 3.370725117506671031e-01
1.006922823140906864e+00 3.408599624148057616e-01 9.489920666288290674e-01 3.366119861763660626e-01
1.005669361479071267e+00 3.408599624148057616e-01 9.478107197116990568e-01 3.361929568228846921e-01
1.004540344911926564e+00 3.408599624148057616e-01 9.467466582556574028e-01 3.358155291786217855e-01
1.003536057663355852e+00 3.408599624148057616e-01 9.458001501324855287e-01 3.354797982589685090e-01
1.002656752557303577e+00 3.408599624148057616e-01 9.449714336205418119e-01 3.351858485823885347e-01
1.001902650954127338e+00 3.408599624148057616e-01 9.442607173447760127e-01 3.349337541491407833e-01
1.001273942694873131e+00 3.408599624148057616e-01 9.436681802242098405e-01 3.347235784226507138e-01
1.000770786053483352e+00 3.408599624148057616e-01 9.431939714268949837e-01 3.345553743135336600e-01
1.000393307696951561e+00 3.408599624148057616e-01 9.428382103323600383e-01 3.344291841662744846e-01
