3.448273184769813593e+00 3.879936219400063126e-09
3.448251766548629416e+00 3.792026269367433391e-09
3.448208931023746260e+00 3.533351402846703651e-09
3.448144680030095444e+00 3.004853323800755455e-09
3.448059016319975800e+00 2.207639535966151645e-09
3.447951943562935995e+00 1.314527419514154323e-09
3.447823466345615540e+00 5.852273882913091488e-10
3.447673590171551616e+00 1.736469325922710661e-10
3.447502321460940156e+00 3.321844860475508540e-11
3.447309667550363166e+00 1.580935680778607841e-11
3.447095636692472986e+00 1.768519336504372217e-11
3.446860238055639236e+00 1.407046114869885708e-11
3.446603481723555351e+00 1.060029816492447256e-11
3.446325378694808705e+00 9.610312664435918071e-12
3.446025940882407657e+00 9.553944771159134158e-12
3.445705181113270843e+00 9.578170428184967277e-12
3.445363113127679178e+00 9.591487344430741613e-12
3.444999751578687430e+00 9.597411776593937268e-12
3.444615112031494508e+00 9.597887815529781194e-12
3.444209210962778211e+00 9.597785930825655452e-12
3.443782065759990019e+00 9.598669451264213511e-12
3.443333694720608129e+00 9.600054005504465268e-12
3.442864117051355866e+00 9.601512809052180301e-12
3.442373352867377445e+00 9.602980940917493549e-12
3.441861423191377778e+00 9.604494470787437490e-12
3.441328349952719634e+00 9.606067923649632997e-12
3.440774155986486615e+00 9.607699953015556310e-12
3.440198865032503939e+00 9.609388904931468941e-12
3.439602501734321027e+00 9.611134519012092304e-12
3.438985091638157243e+00 9.612936699217661771e-12
3.438346661191805431e+00 9.614795283288596403e-12
3.437687237743501711e+00 9.616710114613936179e-12
3.437006849540751308e+00 9.618681052860181508e-12
3.436305525729120625e+00 9.620707964998015317e-12
3.435583296350987581e+00 9.622790720543137178e-12
3.434840192344255527e+00 9.624929187757775611e-12
3.434076245541025862e+00 9.627123229355110087e-12
3.433291488666237345e+00 9.629372698547139384e-12
3.432485955336262773e+00 9.631677435833829788e-12
3.431659680057469242e+00 9.634037266211485544e-12
3.430812698224738888e+00 9.636451996551069369e-12
3.429945046119955432e+00 9.638921413277440619e-12
3.429056760910446311e+00 9.641445280766933571e-12
3.428147880647394175e+00 9.644023340344397705e-12
3.427218444264203967e+00 9.646655309480166879e-12
3.426268491574837149e+00 9.649340881224107856e-12
3.425298063272105509e+00 9.652079724198484249e-12
3.424307200925927219e+00 9.654871483096814289e-12
3.423295946981547822e+00 9.657715779230170304e-12
3.422264344757720345e+00 9.660612211054879558e-12
3.421212438444850790e+00 9.663560355165777532e-12
3.420140273103104089e+00 9.666559767577342667e-12
3.419047894660475873e+00 9.669609984814529490e-12
3.417935349910822040e+00 9.672710524966827744e-12
3.416802686511857257e+00 9.675860888891575919e-12
3.415649952983111692e+00 9.679060561468894404e-12
3.414477198703853134e+00 9.682309012751253288e-12
3.413284473910971339e+00 9.685605698888006629e-12
3.412071829696827319e+00 9.688950063013761822e-12
3.410839318007063081e+00 9.692341536200105818e-12
3.409586991638376752e+00 9.695779538208156922e-12
3.408314904236262599e+00 9.699263478017344847e-12
3.407023110292711099e+00 9.702792754314730050e-12
3.405711665143874800e+00 9.706366755962981166e-12
3.404380624967699109e+00 9.709984862356380938e-12
3.403030046781515772e+00 9.713646443594629471e-12
3.401659988439598159e+00 9.717350860575530460e-12
3.400270508630686805e+00 9.721097465122267148e-12
3.398861666875471865e+00 9.724885600066281945e-12
3.397433523524044929e+00 9.728714599192276996e-12
3.395986139753313982e+00 9.732583787109996338e-12
3.394519577564382384e+00 9.736492479187957745e-12
3.393033899779893225e+00 9.740439981514644717e-12
3.391529170041338581e+00 9.744425590748891794e-12
3.390005452806331920e+00 9.748448593934043570e-12
3.388462813345848090e+00 9.752508268377827716e-12
3.386901317741427331e+00 9.756603881545078374e-12
3.385321032882344650e+00 9.760734690938691620e-12
3.383722026462743671e+00 9.764899943947999383e-12
3.382104366978737175e+00 9.769098877701429509e-12
3.380468123725473895e+00 9.773330718998465315e-12
3.378813366794168882e+00 9.777594684236685668e-12
3.377140167069101473e+00 9.781889979271861606e-12
3.375448596224578601e+00 9.786215799304968635e-12
3.373738726721866144e+00 9.790571328847553385e-12
3.372010631806082515e+00 9.794955741683045149e-12
3.370264385503062066e+00 9.799368200761188571e-12
3.368500062616184287e+00 9.803807858110477206e-12
3.366717738723170150e+00 9.808273854825110888e-12
3.364917490172842474e+00 9.812765321045356652e-12
3.363099394081857874e+00 9.817281375887684284e-12
3.361263528331401851e+00 9.821821127366003215e-12
3.359409971563852793e+00 9.826383672364375256e-12
3.357538803179413556e+00 9.830968096650228487e-12
3.355650103332710188e+00 9.835573474831828537e-12
3.353743952929357341e+00 9.840198870277285976e-12
3.351820433622494821e+00 9.844843335087954048e-12
3.349879627809287719e+00 9.849505910104060618e-12
3.347921618627397233e+00 9.854185624873396471e-12
3.345946489951420411e+00 9.858881497589593423e-12
3.343954326389295240e+00 9.863592535066643281e-12
3.341945213278679105e+00 9.868317732744778580e-12
3.339919236683290382e+00 9.873056074659083341e-12
3.337876483389223825e+00 9.877806533379795511e-12
3.335817040901230879e+00 9.882568069981389468e-12
3.333740997438974230e+00 9.887339634050229065e-12
3.331648441933245941e+00 9.892120163676292587e-12
3.329539464022159390e+00 9.896908585391804673e-12
3.327414154047308781e+00 9.901703814124836658e-12
3.325272603049899800e+00 9.906504753207505675e-12
3.323114902766850065e+00 9.911310294376813144e-12
3.320941145626858049e+00 9.916119317729868775e-12
3.318751424746444911e+00 9.920930691677964277e-12
3.316545833925964804e+00 9.925743272941548873e-12
3.314324467645588079e+00 9.930555906550718831e-12
3.312087421061252535e+00 9.935367425812130237e-12
3.309834790000588889e+00 9.940176652272089290e-12
3.307566670958814292e+00 9.944982395705813495e-12
3.305283161094599631e+00 9.949783454119990752e-12
3.302984358225906636e+00 9.954578613731149881e-12
3.300670360825800564e+00 9.959366648924190106e-12
3.298341268018226913e+00 9.964146322242031614e-12
3.295997179573771252e+00 9.968916384398045875e-12
3.293638195905379540e+00 9.973675574260058102e-12
3.291264418064061559e+00 9.978422618809540750e-12
3.288875947734559269e+00 9.983156233127585374e-12
3.286472887230992512e+00 9.987875120411817823e-12
3.284055339492474523e+00 9.992577971969895508e-12
3.281623408078704784e+00 9.997263467188594749e-12
3.279177197165530355e+00 1.000193027352142408e-11
3.276716811540485885e+00 1.000657704649517867e-11
3.274242356598302539e+00 1.001120242971052518e-11
3.271753938336393830e+00 1.001580505482778136e-11
3.269251663350317028e+00 1.002038354155654884e-11
3.266735638829203481e+00 1.002493649765942409e-11
3.264205972551169843e+00 1.002946251895843013e-11
3.261662772878699990e+00 1.003396018933159790e-11
3.259106148754003840e+00 1.003842808070251829e-11
3.256536209694349981e+00 1.004286475304241169e-11
3.253953065787373422e+00 1.004726875438610293e-11
3.251356827686362472e+00 1.005163862084033345e-11
3.248747606605516314e+00 1.005597287657858984e-11
3.246125514315182148e+00 1.006027003383964009e-11
3.243490663137065688e+00 1.006452859294554093e-11
3.240843165939423010e+00 1.006874704232248053e-11
3.238183136132222195e+00 1.007292385850531669e-11
3.235510687662286777e+00 1.007705750613848799e-11
3.232825935008414309e+00 1.008114643799382408e-11
3.230128993176473617e+00 1.008518909499989762e-11
3.227419977694476305e+00 1.008918390625676170e-11
3.224699004607629149e+00 1.009312928904030867e-11
3.221966190473363412e+00 1.009702364882311123e-11
3.219221652356341057e+00 1.010086537930897335e-11
3.216465507823440539e+00 1.010465286245847598e-11
3.213697874938719945e+00 1.010838446850084511e-11
3.210918872258361478e+00 1.011205855595771222e-11
3.208128618825589751e+00 1.011567347168238439e-11
3.205327234165576300e+00 1.011922755089433218e-11
3.202514838280315246e+00 1.012271911720252845e-11
3.199691551643486509e+00 1.012614648263270975e-11
3.196857495195292387e+00 1.012950794766716503e-11
3.194012790337279473e+00 1.013280180128642744e-11
3.191157558927135263e+00 1.013602632100742968e-11
3.188291923273470996e+00 1.013917977292037493e-11
3.185416006130580069e+00 1.014226041172780981e-11
3.182529930693180908e+00 1.014526648079221635e-11
3.179633820591140303e+00 1.014819621218700801e-11
3.176727799884175862e+00 1.015104782674216516e-11
3.173811993056542047e+00 1.015381953408809341e-11
3.170886525011699320e+00 1.015650953270963273e-11
3.167951521066962428e+00 1.015911601000634949e-11
3.165007106948130922e+00 1.016163714234540983e-11
3.162053408784106345e+00 1.016407109511305708e-11
3.159090553101487675e+00 1.016641602277576984e-11
3.156118666819150764e+00 1.016867006894969340e-11
3.153137877242813136e+00 1.017083136646632475e-11
3.150148312059578792e+00 1.017289803743190308e-11
3.147150099332471029e+00 1.017486819329135805e-11
3.144143367494943497e+00 1.017673993490343126e-11
3.141128245345381043e+00 1.017851135261828270e-11
3.138104862041581899e+00 1.018018052635000950e-11
3.135073347095223451e+00 1.018174552565075623e-11
3.132033830366316884e+00 1.018320440979066057e-11
3.128986442057642758e+00 1.018455522783955518e-11
3.125931312709173238e+00 1.018579601875047094e-11
3.122868573192481900e+00 1.018692481144683341e-11
3.119798354705135335e+00 1.018793962491066257e-11
3.116720788765075412e+00 1.018883846827241725e-11
3.113636007204984235e+00 1.018961934090637457e-11
3.110544142166636661e+00 1.019028023252489940e-11
3.107445326095240379e+00 1.019081912327130671e-11
3.104339691733762230e+00 1.019123398382125909e-11
3.101227372117242087e+00 1.019152277549169118e-11
3.098108500567093415e+00 1.019168345034418470e-11
3.094983210685393615e+00 1.019171395128666153e-11
3.091851636349158827e+00 1.019161221218563309e-11
3.088713911704611625e+00 1.019137615798076491e-11
3.085570171161431396e+00 1.019100370479532617e-11
3.082420549387001163e+00 1.019049276005384488e-11
3.079265181300633980e+00 1.018984122260754045e-11
3.076104202067797555e+00 1.018904698285405645e-11
3.072937747094321104e+00 1.018810792285482493e-11
3.069765952020597322e+00 1.018702191646570928e-11
3.066588952715770144e+00 1.018578682947295750e-11
3.063406885271916291e+00 1.018440051972004678e-11
3.060219885998214373e+00 1.018286083723656051e-11
3.057028091415106008e+00 1.018116562438199655e-11
3.053831638248448055e+00 1.017931271599167247e-11
3.050630663423655076e+00 1.017729993951146074e-11
3.047425304059835582e+00 1.017512511513569358e-11
3.044215697463915848e+00 1.017278605595922851e-11
3.041001981124761055e+00 1.017028056813559169e-11
3.037784292707281786e+00 1.016760645102670896e-11
3.034562770046540958e+00 1.016476149734872706e-11
3.031337551141847886e+00 1.016174349333019905e-11
3.028108774150845672e+00 1.015855021888219753e-11
3.024876577383594611e+00 1.015517944776112383e-11
3.021641099296646260e+00 1.015162894772046333e-11
3.018402478487113516e+00 1.014789648067821846e-11
3.015160853686733144e+00 1.014397980290277069e-11
3.011916363755922088e+00 1.013987666518779365e-11
3.008669147677830669e+00 1.013558481300896838e-11
3.005419344552388683e+00 1.013110198669757003e-11
3.002167093590345281e+00 1.012642592163737244e-11
2.998912534107307071e+00 1.012155434845329535e-11
2.995655805517770887e+00 1.011648499318242079e-11
2.992397047329149906e+00 1.011121557745338627e-11
2.989136399135799316e+00 1.010574381869020237e-11
2.985874000613035317e+00 1.010006743031448390e-11
2.982609991511152359e+00 1.009418412192713718e-11
2.979344511649436811e+00 1.008809159949284397e-11
2.976077700910177537e+00 1.008178756554917010e-11
2.972809699232674241e+00 1.007526971942260828e-11
2.969540646607241818e+00 1.006853575743034554e-11
2.966270683069214709e+00 1.006158337307464418e-11
2.962999948692946806e+00 1.005441025725016043e-11
2.959728583585814032e+00 1.004701409846236693e-11
2.956456727882208479e+00 1.003939258304022864e-11
2.953184521737540091e+00 1.003154339534765737e-11
2.949912105322228584e+00 1.002346421800804120e-11
2.946639618815702022e+00 1.001515273213067871e-11
2.943367202400390514e+00 1.000660661752672647e-11
2.940094996255722126e+00 9.997823552923818442e-12
2.936823140552117017e+00 9.988801216190879794e-12
2.933551775444983800e+00 9.979537284574577773e-12
2.930281041068715897e+00 9.970029434938486757e-12
2.927011077530688787e+00 9.960275343996708619e-12
2.923742024905256365e+00 9.950272688540281106e-12
2.920474023227753069e+00 9.940019145663111235e-12
2.917207212488493795e+00 9.929512393003507195e-12
2.913941732626778691e+00 9.918750108997043569e-12
2.910677723524895288e+00 9.907729973118321037e-12
2.907415325002131290e+00 9.896449666119637054e-12
2.904154676808780700e+00 9.884906870279590787e-12
2.900895918620159719e+00 9.873099269648626509e-12
2.897639190030623535e+00 9.861024550290371619e-12
2.894384630547585768e+00 9.848680400533808795e-12
2.891132379585542367e+00 9.836064511239179013e-12
2.887882576460099937e+00 9.823174576058398043e-12
2.884635360382008518e+00 9.810008291676226442e-12
2.881390870451197905e+00 9.796563358058530374e-12
2.878149245650817090e+00 9.782837478717544858e-12
2.874910624841284346e+00 9.768828360981463559e-12
2.871675146754335994e+00 9.754533716263393664e-12
2.868442949987084933e+00 9.739951260319497616e-12
2.865214172996082720e+00 9.725078713510866873e-12
2.861988954091389648e+00 9.709913801068135684e-12
2.858767431430648820e+00 9.694454253351401602e-12
2.855549743013169994e+00 9.678697806132651114e-12
2.852336026674014757e+00 9.662642200874159231e-12
2.849126420078095023e+00 9.646285184993523327e-12
2.845921060714275530e+00 9.629624512151118096e-12
2.842720085889482551e+00 9.612657942528905500e-12
2.839523632722824598e+00 9.595383243093815865e-12
2.836331838139716233e+00 9.577798187863406945e-12
2.833144838866014315e+00 9.559900558198315897e-12
2.829962771422160461e+00 9.541688143131503007e-12
2.826785772117333284e+00 9.523158739650958443e-12
2.823613977043609502e+00 9.504310152952097348e-12
2.820447522070133051e+00 9.485140196734436572e-12
2.817286542837296626e+00 9.465646693506960029e-12
2.814131174750929443e+00 9.445827474905051648e-12
2.810981552976499209e+00 9.425680381984845666e-12
2.807837812433319424e+00 9.405203265507308231e-12
2.804700087788771778e+00 9.384393986298033506e-12
2.801568513452536990e+00 9.363250415575913869e-12
2.798443223570837191e+00 9.341770435222805638e-12
2.795324352020688519e+00 9.319951938113191243e-12
2.792212032404168376e+00 9.297792828481080679e-12
2.789106398042690671e+00 9.275291022291473762e-12
2.786007581971294389e+00 9.252444447580279662e-12
2.782915716932946371e+00 9.229251044763299557e-12
2.779830935372855194e+00 9.205708767037239597e-12
2.776753369432795271e+00 9.181815580829333646e-12
2.773683150945448705e+00 9.157569466177410155e-12
2.770620411428757368e+00 9.132968417115389029e-12
2.767565282080287847e+00 9.108010442111777820e-12
2.764517893771613721e+00 9.082693564523066867e-12
2.761478377042707155e+00 9.057015823109049900e-12
2.758446862096348706e+00 9.030975272552240145e-12
2.755423478792549563e+00 9.004569983925343692e-12
2.752408356642987108e+00 8.977798045289059049e-12
2.749401624805459576e+00 8.950657562373518871e-12
2.746403412078351813e+00 8.923146659172068312e-12
2.743413846895117914e+00 8.895263478597401811e-12
2.740433057318779841e+00 8.867006183235005082e-12
2.737461171036443375e+00 8.838372956185651489e-12
2.734498315353824260e+00 8.809362002031679864e-12
2.731544617189800128e+00 8.779971547755187605e-12
2.728600203070968622e+00 8.750199843738088807e-12
2.725665199126231286e+00 8.720045165002460280e-12
2.722739731081388559e+00 8.689505812493514835e-12
2.719823924253755187e+00 8.658580114484397921e-12
2.716917903546790303e+00 8.627266428186289833e-12
2.714021793444749697e+00 8.595563141492438494e-12
2.711135718007350537e+00 8.563468674996602930e-12
2.708259800864459610e+00 8.530981484281666536e-12
2.705394165210795343e+00 8.498100062398802393e-12
2.702538933800651133e+00 8.464822942643602871e-12
2.699694228942638219e+00 8.431148701720021244e-12
2.696860172494444097e+00 8.397075963362503499e-12
2.694036885857615360e+00 8.362603402447463727e-12
2.691224489972354306e+00 8.327729749632192157e-12
2.688423105312340855e+00 8.292453796593810030e-12
2.685632851879569127e+00 8.256774401923320820e-12
2.682853849199210661e+00 8.220690497788029850e-12
2.680086216314490066e+00 8.184201097483561109e-12
2.677330071781589549e+00 8.147305304014901301e-12
2.674585533664567194e+00 8.110002319773934793e-12
2.671852719530301457e+00 8.072291457273674339e-12
2.669131746443454301e+00 8.034172151098316437e-12
2.666422730961456988e+00 7.995643971269105163e-12
2.663725789129516297e+00 7.956706638066654271e-12
2.661041036475643828e+00 7.917360038301882258e-12
2.658368588005708411e+00 7.877604242889640583e-12
2.655708558198507596e+00 7.837439525646937536e-12
2.653061061000864918e+00 7.796866383387313744e-12
2.650426209822748458e+00 7.755885557127691584e-12
2.647804117532414292e+00 7.714498053827681734e-12
2.645194896451568134e+00 7.672705167930086871e-12
2.642598658350557184e+00 7.630508502073702930e-12
2.640015514443580624e+00 7.587909986268769648e-12
2.637445575383926766e+00 7.544911894414591246e-12
2.634888951259230616e+00 7.501516856503463539e-12
2.632345751586761207e+00 7.457727864347978789e-12
2.629816085308727569e+00 7.413548268701685928e-12
2.627300060787614022e+00 7.368981765765288377e-12
2.624797785801536776e+00 7.324032370306317905e-12
2.622309367539628067e+00 7.278704371586521846e-12
2.619834912597444720e+00 7.233002268181503437e-12
2.617374526972400250e+00 7.186930678328175269e-12
2.614928316059226265e+00 7.140494222131561411e-12
2.612496384645456082e+00 7.093697371078986237e-12
2.610078836906938093e+00 7.046544260495439280e-12
2.607675776403371337e+00 6.999038461292691479e-12
2.605287306073869047e+00 6.951182707637504217e-12
2.602913528232551066e+00 6.902978577673344061e-12
2.600554544564159354e+00 6.854426125673044806e-12
2.598210456119703693e+00 6.805523465149052217e-12
2.595881363312130485e+00 6.756266303377217824e-12
2.593567365912023970e+00 6.706647429870083645e-12
2.591268563043331419e+00 6.656656164103875983e-12
2.588985053179116314e+00 6.606277769760619750e-12
2.586716934137341717e+00 6.555492844537037912e-12
2.584464303076678071e+00 6.504276697294373341e-12
2.582227256492342526e+00 6.452598727506607936e-12
2.580005890211965802e+00 6.400421824441568014e-12
2.577800299391485694e+00 6.347701805553721260e-12
2.575610578511072113e+00 6.294386915531590728e-12
2.573436821371080541e+00 6.240417408787175486e-12
2.571279121088030362e+00 6.185725239388142151e-12
2.569137570090621825e+00 6.130233883264887411e-12
2.567012260115771216e+00 6.073858316802242668e-12
2.564903282204684665e+00 6.016505173829322358e-12
2.562810726698956376e+00 5.958073100842215719e-12
2.560734683236699727e+00 5.898453327969936327e-12
2.558675240748706781e+00 5.837530469023815095e-12
2.556632487454640223e+00 5.775183558134310032e-12
2.554606510859251500e+00 5.711287324429381554e-12
2.552597397748635366e+00 5.645713700535602979e-12
2.550605234186510195e+00 5.578333554399867534e-12
2.548630105510533372e+00 5.509018625925566133e-12
2.546672096328642887e+00 5.437643641900788995e-12
2.544731290515435784e+00 5.364088576682962370e-12
2.542807771208573264e+00 5.288241020961190774e-12
2.540901620805220418e+00 5.209998614007131377e-12
2.539012920958517050e+00 5.129271488468593019e-12
2.537141752574077813e+00 5.045984675088146580e-12
2.535288195806528755e+00 4.960080414736861005e-12
2.533452330056072732e+00 4.871520322787873889e-12
2.531634233965088132e+00 4.780287349834872965e-12
2.529833985414760900e+00 4.686387488523637977e-12
2.528051661521746318e+00 4.589851183326274987e-12
2.526287338634868540e+00 4.490734402539885037e-12
2.524541092331848091e+00 4.389119336809656996e-12
2.522812997416064462e+00 4.285114700040376341e-12
2.521103127913352004e+00 4.178855618165681638e-12
2.519411557068829577e+00 4.070503094819952510e-12
2.517738357343761724e+00 3.960243050139689156e-12
2.516083600412456711e+00 3.848284941703689726e-12
2.514447357159193430e+00 3.734859984897406352e-12
2.512829697675186935e+00 3.620218994383046131e-12
2.511230691255585956e+00 3.504629878726196739e-12
2.509650406396503275e+00 3.388374835944126174e-12
2.508088910792082515e+00 3.271747307441476456e-12
2.506546271331599129e+00 3.155048754526944272e-12
2.505022554096592025e+00 3.038585334101582187e-12
2.503517824358037380e+00 2.922664559805453295e-12
2.502032146573548221e+00 2.807592032908844799e-12
2.500565584384617068e+00 2.693668319169219629e-12
2.499118200613885676e+00 2.581186040992629141e-12
2.497690057262458740e+00 2.470427239141403032e-12
2.496281215507243800e+00 2.361661031926430425e-12
2.494891735698332447e+00 2.255141575586986550e-12
2.493521677356414834e+00 2.151106313877770690e-12
2.492171099170231496e+00 2.049774490054838425e-12
2.490840058994055806e+00 1.951345879102574916e-12
2.489528613845219507e+00 1.855999699427783671e-12
2.488236819901668007e+00 1.763893678942823003e-12
2.486964732499553854e+00 1.675163264789569462e-12
2.485712406130867524e+00 1.589920980683399774e-12
2.484479894441103287e+00 1.508255959847259411e-12
2.483267250226959266e+00 1.430233705712747984e-12
2.482074525434077472e+00 1.355896140388723413e-12
2.480901771154819357e+00 1.285261998857680398e-12
2.479749037626073349e+00 1.218327621856024182e-12
2.478616374227108565e+00 1.155068187875840506e-12
2.477503829477454733e+00 1.095439398253374696e-12
2.476411451034826516e+00 1.039379597177259015e-12
2.475339285693079816e+00 9.868122797263789691e-13
2.474287379380210261e+00 9.376489181361238725e-13
2.473255777156382784e+00 8.917920208496589777e-13
2.472244523212003386e+00 8.491383210656646533e-13
2.471253660865825097e+00 8.095819870733072880e-13
2.470283232563093456e+00 7.730177672208126448e-13
2.469333279873726639e+00 7.393440027803348279e-13
2.468403843490536431e+00 7.084654527728208970e-13
2.467494963227484295e+00 6.802959056169741856e-13
2.466606678017975174e+00 6.547606002433411195e-13
2.465739025913191718e+00 6.317985062344104322e-13
2.464892044080461364e+00 6.113645383691274404e-13
2.464065768801667833e+00 5.934318168249352019e-13
2.463260235471693260e+00 5.779940561317889665e-13
2.462475478596904743e+00 5.650681538030749242e-13
2.461711531793675078e+00 5.546975637354604392e-13
2.460968427786943025e+00 5.469582177618839934e-13
2.460246198408809981e+00 5.419681155617858970e-13
2.459544874597179298e+00 5.398943015119804327e-13
2.458864486394429338e+00 5.409392355342067680e-13
2.458205062946125175e+00 5.452968764991935950e-13
2.457566632499773362e+00 5.531311554400875379e-13
2.456949222403609578e+00 5.647269592642821169e-13
2.456352859105426667e+00 5.809664822103135608e-13
2.455777568151443990e+00 6.040235780465120817e-13
2.455223374185210972e+00 6.376713956314626373e-13
2.454690300946552828e+00 6.862598817013929027e-13
2.454178371270553161e+00 7.518101904476720590e-13
2.453687607086574740e+00 8.299706564855465677e-13
2.453218029417322477e+00 9.071255513819424866e-13
2.452769658377940587e+00 9.615031085079557545e-13
2.452342513175152394e+00 9.698071795532827988e-13
2.451936612106436097e+00 9.180385979336178031e-13
2.451551972559243175e+00 8.123365714989715798e-13
2.451188611010251428e+00 6.846474886309953874e-13
2.450846543024659763e+00 5.896254909525195027e-13
2.450525783255522949e+00 5.926825549224491474e-13
2.450226345443121900e+00 7.528009474907807580e-13
2.449948242414375255e+00 1.105875340757692579e-12
2.449691486082291370e+00 1.654127253066382733e-12
2.449456087445457619e+00 2.364826011175253136e-12
2.449242056587567440e+00 3.178253844609296981e-12
2.449049402676990450e+00 4.021881234676964372e-12
2.448878133966378989e+00 4.826085373571424996e-12
2.448728257792315066e+00 5.536858920945620759e-12
2.448599780574995055e+00 6.122557203045692056e-12
2.448492707817954805e+00 6.574046106740269926e-12
2.448407044107835162e+00 6.899693871919460120e-12
2.448342793114184346e+00 7.117779446434938474e-12
2.448299957589301190e+00 7.248858070798142987e-12
2.448278539368117013e+00 7.309753072113426213e-12
