9.999973332831733064e-01 8.749869028991793929e-09 7.939836632673470899e-12 8.757808865624468200e-09
9.999760001370845419e-01 5.545161580387106377e-10 6.411983518723198112e-10 1.195714509911030346e-09
9.999333369836070906e-01 3.394891261568080784e-09 4.855497334939312501e-09 8.250388596507392871e-09
9.998693500996788108e-01 8.736461515407828236e-09 1.764688660036496470e-08 2.638334811577279128e-08
9.997840488995526353e-01 1.363959558772492774e-08 4.302111688018138559e-08 5.666071246790631498e-08
9.996774459334107910e-01 1.422158977345724139e-08 7.937300996951950812e-08 9.359459974297674951e-08
9.995495568855184976e-01 1.019712506401743533e-08 1.176176341240205629e-07 1.278147591880379883e-07
9.994004005719168138e-01 4.878107871626337219e-09 1.459856975921433234e-07 1.508638054637696507e-07
9.992299989376534075e-01 1.480747206020244917e-09 1.582311972933149985e-07 1.597119444993352428e-07
9.990383770535549157e-01 3.532198288673656933e-10 1.570614962926628322e-07 1.574147161215302086e-07
9.988255631125371181e-01 2.312443221179208727e-10 1.500723763537155419e-07 1.503036206758334720e-07
9.985915884254580321e-01 2.390988785848859876e-10 1.436647241963234579e-07 1.439038230749083472e-07
9.983364874165105984e-01 2.228891229449806081e-10 1.403584680370347377e-07 1.405813571599797262e-07
9.980602976181580654e-01 2.172669402574967307e-10 1.396592974568351090e-07 1.398765643970926016e-07
9.977630596656119621e-01 2.210350866119189172e-10 1.400862082738373755e-07 1.403072433604493071e-07
9.974448172908537691e-01 2.253766923904649259e-10 1.405940690975011754e-07 1.408194457898916395e-07
9.971056173162000658e-01 2.288928940763309094e-10 1.408841242403718362e-07 1.411130171344481731e-07
9.967455096474144849e-01 2.327830960404892761e-10 1.410451971567508352e-07 1.412779802527913283e-07
9.963645472663644753e-01 2.369443965365734414e-10 1.411922792075687234e-07 1.414292236041053045e-07
9.959627862232265372e-01 2.416248928656207247e-10 1.413609576758873931e-07 1.416025825687530242e-07
9.955402856282395962e-01 2.467288334780648238e-10 1.415458850054777311e-07 1.417926138389558034e-07
9.950971076430086271e-01 2.522932226676441756e-10 1.417401108304492591e-07 1.419924040531169083e-07
9.946333174713579695e-01 2.582965356007326294e-10 1.419424050463358536e-07 1.422007015819365871e-07
9.941489833497394457e-01 2.649219621903168200e-10 1.421532360137707423e-07 1.424181579759610619e-07
9.936441765371913926e-01 2.719535418213781188e-10 1.423728172685443033e-07 1.426447708103656890e-07
9.931189713048556023e-01 2.796613779010469691e-10 1.426011065802396264e-07 1.428807679581406636e-07
9.925734449250491753e-01 2.879762107586286849e-10 1.428380732478657410e-07 1.431260494586243743e-07
9.920076776598965029e-01 2.969541951680739669e-10 1.430837154851626955e-07 1.433806696803307708e-07
9.914217527495193805e-01 3.065820656647795054e-10 1.433380357752667878e-07 1.436446178409315577e-07
9.908157563997910255e-01 3.169605397307124227e-10 1.436010083366176885e-07 1.439179688763484086e-07
9.901897777696522240e-01 3.281520158250827070e-10 1.438726471028772045e-07 1.442007991187022914e-07
9.895439089579938230e-01 3.401842674060705328e-10 1.441529176000016352e-07 1.444931018674077074e-07
9.888782449901063476e-01 3.530640191957186297e-10 1.444418127306519143e-07 1.447948767498476368e-07
9.881928838036988516e-01 3.669156986575321723e-10 1.447393188177639607e-07 1.451062345164214868e-07
9.874879262344902209e-01 3.816691579318495496e-10 1.450454229229168902e-07 1.454270920808487509e-07
9.867634760013728190e-01 3.975233307199903457e-10 1.453601043116237979e-07 1.457576276423437802e-07
9.860196396911526939e-01 4.144069384389398734e-10 1.456833213445882443e-07 1.460977282830271738e-07
9.852565267428682327e-01 4.325046637891149655e-10 1.460150591028366851e-07 1.464475637666257955e-07
9.844742494316873760e-01 4.518000483310699493e-10 1.463552839879418909e-07 1.468070840362729544e-07
9.836729228523903856e-01 4.723084263093918683e-10 1.467039465302005155e-07 1.471762549565099063e-07
9.828526649024349471e-01 4.941857988723474069e-10 1.470610262730885945e-07 1.475552120719609296e-07
9.820135962646104888e-01 5.174952773925666358e-10 1.474264623557637056e-07 1.479439576331562751e-07
9.811558403892830516e-01 5.422734572198992489e-10 1.478002195713096545e-07 1.483424930285295594e-07
9.802795234762315957e-01 5.686285060982883232e-10 1.481822261447789433e-07 1.487508546508772222e-07
9.793847744560804092e-01 5.964840328903973149e-10 1.485724690108811664e-07 1.491689530437715579e-07
9.784717249713301701e-01 6.261546562810094392e-10 1.489708546354126089e-07 1.495970092916936284e-07
9.775405093569897730e-01 6.576006960870994533e-10 1.493773253958499316e-07 1.500349260919370382e-07
9.765912646208118053e-01 6.908716913312455506e-10 1.497918256612891794e-07 1.504826973526204224e-07
9.756241304231345612e-01 7.261554766417310124e-10 1.502142980621428038e-07 1.509404535387845312e-07
9.746392490563342559e-01 7.634571671626355400e-10 1.506446570531827204e-07 1.514081142203453690e-07
9.736367654238905489e-01 8.028676985390153323e-10 1.510828299746434822e-07 1.518856976731825057e-07
9.726168270190658216e-01 8.445396128928020601e-10 1.515287606124800838e-07 1.523733002253728756e-07
9.715795839032064229e-01 8.885285263164765324e-10 1.519823346770720918e-07 1.528708632033885708e-07
9.705251886836628872e-01 9.350438840021924449e-10 1.524435071948473531e-07 1.533785510788495549e-07
9.694537964913385597e-01 9.839567648721870963e-10 1.529121670791582299e-07 1.538961238440304139e-07
9.683655649578644109e-01 1.035628433546645967e-09 1.533882362490043725e-07 1.544238646825510238e-07
9.672606541924075874e-01 1.090047638626057973e-09 1.538716156255538917e-07 1.549616632641799445e-07
9.661392267581151438e-01 1.147394934052753363e-09 1.543622065842583881e-07 1.555096015183111363e-07
9.650014476481957315e-01 1.207647913228810038e-09 1.548599301525548781e-07 1.560675780657836983e-07
9.638474842616450156e-01 1.271148008893376193e-09 1.553646502843077365e-07 1.566357982932011253e-07
9.626775063786165987e-01 1.337862201938768510e-09 1.558762775888372785e-07 1.572141397907760584e-07
9.614916861354423361e-01 1.407970259592941700e-09 1.563946942078901751e-07 1.578026644674831207e-07
9.602901979993068160e-01 1.481499774442199266e-09 1.569198042430031732e-07 1.584013040174453659e-07
9.590732187425776711e-01 1.558974150917113058e-09 1.574514478568426261e-07 1.590104220077597363e-07
9.578409274167980492e-01 1.640062310822938389e-09 1.579895307765262056e-07 1.596295930873491477e-07
9.565935053263430188e-01 1.725247719129693282e-09 1.585339121474332648e-07 1.602591598665629598e-07
9.553311360017442411e-01 1.814473483235350531e-09 1.590844573983151924e-07 1.608989308815505469e-07
9.540540051726880133e-01 1.908092237347174106e-09 1.596410276193700905e-07 1.615491198567172547e-07
9.527623007406890165e-01 2.006050671244085020e-09 1.602034746935595711e-07 1.622095253648036624e-07
9.514562127514449852e-01 2.108804390231930184e-09 1.607716543897955568e-07 1.628804587800274866e-07
9.501359333668750740e-01 2.216252333534372267e-09 1.613454071616027563e-07 1.635616594951371323e-07
9.488016568368484727e-01 2.328721653784615077e-09 1.619245700380051418e-07 1.642532916917897598e-07
9.474535794706041569e-01 2.446433433531303080e-09 1.625089840317069953e-07 1.649554174652382868e-07
9.460918996078681031e-01 2.569443924268139319e-09 1.630984698245902300e-07 1.656679137488583614e-07
9.447168175896729636e-01 2.698145246413168643e-09 1.636928513285458402e-07 1.663909965749590125e-07
9.433285357288810902e-01 2.832569113541300654e-09 1.642919360711066217e-07 1.671245051846479286e-07
9.419272582804198990e-01 2.973000508099249762e-09 1.648955496068042405e-07 1.678685501149035014e-07
9.405131914112293545e-01 3.119736257319793895e-09 1.655034760569971143e-07 1.686232123143168954e-07
9.390865431699295662e-01 3.272782464715266715e-09 1.661155244966613127e-07 1.693883069613765778e-07
9.376475234562107186e-01 3.432625416089660646e-09 1.667314844855428646e-07 1.701641099016325183e-07
9.361963439899513295e-01 3.599453429734265944e-09 1.673511162389117024e-07 1.709505696686459605e-07
9.347332182800680567e-01 3.773355645962080766e-09 1.679742245894800440e-07 1.717475802354421206e-07
9.332583615931028254e-01 3.954714561656446890e-09 1.686005603710825211e-07 1.725552749327389572e-07
9.317719909215509411e-01 4.143927933341546074e-09 1.692298901863563659e-07 1.733738181196979078e-07
9.302743249519354052e-01 4.341065537772947069e-09 1.698619510963972697e-07 1.742030166341702258e-07
9.287655840326325407e-01 4.546374198745805576e-09 1.704965038831592383e-07 1.750428780819050373e-07
9.272459901414517036e-01 4.760343014359639797e-09 1.711332853618754271e-07 1.758936283762350685e-07
9.257157668529769623e-01 4.983018228486958652e-09 1.717720161212386477e-07 1.767550343497255981e-07
9.241751393056729658e-01 5.214956316744408701e-09 1.724124208556766642e-07 1.776273771724210712e-07
9.226243341687601074e-01 5.456432905775997945e-09 1.730542055815170876e-07 1.785106384872930914e-07
9.210635796088660898e-01 5.707728107141364465e-09 1.736970738532288314e-07 1.794048019603701943e-07
9.194931052564556673e-01 5.968943867235166525e-09 1.743407297465396172e-07 1.803096736137747738e-07
9.179131421720458928e-01 6.240969096516321747e-09 1.749848505071064627e-07 1.812258196036227729e-07
9.163239228122104230e-01 6.523783395442182541e-09 1.756290987633335209e-07 1.821528821587757159e-07
9.147256809953788759e-01 6.817636234348982721e-09 1.762731668697901545e-07 1.830908031041391356e-07
9.131186518674356822e-01 7.123334343230879323e-09 1.769166904500653539e-07 1.840400247932962307e-07
9.115030718671233156e-01 7.440995463646651672e-09 1.775593203380275341e-07 1.850003158016741808e-07
9.098791786912558965e-01 7.771041031471732894e-09 1.782006955884451712e-07 1.859717366199169058e-07
9.082472112597470559e-01 8.113931562993359264e-09 1.788404419407611566e-07 1.869543735037545258e-07
9.066074096804583871e-01 8.470045623149778100e-09 1.794781714071906803e-07 1.879482170303404584e-07
9.049600152138728149e-01 8.840130708678860434e-09 1.801134916502921816e-07 1.889536223589710454e-07
9.033052702375983234e-01 9.224189432632539434e-09 1.807459930924782602e-07 1.899701825251107947e-07
9.016434182107078144e-01 9.622885717656801648e-09 1.813752652518884373e-07 1.909981509695452406e-07
8.999747036379192044e-01 1.003697262783388349e-08 1.820008631198639457e-07 1.920378357476978193e-07
8.982993720336218679e-01 1.046631198319660282e-08 1.826223712991697091e-07 1.930886832823662987e-07
8.966176698857549754e-01 1.091217360790538277e-08 1.832393242412031415e-07 1.941514978491085276e-07
8.949298446195421697e-01 1.137461775616613584e-08 1.838512542486769797e-07 1.952258720048431122e-07
8.932361445610881301e-01 1.185444271413406355e-08 1.844576881382936693e-07 1.963121308524277394e-07
8.915368189008431310e-01 1.235204038134029100e-08 1.850581510567683933e-07 1.974101914381086777e-07
8.898321176569403690e-01 1.286810980773928883e-08 1.856521254230968256e-07 1.985202352308361045e-07
8.881222916384108323e-01 1.340321490809236913e-08 1.862390979158830530e-07 1.996423128239754155e-07
8.864075924082827074e-01 1.395797641308253379e-08 1.868185588996272726e-07 2.007765353127097998e-07
8.846882722465693183e-01 1.453321559654386345e-08 1.873899480412257378e-07 2.019231636377696029e-07
8.829645841131518180e-01 1.512906016764724109e-08 1.879527415663883026e-07 2.030818017340355337e-07
8.812367816105615148e-01 1.574739989380789674e-08 1.885063375328084323e-07 2.042537374266163191e-07
8.795051189466680519e-01 1.638748839293930535e-08 1.890501788188163468e-07 2.054376672117556422e-07
8.777698508972784364e-01 1.705107178194562310e-08 1.895836718766549168e-07 2.066347436586005332e-07
8.760312327686521350e-01 1.773864512696152714e-08 1.901061924695770699e-07 2.078448375965386070e-07
8.742895203599385656e-01 1.845082869459744940e-08 1.906171375837603498e-07 2.090679662783578026e-07
8.725449699255418690e-01 1.918855771313807684e-08 1.911158441871565011e-07 2.103044019002945912e-07
8.707978381374192889e-01 1.995283302641977134e-08 1.916016983384834585e-07 2.115545313649032331e-07
8.690483820473163812e-01 2.074450522967456771e-08 1.920739946170404019e-07 2.128184998467149696e-07
8.672968590489488205e-01 2.156426337922355069e-08 1.925320737556606907e-07 2.140963371348842447e-07
8.655435268401316939e-01 2.241317049386965530e-08 1.929752216957911119e-07 2.153883921896607771e-07
8.637886433848657175e-01 2.329250701175494180e-08 1.934027415139834983e-07 2.166952485257384434e-07
8.620324668753825970e-01 2.420280876801714797e-08 1.938138855525250946e-07 2.180166943205422425e-07
8.602752556941588580e-01 2.514540721233259319e-08 1.942079151400062318e-07 2.193533223523388349e-07
8.585172683758999224e-01 2.612133597815438900e-08 1.945840705968117712e-07 2.207054065749661569e-07
8.567587635695024240e-01 2.713165015332538634e-08 1.949415692141074540e-07 2.220732193674328404e-07
8.549999999999999822e-01 2.817794585758465664e-08 1.952796035794870838e-07 2.234575494370717471e-07
8.532412364304975405e-01 2.926101298142828376e-08 1.955973724233622083e-07 2.248583854047904888e-07
8.514827316241000421e-01 3.038222396216937010e-08 1.958940394461219065e-07 2.262762634082912766e-07
8.497247443058409955e-01 3.154305591544081132e-08 1.961687445178707681e-07 2.277118004333115728e-07
8.479675331246173675e-01 3.274489201818582224e-08 1.964206237791072755e-07 2.291655157972930977e-07
8.462113566151343580e-01 3.398887132144897310e-08 1.966487990798162736e-07 2.306376704012652599e-07
8.444564731598682705e-01 3.527699918137023022e-08 1.968523397192062327e-07 2.321293389005764762e-07
8.427031409510511439e-01 3.661034938994856157e-08 1.970303453820225188e-07 2.336406947719710804e-07
8.409516179526835833e-01 3.799133493735935601e-08 1.971818413785795004e-07 2.351731763159388564e-07
8.392021618625807866e-01 3.942089519181574177e-08 1.973058695898974164e-07 2.367267647817131449e-07
8.374550300744580955e-01 4.090101675016491796e-08 1.974014472713264530e-07 2.383024640214913709e-07
8.357104796400615099e-01 4.243372996037948593e-08 1.974675564567047953e-07 2.399012864170842945e-07
8.339687672313478295e-01 4.402113257564835218e-08 1.975031602443091999e-07 2.415242928199575521e-07
8.322301491027215281e-01 4.566544038361031651e-08 1.975072069686800364e-07 2.431726473522903662e-07
8.304948810533319126e-01 4.736826263298530133e-08 1.974786039720532171e-07 2.448468666050385317e-07
8.287632183894384497e-01 4.913257603543368887e-08 1.974162653080947424e-07 2.465488413435284247e-07
8.270354158868481464e-01 5.096061116039616457e-08 1.973190247086342514e-07 2.482796358690304424e-07
8.253117277534306462e-01 5.285476970174677403e-08 1.971857536005756950e-07 2.500405233023224426e-07
8.235924075917173681e-01 5.481794178101648244e-08 1.970152480915278067e-07 2.518331898725442825e-07
8.218777083615892431e-01 5.685317733052624508e-08 1.968063058162638569e-07 2.536594831467901086e-07
8.201678823430595955e-01 5.896369432020671669e-08 1.965576534651539837e-07 2.555213477853607070e-07
8.184631810991568335e-01 6.115210701992193198e-08 1.962680284849539338e-07 2.574201355048758393e-07
8.167638554389119454e-01 6.342283252803105927e-08 1.959361132578936081e-07 2.593589457859246542e-07
8.150701553804577948e-01 6.577924900619800434e-08 1.955605428021482408e-07 2.613397918083462716e-07
8.133823301142449891e-01 6.822480908399831098e-08 1.951399460851771055e-07 2.633647551691753900e-07
8.117006279663780965e-01 7.076557462430759556e-08 1.946728625779390382e-07 2.654384372022466073e-07
8.100252963620808710e-01 7.340417969438137181e-08 1.941578276024881214e-07 2.675620072968695065e-07
8.083565817892921501e-01 7.614747642211689038e-08 1.935933166476934178e-07 2.697407930698103346e-07
8.066947297624016411e-01 7.899999949844695600e-08 1.929777273533356497e-07 2.719777268517826189e-07
8.050399847861271496e-01 8.196811281527140125e-08 1.923094395069477988e-07 2.742775523222192266e-07
8.033925903195415774e-01 8.505876100517661615e-08 1.915867155518986952e-07 2.766454765570752849e-07
8.017527887402529085e-01 8.827827486848620674e-08 1.908078094800360100e-07 2.790860843485222167e-07
8.001208213087440679e-01 9.163547794153603880e-08 1.899708532748162104e-07 2.816063312163522492e-07
7.984969281328766488e-01 9.513820639722841648e-08 1.890739042123235109e-07 2.842121106095519141e-07
7.968813481325642822e-01 9.879712548649427124e-08 1.881149363996985889e-07 2.869120618861928469e-07
7.952743190046209776e-01 1.026221053928137406e-07 1.870917803078623185e-07 2.897138857006760590e-07
7.936760771877895415e-01 1.066260113396075154e-07 1.860021885872642681e-07 2.926281999268718100e-07
7.920868578279540717e-01 1.108196808170097052e-07 1.848437546984813595e-07 2.956634355154910780e-07
7.905068947435442972e-01 1.152196904879686226e-07 1.836139144662520896e-07 2.988336049542207122e-07
7.889364203911338747e-01 1.198398233806608280e-07 1.823100029177686190e-07 3.021498262984294470e-07
7.873756658312398571e-01 1.246984622965461068e-07 1.809290417221623260e-07 3.056275040187084328e-07
7.858248606943271097e-01 1.298143486734694828e-07 1.794680202712858818e-07 3.092823689447553910e-07
7.842842331470230022e-01 1.352069692229795119e-07 1.779235318710619402e-07 3.131305010940414257e-07
7.827540098585482609e-01 1.408980646181390645e-07 1.762920752934359650e-07 3.171901399115750295e-07
7.812344159673674238e-01 1.469095703330654898e-07 1.745698233127394937e-07 3.214793936458049835e-07
7.797256750480644483e-01 1.532663866229964001e-07 1.727527243750997162e-07 3.260191109980960899e-07
7.782280090784490234e-01 1.599906795580345370e-07 1.708364327312050437e-07 3.308271122892395807e-07
7.767416384068971391e-01 1.671073189293015294e-07 1.688163809988229684e-07 3.359236999281245242e-07
7.752667817199319078e-01 1.746379516961791713e-07 1.666877313846369404e-07 3.413256830808161118e-07
7.738036560100486350e-01 1.826037971873571135e-07 1.644454766127439193e-07 3.470492738001010062e-07
7.723524765437892459e-01 1.910217636010734941e-07 1.620843984104296808e-07 3.531061620115032013e-07
7.709134568300703982e-01 1.999041263044582852e-07 1.595992476134206992e-07 3.595033739178789580e-07
7.694868085887706100e-01 2.092586551503449870e-07 1.569847491462625410e-07 3.662434042966075280e-07
7.680727417195800655e-01 2.190842867802520591e-07 1.542357371810122422e-07 3.733200239612643278e-07
7.666714642711188743e-01 2.293714749086453514e-07 1.513473171914166318e-07 3.807187921000620097e-07
7.652831824103270009e-01 2.400995947387519567e-07 1.483149958647301622e-07 3.884145906034821188e-07
7.639081003921318613e-01 2.512349540118488573e-07 1.451349074953743970e-07 3.963698615072232543e-07
7.625464205293958075e-01 2.627317285305319850e-07 1.418039707755008171e-07 4.045356993060328022e-07
7.611983431631513808e-01 2.745283810954078463e-07 1.383201556430618982e-07 4.128485367384697709e-07
7.598640666331248905e-01 2.865485362306454484e-07 1.346826079914127500e-07 4.212311442220581985e-07
7.585437872485550903e-01 2.986980301053406125e-07 1.308920322417515034e-07 4.295900623470921159e-07
7.572376992593109479e-01 3.108722585270094097e-07 1.269507654615725829e-07 4.378230239885819926e-07
7.559459948273119512e-01 3.229440876950668268e-07 1.228630027771458606e-07 4.458070904722126874e-07
7.546688639982557234e-01 3.347836335468206818e-07 1.186350148362981689e-07 4.534186483831188375e-07
7.534064946736569457e-01 3.462389314948507782e-07 1.142752040212150070e-07 4.605141355160657851e-07
7.521590725832019153e-01 3.571596615391700258e-07 1.097942005765883714e-07 4.669538621157583972e-07
7.509267812574222933e-01 3.673816292405570175e-07 1.052049066227840429e-07 4.725865358633410868e-07
7.497098020006931485e-01 3.767467770788844864e-07 1.005223801530247279e-07 4.772691572319092540e-07
7.485083138645576284e-01 3.850946999583920661e-07 9.576384361432862725e-08 4.808585435727206801e-07
7.473224936213834768e-01 3.922741779583158872e-07 9.094833436643919366e-08 4.832225123247550941e-07
7.461525157383549489e-01 3.981429730471301061e-07 8.609661652420558622e-08 4.842395895713356790e-07
7.449985523518042330e-01 4.025781351682010565e-07 8.123079141133380138e-08 4.838089265795348711e-07
7.438607732418848206e-01 4.054692173536110122e-07 7.637395461151763135e-08 4.818431719651286039e-07
7.427393458075923771e-01 4.067334194162572469e-07 7.154986081356343015e-08 4.782832802298206373e-07
7.416344350421356646e-01 4.063108820392562316e-07 6.678241551550858479e-08 4.730932975547648164e-07
7.405462035086615158e-01 4.041672591480129808e-07 6.209529334484260287e-08 4.662625524928555837e-07
7.394748113163370773e-01 4.002983902731202557e-07 5.751151823647706461e-08 4.578099085095973401e-07
7.384204160967936525e-01 3.947260493282347989e-07 5.305302073878729663e-08 4.477790700670220823e-07
7.373831729809341429e-01 3.875013753479909998e-07 4.874024653493953254e-08 4.362416218829305191e-07
7.363632345761094156e-01 3.787017313880527415e-07 4.459183519735470976e-08 4.232935665854074381e-07
7.353607509436655976e-01 3.684325174297106098e-07 4.062427040879516050e-08 4.090567878385057901e-07
7.343758695768654032e-01 3.568143280683646711e-07 3.685168635037198625e-08 3.936660144187366640e-07
7.334087353791881592e-01 3.439942035549462333e-07 3.328566477106392194e-08 3.772798683260101685e-07
7.324594906430101915e-01 3.301292531885883873e-07 2.993511174490661695e-08 3.600643649334950109e-07
7.315282750286697944e-01 3.153922789935698841e-07 2.680620903288235079e-08 3.421984880264522580e-07
7.306152255439196663e-01 2.999604301155323480e-07 2.390246402759901372e-08 3.238628941431313683e-07
7.297204765237683688e-01 2.840154482524384000e-07 2.122475561115735090e-08 3.052402038635957707e-07
7.288441596107168019e-01 2.677380428284727929e-07 1.877147285035329462e-08 2.865095156788261041e-07
7.279864037353894757e-01 2.513052416067055995e-07 1.653871446753822666e-08 2.678439560742438129e-07
7.271473350975651284e-01 2.348851182932102549e-07 1.452052468967281597e-08 2.494056429828830841e-07
7.263270771476095788e-01 2.186320907572146629e-07 1.270914926613360226e-08 2.313412400233482552e-07
7.255257505683125885e-01 2.026923367830619228e-07 1.109532367437171624e-08 2.137876604574336506e-07
7.247434732571318428e-01 1.871879309490104260e-07 9.668598084207526995e-09 1.968565290332179447e-07
7.239803603088472705e-01 1.722318110687228065e-07 8.417634690358704414e-09 1.806494457590815109e-07
7.232365239986272565e-01 1.579135856308434812e-07 7.330514336994483549e-09 1.652440999678379598e-07
7.225120737655098546e-01 1.443064776846578745e-07 6.395040116626024157e-09 1.507015178012838937e-07
7.218071161963011129e-01 1.314640825994270831e-07 5.599002726173151221e-09 1.370630853256002377e-07
7.211217550098937279e-01 1.194285180641725946e-07 4.930436404938438941e-09 1.243589544691110402e-07
7.204560910420061415e-01 1.082152789775277257e-07 4.377828883427887684e-09 1.125931078609556134e-07
7.198102222303477404e-01 9.784190821294551962e-08 3.930313924519758641e-09 1.017722221374652725e-07
7.191842436002089389e-01 8.829549099807806093e-08 3.577824117778309204e-09 9.187331511585636848e-08
7.185782472504805840e-01 7.956516763163921366e-08 3.311213318297047381e-09 8.287638094993626269e-08
7.179923223401034615e-01 7.162866865606993749e-08 3.122373686396303228e-09 7.475104234246624568e-08
7.174265550749507891e-01 6.445376560761226594e-08 3.004322323819916571e-09 6.745808793143217590e-08
7.168810286951444732e-01 5.800494684178877926e-08 2.951192575557635967e-09 6.095613941734641564e-08
7.163558234628085719e-01 5.224631385010630767e-08 2.958068782305163197e-09 5.520438263241147293e-08
7.158510166502605188e-01 4.713655453418147105e-08 3.020931136216887753e-09 5.015748567039835715e-08
7.153666825286419950e-01 4.263181838321466824e-08 3.137548582747808453e-09 4.576936696596247628e-08
7.149028923569914484e-01 3.869595672959960834e-08 3.310143986150803628e-09 4.200610071575041527e-08
7.144597143717603682e-01 3.530093663527206250e-08 3.548946097196970933e-09 3.884988273246903054e-08
7.140372137767735383e-01 3.241602370574820365e-08 3.872785693543592790e-09 3.628880939929179809e-08
7.136354527336354892e-01 3.002879005427486329e-08 4.301494644662027767e-09 3.433028469893688775e-08
7.132544903525854796e-01 2.808948372641931622e-08 4.838350218011441774e-09 3.292783394443075634e-08
7.128943826837997877e-01 2.651952406015412168e-08 5.448775118469227470e-09 3.196829917862335163e-08
7.125551827091461954e-01 2.518511560527783647e-08 6.048398814022591926e-09 3.123351441930043088e-08
7.122369403343880023e-01 2.388293496452007482e-08 6.512691834050121807e-09 3.039562679857019828e-08
7.119397023818418990e-01 2.242695717716841799e-08 6.710044999036499675e-09 2.913700217620491766e-08
7.116635125834893660e-01 2.061585061127932181e-08 6.546354619839563922e-09 2.716220523111888656e-08
7.114084115745419323e-01 1.838356975217807776e-08 6.001102318078281886e-09 2.438467207025635800e-08
7.111744368874628464e-01 1.572479026055728994e-08 5.138075760603837956e-09 2.086286602116112955e-08
7.109616229464450488e-01 1.278511825901263452e-08 4.086228376914477848e-09 1.687134663592711154e-08
7.107700010623464459e-01 9.778195585735721405e-09 3.000083305434977044e-09 1.277827889117069886e-08
7.105995994280831507e-01 6.938338536387298973e-09 2.016910828542862614e-09 8.955249364930162414e-09
7.104504431144814669e-01 4.497530347824981505e-09 1.226557716285264765e-09 5.724088064110246683e-09
7.103225540665892845e-01 2.596874997160189995e-09 6.616160872132811363e-10 3.258491084373471234e-09
7.102159511004473291e-01 1.284980742198976558e-09 3.060225889764669268e-10 1.591003331175443434e-09
7.101306499003211536e-01 5.093245870610059114e-10 1.139516121605343452e-10 6.232761992215402954e-10
7.100666630163928739e-01 1.406323684846962834e-10 2.989772953572054690e-11 1.705300980204168303e-10
7.100239998629153115e-01 1.994151825297965343e-11 3.884905814131135402e-12 2.382642406711078884e-11
7.100026667168265471e-01 1.853756568997212345e-11 4.798494630592416587e-14 1.858555063627804872e-11
