2.678667514821657658e+00 3.182659224224953842e+00 -2.676409095117394443e+00 -1.099727717834153434e-01
2.675540244771152487e+00 3.182659224224953842e+00 -2.673284461709273696e+00 -1.098443816216403690e-01
2.672428089948388763e+00 3.180377748078555999e+00 -2.670418297095717985e+00 -1.036243913448940124e-01
2.669331222831494266e+00 3.180377748078555999e+00 -2.667323758969983416e+00 -1.035043091727034098e-01
2.666249815051341621e+00 3.180377748078555999e+00 -2.664244668554835549e+00 -1.033848264420343388e-01
2.663184037382032798e+00 3.180377748078555999e+00 -2.661181196495945311e+00 -1.032659497747160371e-01
2.660134059731438239e+00 3.178096271932158157e+00 -2.658361923387095871e+00 -9.708295436855590710e-02
2.657100051131776386e+00 3.178096271932158157e+00 -2.655329935992676749e+00 -9.697222667144710095e-02
2.654082179730250513e+00 3.178096271932158157e+00 -2.652314075046065422e+00 -9.686208790964571935e-02
2.651080612779725509e+00 3.178096271932158157e+00 -2.649314507688704801e+00 -9.675254418713069571e-02
2.648095516629461077e+00 3.178096271932158157e+00 -2.646331400159036562e+00 -9.664360157490342607e-02
2.645127056715892433e+00 3.175814795785760314e+00 -2.643578280968600591e+00 -9.050424609697273193e-02
2.642175397553460758e+00 3.175814795785760314e+00 -2.640628350062705021e+00 -9.040325371305195368e-02
2.639240702725494714e+00 3.175814795785760314e+00 -2.637695373558312184e+00 -9.030284177168400317e-02
2.636323134875147911e+00 3.175814795785760314e+00 -2.634779514003344314e+00 -9.020301583777962096e-02
2.633422855696382570e+00 3.173533319639362471e+00 -2.632079652804104608e+00 -8.409897858308040819e-02
2.630540025925007797e+00 3.173533319639362471e+00 -2.629198293448040680e+00 -8.400691473595571501e-02
2.627674805329773378e+00 3.173533319639362471e+00 -2.626334534286385747e+00 -8.391541324201477747e-02
2.624827352703514638e+00 3.173533319639362471e+00 -2.623488534030981700e+00 -8.382447917234417401e-02
2.621997825854350150e+00 3.173533319639362471e+00 -2.620660450409455056e+00 -8.373411756658329097e-02
2.619186381596939395e+00 3.173533319639362471e+00 -2.617850440156480829e+00 -8.364433343264518483e-02
2.616393175743788380e+00 3.171251843492964628e+00 -2.615242482018063530e+00 -7.758872551258276518e-02
2.613618363096618324e+00 3.171251843492964628e+00 -2.612468889737745492e+00 -7.750643888271914472e-02
2.610862097437781415e+00 3.171251843492964628e+00 -2.609713836288766409e+00 -7.742470226085899909e-02
2.608124531521742284e+00 3.171251843492964628e+00 -2.606977474358409985e+00 -7.734352017691177583e-02
2.605405817066610563e+00 3.171251843492964628e+00 -2.604259955598059229e+00 -7.726289713005402016e-02
2.602706104745732940e+00 3.171251843492964628e+00 -2.601561430614795167e+00 -7.718283758847997722e-02
2.600025544179342507e+00 3.168970367346566785e+00 -2.599051194494170769e+00 -7.117386306441660093e-02
2.597364283926265838e+00 3.168970367346566785e+00 -2.596390931538253621e+00 -7.110101294444171049e-02
2.594722471475691350e+00 3.168970367346566785e+00 -2.593750109096848444e+00 -7.102869519432575274e-02
2.592100253238994512e+00 3.168970367346566785e+00 -2.591128873526463927e+00 -7.095691382197674701e-02
2.589497774541623443e+00 3.168970367346566785e+00 -2.588527370098088198e+00 -7.088567280557618588e-02
2.586915179615045357e+00 3.168970367346566785e+00 -2.585945742989137486e+00 -7.081497609335864196e-02
2.584352611588752513e+00 3.168970367346566785e+00 -2.583384135275467397e+00 -7.074482760339287357e-02
2.581810212482330780e+00 3.166688891200168943e+00 -2.580997215825401980e+00 -6.478692136214014852e-02
2.579288123197587268e+00 3.166688891200168943e+00 -2.578475920731551074e+00 -6.472363305404957301e-02
2.576786483510743686e+00 3.166688891200168943e+00 -2.575975068796143130e+00 -6.466085790005708656e-02
2.574305432064687427e+00 3.166688891200168943e+00 -2.573494798618408463e+00 -6.459859937921232087e-02
2.571845106361288824e+00 3.166688891200168943e+00 -2.571035247656918710e+00 -6.453686094193265832e-02
2.569405642753782804e+00 3.166688891200168943e+00 -2.568596552221971585e+00 -6.447564600981209315e-02
2.566987176439207818e+00 3.166688891200168943e+00 -2.566178847468032931e+00 -6.441495797543148050e-02
2.564589841450916730e+00 3.166688891200168943e+00 -2.563782267386249814e+00 -6.435480020217060337e-02
2.562213770651146305e+00 3.164407415053771100e+00 -2.561546966350656707e+00 -5.845122491545327176e-02
2.559859095723655997e+00 3.164407415053771100e+00 -2.559192904216441189e+00 -5.839750822898236160e-02
2.557525947166428004e+00 3.164407415053771100e+00 -2.556860362850350121e+00 -5.834428261890961531e-02
2.555214454284436165e+00 3.164407415053771100e+00 -2.554549471523705151e+00 -5.829155103504125163e-02
2.552924745182478805e+00 3.164407415053771100e+00 -2.552260358307966825e+00 -5.823931639980414049e-02
2.550656946758079968e+00 3.164407415053771100e+00 -2.549993150067634495e+00 -5.818758160808387009e-02
2.548411184694456377e+00 3.164407415053771100e+00 -2.547747972453215937e+00 -5.813634952706429881e-02
2.546187583453551007e+00 3.164407415053771100e+00 -2.545524949894264033e+00 -5.808562299606864071e-02
2.543986266269138152e+00 3.164407415053771100e+00 -2.543324205592481846e+00 -5.803540482640215381e-02
2.541807355139989788e+00 3.164407415053771100e+00 -2.541145861514891635e+00 -5.798569780119626482e-02
2.539650970823116971e+00 3.164407415053771100e+00 -2.538990038387078485e+00 -5.793650467525437303e-02
2.537517232827076530e+00 3.162125938907373701e+00 -2.536982322934751455e+00 -5.209990413598207526e-02
2.535406259405347473e+00 3.162125938907373701e+00 -2.534871794507267406e+00 -5.205656196218995391e-02
2.533318167549779787e+00 3.162125938907373257e+00 -2.532784142822499973e+00 -5.201368958910902729e-02
2.531253072984106733e+00 3.121059368272212975e+00 -2.530719483579786377e+00 5.197128939276361020e-02
2.529211090157532649e+00 3.121059368272212975e+00 -2.528677931204205809e+00 5.192936372300439168e-02
2.527192332238391792e+00 3.121059368272212975e+00 -2.526659598840236498e+00 5.188791490338640067e-02
2.525196911107876474e+00 3.121059368272212975e+00 -2.524664598345486066e+00 5.184694523103665353e-02
2.523224937353833131e+00 3.121059368272212975e+00 -2.522693040284488930e+00 5.180645697652739440e-02
2.521276520264636556e+00 3.121059368272212975e+00 -2.520745033922581868e+00 5.176645238375032765e-02
2.519351767823132970e+00 3.121059368272212975e+00 -2.518820687219848420e+00 5.172693366979223134e-02
2.517450786700653254e+00 3.121059368272212975e+00 -2.516920106825133008e+00 5.168790302481206939e-02
2.515573682251104337e+00 3.162125938907373257e+00 -2.515043398070133662e+00 -5.164936261191906824e-02
2.513720558505127212e+00 3.121059368272212975e+00 -2.513190664963562249e+00 5.161131456705578269e-02
2.511891518164333537e+00 3.121059368272212975e+00 -2.511362010185380189e+00 5.157376099887369530e-02
2.510086662595613305e+00 3.121059368272212975e+00 -2.509557535081110125e+00 5.153670398862243707e-02
2.508306091825517115e+00 3.121059368272212975e+00 -2.507777339656215965e+00 5.150014559003138898e-02
2.506549904534711715e+00 3.159844462760975414e+00 -2.506132414472138858e+00 -4.574653052442311657e-02
2.504818198052512823e+00 3.159844462760975414e+00 -2.504400996422357029e+00 -4.571492550299349061e-02
2.503111068351488999e+00 3.159844462760975414e+00 -2.502694151060250505e+00 -4.568376902737904255e-02
2.501428610042144562e+00 3.159844462760975414e+00 -2.501011972980565101e+00 -4.565306282429676399e-02
2.499770916367675344e+00 3.159844462760975414e+00 -2.499354555410965961e+00 -4.562280859550919832e-02
2.498138079198800376e+00 3.159844462760975414e+00 -2.497721990206870579e+00 -4.559300801773007172e-02
2.496530189028672186e+00 3.159844462760975414e+00 -2.496114367846358206e+00 -4.556366274253143694e-02
2.494947334967859032e+00 3.159844462760975414e+00 -2.494531777425155639e+00 -4.553477439625207290e-02
2.493389604739410181e+00 3.159844462760975414e+00 -2.492974306651701166e+00 -4.550634457990745257e-02
2.491857084673989142e+00 3.159844462760975414e+00 -2.491442041842278243e+00 -4.547837486910088350e-02
2.490349859705094371e+00 3.159844462760975414e+00 -2.489935067916239309e+00 -4.545086681393629979e-02
2.488868013364347487e+00 3.159844462760975414e+00 -2.488453468391293111e+00 -4.542382193893227532e-02
2.487411627776867640e+00 3.159844462760975414e+00 -2.486997325378879964e+00 -4.539724174293759823e-02
2.485980783656717819e+00 3.159844462760975414e+00 -2.485566719579618944e+00 -4.537112769904814297e-02
2.484575560302432429e+00 3.159844462760975414e+00 -2.484161730278836799e+00 -4.534548125452527584e-02
2.483196035592622586e+00 3.159844462760975414e+00 -2.482782435342173244e+00 -4.532030383071562751e-02
2.481842285981659124e+00 3.159844462760975414e+00 -2.481428911211264410e+00 -4.529559682297230189e-02
2.480514386495437318e+00 3.159844462760975414e+00 -2.480101232899509789e+00 -4.527136160057760456e-02
2.479212410727216653e+00 3.159844462760975414e+00 -2.478799473987911117e+00 -4.524759950666708275e-02
2.477936430833543202e+00 3.159844462760975414e+00 -2.477523706620995636e+00 -4.522431185815512650e-02
2.476686517530251930e+00 3.159844462760975414e+00 -2.476274001502820621e+00 -4.520149994566199925e-02
2.475462740088545388e+00 3.159844462760975414e+00 -2.475050427893050742e+00 -4.517916503344227702e-02
2.474265166331155008e+00 3.159844462760975414e+00 -2.473853053603120244e+00 -4.515730835931478643e-02
2.473093862628584994e+00 3.159844462760975414e+00 -2.472681944992479064e+00 -4.513593113459404838e-02
2.471948893895429489e+00 3.159844462760975414e+00 -2.471537166964909549e+00 -4.511503454402306101e-02
2.470830323586779009e+00 3.159844462760975414e+00 -2.470418782964932891e+00 -4.509461974570772719e-02
2.469738213694701923e+00 3.159844462760975414e+00 -2.469326854974291940e+00 -4.507468787105263497e-02
2.468672624744807642e+00 3.159844462760975414e+00 -2.468261443508514841e+00 -4.505524002469831618e-02
2.467633615792895974e+00 3.159844462760975414e+00 -2.467222607613565266e+00 -4.503627728446011474e-02
2.466621244421680181e+00 3.159844462760975414e+00 -2.466210404862565930e+00 -4.501780070126837341e-02
2.465635566737597095e+00 3.159844462760975414e+00 -2.465224891352608250e+00 -4.499981129911022337e-02
2.464676637367698930e+00 3.159844462760975414e+00 -2.464266121701645496e+00 -4.498231007497283801e-02
2.463744509456624154e+00 3.159844462760975414e+00 -2.463334149045464994e+00 -4.496529799878815764e-02
2.462839234663652732e+00 3.159844462760975414e+00 -2.462429025034741592e+00 -4.494877601337915474e-02
2.461960863159843527e+00 3.159844462760975414e+00 -2.461550799832178615e+00 -4.493274503440758405e-02
2.461109443625252968e+00 3.159844462760975414e+00 -2.460699522109723425e+00 -4.491720595032321073e-02
2.460285023246238545e+00 3.159844462760975414e+00 -2.459875239045874906e+00 -4.490215962231461355e-02
2.459487647712842229e+00 3.159844462760975414e+00 -2.459077996323064230e+00 -4.488760688426142453e-02
2.458717361216257835e+00 3.159844462760975414e+00 -2.458307838125125322e+00 -4.487354854268809506e-02
2.457974206446384091e+00 3.159844462760975414e+00 -2.457564807134846596e+00 -4.485998537671925107e-02
2.457258224589458528e+00 3.159844462760975414e+00 -2.456848944531604850e+00 -4.484691813803649840e-02
2.456569455325770868e+00 3.159844462760975414e+00 -2.456160289989081313e+00 -4.483434755083671314e-02
2.455907936827470550e+00 3.159844462760975414e+00 -2.455498881673067402e+00 -4.482227431179199029e-02
2.455273705756444880e+00 3.159844462760975414e+00 -2.454864756239343748e+00 -4.481069909001095947e-02
2.454666797262291311e+00 3.159844462760975414e+00 -2.454257948831653380e+00 -4.479962252700174508e-02
2.454087244980368343e+00 3.159844462760975414e+00 -2.453678493079753054e+00 -4.478904523663639753e-02
2.453535081029930343e+00 3.159844462760975414e+00 -2.453126421097546750e+00 -4.477896780511688574e-02
2.453010336012347636e+00 3.159844462760975414e+00 -2.452601763481307984e+00 -4.476939079094256063e-02
2.452513039009412310e+00 3.159844462760975414e+00 -2.452104549307984716e+00 -4.476031472487927015e-02
2.452043217581726164e+00 3.159844462760975414e+00 -2.451634806133589084e+00 -4.475174010992993834e-02
2.451600897767170384e+00 3.159844462760975414e+00 -2.451192559991664410e+00 -4.474366742130660851e-02
2.451186104079466244e+00 3.159844462760975414e+00 -2.450777835391849901e+00 -4.473609710640421427e-02
2.450798859506813532e+00 3.159844462760975414e+00 -2.450390655318515520e+00 -4.472902958477568969e-02
2.450439185510619122e+00 3.159844462760975414e+00 -2.450031041229494555e+00 -4.472246524810879337e-02
2.450107102024305927e+00 3.159844462760975414e+00 -2.449699013054889019e+00 -4.471640446020435505e-02
2.449802627452207560e+00 3.159844462760975414e+00 -2.449394589195966976e+00 -4.471084755695610424e-02
2.449525778668550924e+00 3.159844462760975414e+00 -2.449117786524145579e+00 -4.470579484633211559e-02
2.449276571016519188e+00 3.159844462760975414e+00 -2.448868620380052263e+00 -4.470124660835769065e-02
2.449055018307400022e+00 3.159844462760975414e+00 -2.448647104572673427e+00 -4.469720309509982864e-02
2.448861132819823982e+00 3.159844462760975414e+00 -2.448453251378595485e+00 -4.469366453065329314e-02
2.448694925299081504e+00 3.159844462760975414e+00 -2.448287071541318749e+00 -4.469063111112820535e-02
2.448556404956526489e+00 3.159844462760975414e+00 -2.448148574270662792e+00 -4.468810300463908758e-02
2.448445579469068267e+00 3.159844462760975414e+00 -2.448037767242258411e+00 -4.468608035129565531e-02
2.448362454978744385e+00 3.159844462760975414e+00 -2.447954656597119971e+00 -4.468456326319497629e-02
