9.999973332831733064e-01 4.469875488344268274e-06
9.999760001370845419e-01 4.022870089491917218e-05
9.999333369836070906e-01 1.117433625367959571e-04
9.998693500996788108e-01 2.189786492438263333e-04
9.997840488995526353e-01 3.617471888701516056e-04
9.996774459334107910e-01 5.394538838373253353e-04
9.995495568855184976e-01 7.507671103105340938e-04
9.994004005719168138e-01 9.933965255849816923e-04
9.992299989376534075e-01 1.264159464312514377e-03
9.990383770535549157e-01 1.559353610584723058e-03
9.988255631125371181e-01 1.875233906743850164e-03
9.985915884254580321e-01 2.208316502903151513e-03
9.983364874165105984e-01 2.555385546127738813e-03
9.980602976181580654e-01 2.913316738060589203e-03
9.977630596656119621e-01 3.278931482310881891e-03
9.974448172908537691e-01 3.648996263026550464e-03
9.971056173162000658e-01 4.020326564725243412e-03
9.967455096474144849e-01 4.389897846059359100e-03
9.963645472663644753e-01 4.754914088154478351e-03
9.959627862232265372e-01 5.112843758448539812e-03
9.955402856282395962e-01 5.461446505827738211e-03
9.950971076430086271e-01 5.798798505728397501e-03
9.946333174713579695e-01 6.123313054628933341e-03
9.941489833497394457e-01 6.433752967705942336e-03
9.936441765371913926e-01 6.729234189196373582e-03
9.931189713048556023e-01 7.009221129756454220e-03
9.925734449250491753e-01 7.273514231704683239e-03
9.920076776598965029e-01 7.522230394515150124e-03
9.914217527495193805e-01 7.755777105468400663e-03
9.908157563997910255e-01 7.974821336184942724e-03
9.901897777696522240e-01 8.180254440184560327e-03
9.895439089579938230e-01 8.373154336191278649e-03
9.888782449901063476e-01 8.554746325498813891e-03
9.881928838036988516e-01 8.726363891425913122e-03
9.874879262344902209e-01 8.889410638602140285e-03
9.867634760013728190e-01 9.045324579886840355e-03
9.860196396911526939e-01 9.195545555053342979e-03
9.852565267428682327e-01 9.341486678538780258e-03
9.844742494316873760e-01 9.484510154960424516e-03
9.836729228523903856e-01 9.625907876971404736e-03
9.828526649024349471e-01 9.766886752324512380e-03
9.820135962646104888e-01 9.908558697901420284e-03
9.811558403892830516e-01 1.005193494708843914e-02
9.802795234762315957e-01 1.019792421994831708e-02
9.793847744560804092e-01 1.034733421570578106e-02
9.784717249713301701e-01 1.050087583280582930e-02
9.775405093569897730e-01 1.065916944852541084e-02
9.765912646208118053e-01 1.082275269317169684e-02
9.756241304231345612e-01 1.099208915636511533e-02
9.746392490563342559e-01 1.116757748975682855e-02
9.736367654238905489e-01 1.134956047823638785e-02
9.726168270190658216e-01 1.153833385525060255e-02
9.715795839032064229e-01 1.173415442994126326e-02
9.705251886836628872e-01 1.193724752116344726e-02
9.694537964913385597e-01 1.214781352804175478e-02
9.683655649578644109e-01 1.236603358319643235e-02
9.672606541924075874e-01 1.259207437473713193e-02
9.661392267581151438e-01 1.282609208574306096e-02
9.650014476481957315e-01 1.306823563812585347e-02
9.638474842616450156e-01 1.331864922825119410e-02
9.626775063786165987e-01 1.357747432154839812e-02
9.614916861354423361e-01 1.384485113705403829e-02
9.602901979993068160e-01 1.412091982387477830e-02
9.590732187425776711e-01 1.440582124832524326e-02
9.578409274167980492e-01 1.469969758014363220e-02
9.565935053263430188e-01 1.500269277793732717e-02
9.553311360017442411e-01 1.531495282806172135e-02
9.540540051726880133e-01 1.563662600539076838e-02
9.527623007406890165e-01 1.596786302424071241e-02
9.514562127514449852e-01 1.630881718679233136e-02
9.501359333668750740e-01 1.665964448351545807e-02
9.488016568368484727e-01 1.702050373651619805e-02
9.474535794706041569e-01 1.739155667812171402e-02
9.460918996078681031e-01 1.777296808417298812e-02
9.447168175896729636e-01 1.816490591676732727e-02
9.433285357288810902e-01 1.856754141345332704e-02
9.419272582804198990e-01 1.898104925017390920e-02
9.405131914112293545e-01 1.940560766915948310e-02
9.390865431699295662e-01 1.984139861002213664e-02
9.376475234562107186e-01 2.028860789512803436e-02
9.361963439899513295e-01 2.074742530007469415e-02
9.347332182800680567e-01 2.121804476836883918e-02
9.332583615931028254e-01 2.170066452328574952e-02
9.317719909215509411e-01 2.219548721274023501e-02
9.302743249519354052e-01 2.270272006514940238e-02
9.287655840326325407e-01 2.322257502097831161e-02
9.272459901414517036e-01 2.375526889249099730e-02
9.257157668529769623e-01 2.430102349763220773e-02
9.241751393056729658e-01 2.486006580122920862e-02
9.226243341687601074e-01 2.543262807675633966e-02
9.210635796088660898e-01 2.601894801615511552e-02
9.194931052564556673e-01 2.661926892011804227e-02
9.179131421720458928e-01 2.723383983208989972e-02
9.163239228122104230e-01 2.786291565044189331e-02
9.147256809953788759e-01 2.850675736125509244e-02
9.131186518674356822e-01 2.916563213315048059e-02
9.115030718671233156e-01 2.983981349933053501e-02
9.098791786912558965e-01 3.052958154737522856e-02
9.082472112597470559e-01 3.123522305975257735e-02
9.066074096804583871e-01 3.195703171400181980e-02
9.049600152138728149e-01 3.269530825398225121e-02
9.033052702375983234e-01 3.345036072435748215e-02
9.016434182107078144e-01 3.422250461721863118e-02
8.999747036379192044e-01 3.501206312833761436e-02
8.982993720336218679e-01 3.581936737091958450e-02
8.966176698857549754e-01 3.664475661551332836e-02
8.949298446195421697e-01 3.748857851750728859e-02
8.932361445610881301e-01 3.835118942168892764e-02
8.915368189008431310e-01 3.923295458015924747e-02
8.898321176569403690e-01 4.013424853124370612e-02
8.881222916384108323e-01 4.105545532473180159e-02
8.864075924082827074e-01 4.199696892327915709e-02
8.846882722465693183e-01 4.295919353166304661e-02
8.829645841131518180e-01 4.394254396731927387e-02
8.812367816105615148e-01 4.494744609804982027e-02
8.795051189466680519e-01 4.597433722275879459e-02
8.777698508972784364e-01 4.702366660877304455e-02
8.760312327686521350e-01 4.809589593395755674e-02
8.742895203599385656e-01 4.919149985623298693e-02
8.725449699255418690e-01 5.031096657626985685e-02
8.707978381374192889e-01 5.145479847484522862e-02
8.690483820473163812e-01 5.262351277740019706e-02
8.672968590489488205e-01 5.381764226447734167e-02
8.655435268401316939e-01 5.503773612958305639e-02
8.637886433848657175e-01 5.628436073753834840e-02
8.620324668753825970e-01 5.755810063007769928e-02
8.602752556941588580e-01 5.885955947987951686e-02
8.585172683758999224e-01 6.018936124744642124e-02
8.567587635695024240e-01 6.154815132151495588e-02
8.549999999999999822e-01 6.293659783919404449e-02
8.532412364304975405e-01 6.435539309033329325e-02
8.514827316241000421e-01 6.580525510787009480e-02
8.497247443058409955e-01 6.728692933640467722e-02
8.479675331246173675e-01 6.880119056508783582e-02
8.462113566151343580e-01 7.034884506009184135e-02
8.444564731598682705e-01 7.193073295074031703e-02
8.427031409510511439e-01 7.354773072739459461e-02
8.409516179526835833e-01 7.520075407836618320e-02
8.392021618625807866e-01 7.689076068641033379e-02
8.374550300744580955e-01 7.861875337572536704e-02
8.357104796400615099e-01 8.038578356357893584e-02
8.339687672313478295e-01 8.219295543006575888e-02
8.322301491027215281e-01 8.404143119187894306e-02
8.304948810533319126e-01 8.593243794014038262e-02
8.287632183894384497e-01 8.786727610211662876e-02
8.270354158868481464e-01 8.984732867592448713e-02
8.253117277534306462e-01 9.187407029044701579e-02
8.235924075917173681e-01 9.394907402643726257e-02
8.218777083615892431e-01 9.607401457662713418e-02
8.201678823430595955e-01 9.825066767556563108e-02
8.184631810991568335e-01 1.004809087555348923e-01
8.167638554389119454e-01 1.027667174099082814e-01
8.150701553804577948e-01 1.051101972540718354e-01
8.133823301142449891e-01 1.075136217924718002e-01
8.117006279663780965e-01 1.099795126201119355e-01
8.100252963620808710e-01 1.125107470535875176e-01
8.083565817892921501e-01 1.151106770365915577e-01
8.066947297624016411e-01 1.177832247962325163e-01
8.050399847861271496e-01 1.205329086756379148e-01
8.033925903195415774e-01 1.233647514884293334e-01
8.017527887402529085e-01 1.262840432031284155e-01
8.001208213087440679e-01 1.292959698862611029e-01
7.984969281328766488e-01 1.324051817040294288e-01
7.968813481325642822e-01 1.356154405304037802e-01
7.952743190046209776e-01 1.389295437555341794e-01
7.936760771877895415e-01 1.423497424238392428e-01
7.920868578279540717e-01 1.458788364313014785e-01
7.905068947435442972e-01 1.495220253603505023e-01
7.889364203911338747e-01 1.532894230687335269e-01
7.873756658312398571e-01 1.571989257578156329e-01
7.858248606943271097e-01 1.612788922410910708e-01
7.842842331470230022e-01 1.655699038895050157e-01
7.827540098585482609e-01 1.701247775295088305e-01
7.812344159673674238e-01 1.750060768331165029e-01
7.797256750480644483e-01 1.802806506299292899e-01
7.782280090784490234e-01 1.860112345344403229e-01
7.767416384068971391e-01 1.922458102110123357e-01
7.752667817199319078e-01 1.990060692660351460e-01
7.738036560100486350e-01 2.062767592422416474e-01
7.723524765437892459e-01 2.139977174494104573e-01
7.709134568300703982e-01 2.220599754388081770e-01
7.694868085887706100e-01 2.303065818676598986e-01
7.680727417195800655e-01 2.385379762396013237e-01
7.666714642711188743e-01 2.465211086763398896e-01
7.652831824103270009e-01 2.540011530819386021e-01
7.639081003921318613e-01 2.607146096701178917e-01
7.625464205293958075e-01 2.664027413035722769e-01
7.611983431631513808e-01 2.708245309837941095e-01
7.598640666331248905e-01 2.737685968038491291e-01
7.585437872485550903e-01 2.750637206888391084e-01
7.572376992593109479e-01 2.745878241527111019e-01
7.559459948273119512e-01 2.722753667592685001e-01
7.546688639982557234e-01 2.681232524919561766e-01
7.534064946736569457e-01 2.621954260845860141e-01
7.521590725832019153e-01 2.546264004380398571e-01
7.509267812574222933e-01 2.456239645653219283e-01
7.497098020006931485e-01 2.354712144169466004e-01
7.485083138645576284e-01 2.245277099041132762e-01
7.473224936213834768e-01 2.132288066621888800e-01
7.461525157383549489e-01 2.020807922761650444e-01
7.449985523518042330e-01 1.916472873358513740e-01
7.438607732418848206e-01 1.825200345511772126e-01
7.427393458075923771e-01 1.752669827560008609e-01
7.416344350421356646e-01 1.703566878271703389e-01
7.405462035086615158e-01 1.680731780205748926e-01
7.394748113163370773e-01 1.684526227512150587e-01
7.384204160967936525e-01 1.712742712090389308e-01
7.373831729809341429e-01 1.761131504418128046e-01
7.363632345761094156e-01 1.824292518372048477e-01
7.353607509436655976e-01 1.896560091854696262e-01
7.343758695768654032e-01 1.972639287393191665e-01
7.334087353791881592e-01 2.047948479139349298e-01
7.324594906430101915e-01 2.118738056395867431e-01
7.315282750286697944e-01 2.182077416006703852e-01
7.306152255439196663e-01 2.235780198561191090e-01
7.297204765237683688e-01 2.278308930098643104e-01
7.288441596107168019e-01 2.308679233010378640e-01
7.279864037353894757e-01 2.326371718506008435e-01
7.271473350975651284e-01 2.331253742483564984e-01
7.263270771476095788e-01 2.323510719238696676e-01
7.255257505683125885e-01 2.303585890368513023e-01
7.247434732571318428e-01 2.272127373794360639e-01
7.239803603088472705e-01 2.229941487082660045e-01
7.232365239986272565e-01 2.177951586803409667e-01
7.225120737655098546e-01 2.117161869128005580e-01
7.218071161963011129e-01 2.048625719078806806e-01
7.211217550098937279e-01 1.973418298239233704e-01
7.204560910420061415e-01 1.892613116828736064e-01
7.198102222303477404e-01 1.807262355975425283e-01
7.191842436002089389e-01 1.718380710697740010e-01
7.185782472504805840e-01 1.626932513274690073e-01
7.179923223401034615e-01 1.533821879717277015e-01
7.174265550749507891e-01 1.439885613077182269e-01
7.168810286951444732e-01 1.345888583642907421e-01
7.163558234628085719e-01 1.252521304035502381e-01
7.158510166502605188e-01 1.160399421143964577e-01
7.153666825286419950e-01 1.070064853746206524e-01
7.149028923569914484e-01 9.819883162499212781e-02
7.144597143717603682e-01 8.965729854997211978e-02
7.140372137767735383e-01 8.141590871727813483e-02
7.136354527336354892e-01 7.350291984451066962e-02
7.132544903525854796e-01 6.594140860632158319e-02
7.128943826837997877e-01 5.874989144476886610e-02
7.125551827091461954e-01 5.194296632042880169e-02
7.122369403343880023e-01 4.553195827937277923e-02
7.119397023818418990e-01 3.952554908958572782e-02
7.116635125834893660e-01 3.393036817391548166e-02
7.114084115745419323e-01 2.875152041304880612e-02
7.111744368874628464e-01 2.399302819059226030e-02
7.109616229464450488e-01 1.965817163870615947e-02
7.107700010623464459e-01 1.574972203488504002e-02
7.105995994280831507e-01 1.227007675774170227e-02
7.104504431144814669e-01 9.221316597026869150e-03
7.103225540665892845e-01 6.605214255402750041e-03
7.102159511004473291e-01 4.423224167345079540e-03
7.101306499003211536e-01 2.676478147519542085e-03
7.100666630163928739e-01 1.365800656186480933e-03
7.100239998629153115e-01 4.917450176235118372e-04
7.100026667168265471e-01 5.464136803702018564e-05
