2.127654734498529265e+00 1.730118423597057994e-07
2.127616015304290453e+00 1.684524412685174549e-07
2.127538579914193040e+00 1.587579157993458995e-07
2.127422434324767853e+00 1.430476626348157406e-07
2.127267587530228710e+00 1.210049786657860980e-07
2.127074051521778308e+00 9.389309267721959203e-08
2.126841841286677415e+00 6.503725716711350699e-08
2.126570974807087566e+00 3.898909767787847624e-08
2.126261473058674856e+00 1.955289589389183832e-08
2.125913360008988562e+00 8.001649343576361212e-09
2.125526662615602191e+00 2.864720479882197152e-09
2.125101410824029369e+00 1.351912885308898882e-09
2.124637637565402137e+00 1.109781735536257720e-09
2.124135378753921444e+00 1.012300671725030362e-09
2.123594673284077583e+00 8.570225810566619376e-10
2.123015563027635721e+00 7.319593927074242820e-10
2.122398092830394489e+00 6.764347964423112708e-10
2.121742310508714535e+00 6.631314359838019332e-10
2.121048266845813490e+00 6.624841330778337641e-10
2.120316015587833558e+00 6.634682292965759049e-10
2.119545613439682175e+00 6.643150146149367340e-10
2.118737120060636858e+00 6.648612297619987518e-10
2.117890598059728458e+00 6.651021415310091865e-10
2.117006112990890809e+00 6.651863695877296840e-10
2.116083733347885243e+00 6.652563072692736616e-10
2.115123530558996823e+00 6.653628460289648327e-10
2.114125578981501441e+00 6.654995087926347871e-10
2.113089955895909089e+00 6.656492712824347933e-10
2.112016741499979311e+00 6.658031937698798395e-10
2.110906018902509285e+00 6.659598578046400523e-10
2.109757874116900300e+00 6.661202557613629575e-10
2.108572396054494646e+00 6.662851244299017232e-10
2.107349676517691339e+00 6.664545659335253060e-10
2.106089810192838030e+00 6.666284985482826603e-10
2.104792894642896428e+00 6.668068388272723191e-10
2.103459030299889232e+00 6.669895555616897284e-10
2.102088320457121906e+00 6.671766108277069689e-10
2.100680871261182414e+00 6.673679907742386571e-10
2.099236791703723792e+00 6.675636400134885248e-10
2.097756193613022013e+00 6.677635459470324149e-10
2.096239191645317579e+00 6.679676593195771914e-10
2.094685903275935068e+00 6.681759484509176847e-10
2.093096448790187303e+00 6.683883726324603016e-10
2.091470951274058798e+00 6.686048914897832142e-10
2.089809536604676943e+00 6.688254594590650271e-10
2.088112333440562018e+00 6.690500296071924099e-10
2.086379473211663171e+00 6.692785537339941409e-10
2.084611090109183440e+00 6.695109785687769688e-10
2.082807321075186735e+00 6.697472475142333791e-10
2.080968305791991213e+00 6.699873018900122089e-10
2.079094186671356148e+00 6.702310804820018896e-10
2.077185108843450756e+00 6.704785193451493040e-10
2.075241220145616072e+00 6.707295466808825573e-10
2.073262671110918109e+00 6.709840961487393576e-10
2.071249614956488294e+00 6.712420902255253704e-10
2.069202207571660068e+00 6.715034552276749418e-10
2.067120607505897212e+00 6.717681070610867421e-10
2.065004975956514333e+00 6.720359726797561553e-10
2.062855476756194850e+00 6.723069543487945239e-10
2.060672276360304256e+00 6.725809799218896345e-10
2.058455543833999535e+00 6.728579472522616792e-10
2.056205450839137416e+00 6.731377747026980818e-10
2.053922171620979231e+00 6.734203622878139544e-10
2.051605882994699925e+00 6.737056182516693746e-10
2.049256764331694125e+00 6.739934435581640233e-10
2.046874997545686803e+00 6.742837393125781540e-10
2.044460767078644547e+00 6.745764032705023127e-10
2.042014259886494543e+00 6.748713359518033528e-10
2.039535665424643707e+00 6.751684266047389399e-10
2.037025175633312202e+00 6.754675766298537221e-10
2.034482984922664883e+00 6.757686687918887609e-10
2.031909290157759784e+00 6.760716032367512398e-10
2.029304290643300757e+00 6.763762582314926915e-10
2.026668188108204482e+00 6.766825313914984094e-10
2.024001186689980525e+00 6.769902978034776648e-10
2.021303492918918643e+00 6.772994484494068854e-10
2.018575315702099804e+00 6.776098605683680999e-10
2.015816866307216237e+00 6.779214174389308362e-10
2.013028358346211633e+00 6.782339942705828875e-10
2.010210007758739259e+00 6.785474725974839172e-10
2.007362032795438456e+00 6.788617197791585767e-10
2.004484654001036592e+00 6.791766178233898824e-10
2.001578094197267177e+00 6.794920298771188495e-10
1.998642578465616104e+00 6.798078323174911430e-10
1.995678334129891596e+00 6.801238871131489513e-10
1.992685590738620061e+00 6.804400641954668270e-10
1.989664580047270093e+00 6.807562252833299055e-10
1.986615536000305937e+00 6.810722333041601499e-10
1.983538694713070427e+00 6.813879478614807903e-10
1.980434294453501165e+00 6.817032282923392361e-10
1.977302575623678171e+00 6.820179282853089463e-10
1.974143780741208332e+00 6.823319064866485645e-10
1.970958154420445085e+00 6.826450098439564272e-10
1.967745943353544691e+00 6.829570941284403943e-10
1.964507396291363506e+00 6.832680033145071749e-10
1.961242764024194951e+00 6.835775859689539168e-10
1.957952299362347715e+00 6.838856869344495567e-10
1.954636257116569187e+00 6.841921469512352440e-10
1.951294894078312581e+00 6.844968066452946007e-10
1.947928468999851725e+00 6.847995054857191325e-10
1.944537242574243097e+00 6.851000777617310360e-10
1.941121477415138186e+00 6.853983599323533404e-10
1.937681438036446879e+00 6.856941815735112951e-10
1.934217390831853622e+00 6.859873745007316873e-10
1.930729604054187920e+00 6.862777645526216435e-10
1.927218347794652065e+00 6.865651812864778920e-10
1.923683893961904090e+00 6.868494424075009511e-10
1.920126516261002614e+00 6.871303766064217657e-10
1.916546490172210682e+00 6.874077966822760969e-10
1.912944092929662609e+00 6.876815246131139971e-10
1.909319603499896045e+00 6.879513726370442342e-10
1.905673302560248583e+00 6.882171563038429963e-10
1.902005472477122039e+00 6.884786835267710830e-10
1.898316397284116608e+00 6.887357665104748079e-10
1.894606362660035792e+00 6.889882075037859471e-10
1.890875655906762987e+00 6.892358158507562525e-10
1.887124565927013720e+00 6.894783900240853746e-10
1.883353383201962661e+00 6.897157312785213493e-10
1.879562399768749836e+00 6.899476381706906059e-10
1.875751909197864720e+00 6.901739061324812202e-10
1.871922206570412861e+00 6.903943268355516896e-10
1.868073588455264833e+00 6.906086962331608926e-10
1.864206352886089935e+00 6.908167970856906168e-10
1.860320799338278430e+00 6.910184227463220943e-10
1.856417228705746769e+00 6.912133529289038266e-10
1.852495943277640666e+00 6.914013745676346943e-10
1.848557246714924496e+00 6.915822642034217227e-10
1.844601444026864101e+00 6.917558026765761398e-10
1.840628841547411021e+00 6.919217657901514891e-10
1.836639746911477022e+00 6.920799256031926443e-10
1.832634469031111824e+00 6.922300568632059602e-10
1.828613318071583116e+00 6.923719255696381895e-10
1.824576605427354892e+00 6.925053026004103502e-10
1.820524643697974732e+00 6.926299492440015883e-10
1.816457746663867390e+00 6.927456334433711007e-10
1.812376229262032901e+00 6.928521116020446689e-10
1.808280407561661640e+00 6.929491438432461129e-10
1.804170598739655240e+00 6.930364887259296800e-10
1.800047121056067123e+00 6.931138971991723401e-10
1.795910293829454663e+00 6.931811259278191548e-10
1.791760437412153184e+00 6.932379185776992453e-10
1.787597873165465590e+00 6.932840332393078014e-10
1.783422923434780927e+00 6.933192031565949336e-10
1.779235911524606806e+00 6.933431847047687221e-10
1.775037161673537423e+00 6.933557115638435639e-10
1.770826999029141646e+00 6.933565269619565053e-10
1.766605749622785826e+00 6.933453672091165415e-10
1.762373740344386430e+00 6.933219709073262743e-10
1.758131298917093410e+00 6.932860675261896747e-10
1.753878753871914942e+00 6.932373932456701242e-10
1.749616434522273778e+00 6.931756751614554663e-10
1.745344670938506315e+00 6.931006423529843970e-10
1.741063793922303038e+00 6.930120216273651221e-10
1.736774134981089901e+00 6.929095364071750861e-10
1.732476026302358640e+00 6.927929083125753116e-10
1.728169800727939798e+00 6.926618613074882859e-10
1.723855791728230891e+00 6.925161105693349159e-10
1.719534333376370405e+00 6.923553749121771485e-10
1.715205760322368267e+00 6.921793713007101507e-10
1.710870407767191015e+00 6.919878120203448787e-10
1.706528611436803899e+00 6.917804083019783520e-10
1.702180707556172568e+00 6.915568755474511611e-10
1.697827032823225668e+00 6.913169170892173689e-10
1.693467924382781931e+00 6.910602461498658846e-10
1.689103719800442160e+00 6.907865668671773752e-10
1.684734757036447483e+00 6.904955837322479207e-10
1.680361374419509168e+00 6.901870038213634442e-10
1.675983910620606920e+00 6.898605264510780698e-10
1.671602704626764080e+00 6.895158575334239036e-10
1.667218095714797510e+00 6.891526931223826803e-10
1.662830423425041726e+00 6.887707389599074186e-10
1.658440027535056593e+00 6.883696889710575626e-10
1.654047248033316375e+00 6.879492435231036903e-10
1.649652425092879238e+00 6.875091033298033130e-10
1.645255899045045656e+00 6.870489612776244412e-10
1.640858010353003493e+00 6.865685164807105169e-10
1.636459099585461985e+00 6.860674672293190297e-10
1.632059507390280384e+00 6.855455060920397187e-10
1.627659574468085069e+00 6.850023355096893293e-10
1.623259641545890197e+00 6.844376467965516286e-10
1.618860049350708152e+00 6.838511420175708374e-10
1.614461138583167088e+00 6.832425153056614814e-10
1.610063249891124482e+00 6.826114689671529393e-10
1.605666723843290900e+00 6.819576988253101429e-10
1.601271900902853762e+00 6.812809106461623400e-10
1.596879121401113988e+00 6.805808015554911055e-10
1.592488725511128855e+00 6.798570807363150158e-10
1.588101053221373071e+00 6.791094500300930120e-10
1.583716444309406501e+00 6.783376207966334558e-10
1.579335238315563661e+00 6.775413043991644803e-10
1.574957774516661413e+00 6.767202125617083783e-10
1.570584391899722654e+00 6.758740665666376634e-10
1.566215429135727977e+00 6.750025835135245748e-10
1.561851224553388651e+00 6.741054959838448494e-10
1.557492116112944913e+00 6.731825274865659509e-10
1.553138441379998014e+00 6.722334211814728205e-10
1.548790537499366238e+00 6.712579133342173063e-10
1.544448741168979122e+00 6.702557601969428657e-10
1.540113388613802314e+00 6.692267122384268378e-10
1.535784815559800176e+00 6.681705374548849957e-10
1.531463357207939691e+00 6.670870120066434245e-10
1.527149348208230784e+00 6.659759166337164621e-10
1.522843122633811941e+00 6.648370512740848344e-10
1.518545013955080236e+00 6.636702205238783928e-10
1.514255355013867099e+00 6.624752499284142461e-10
1.509974477997663822e+00 6.612519761296580999e-10
1.505702714413896803e+00 6.600002540388886041e-10
1.501440395064255640e+00 6.587199537570315540e-10
1.497187850019076949e+00 6.574109732891267343e-10
1.492945408591784151e+00 6.560732256039532933e-10
1.488713399313384533e+00 6.547066546046233786e-10
1.484492149907029157e+00 6.533112241723034012e-10
1.480281987262633381e+00 6.518869377466751493e-10
1.476083237411563553e+00 6.504338232923914796e-10
1.471896225501389432e+00 6.489519499864653801e-10
1.467721275770704548e+00 6.474414253575462648e-10
1.463558711524017619e+00 6.459023995141233651e-10
1.459408855106715697e+00 6.443350683073689848e-10
1.455272027880103236e+00 6.427396854296647399e-10
1.451148550196515119e+00 6.411165537768121624e-10
1.447038741374508941e+00 6.394660421559359460e-10
1.442942919674137459e+00 6.377885817551722174e-10
1.438861402272303192e+00 6.360846822187039598e-10
1.434794505238195406e+00 6.343549237387157307e-10
1.430742543508815690e+00 6.325999767417379258e-10
1.426705830864587465e+00 6.308205987906346311e-10
1.422684679905058314e+00 6.290176464509891720e-10
1.418679402024693559e+00 6.271920739596724406e-10
1.414690307388759560e+00 6.253449518621988942e-10
1.410717704909306036e+00 6.234774530439076242e-10
1.406761902221246086e+00 6.215908717424001973e-10
1.402823205658529471e+00 6.196866132141013140e-10
1.398901920230423812e+00 6.177661880688560906e-10
1.394998349597892151e+00 6.158312240332409412e-10
1.391112796050080203e+00 6.138834078155736268e-10
1.387245560480905748e+00 6.119245245540294888e-10
1.383396942365757276e+00 6.099563586583484587e-10
1.379567239738305418e+00 6.079807114028837009e-10
1.375756749167420523e+00 6.059993097053951822e-10
1.371965765734207920e+00 6.040137310700715864e-10
1.368194583009156862e+00 6.020253739034658183e-10
1.364443493029407595e+00 6.000352759037763702e-10
1.360712786276134345e+00 5.980440709663050188e-10
1.357002751652053529e+00 5.960518039856962445e-10
1.353313676459048320e+00 5.940578265965520985e-10
1.349645846375921554e+00 5.920605783894953941e-10
1.345999545436274314e+00 5.900574881933271275e-10
1.342375056006507528e+00 5.880447249239309455e-10
1.338772658763959456e+00 5.860170692305610253e-10
1.335192632675167523e+00 5.839677098948332234e-10
1.331635254974266047e+00 5.818881057558782428e-10
1.328100801141518073e+00 5.797678169399641924e-10
1.324589544881982217e+00 5.775944110591033078e-10
1.321101758104316737e+00 5.753533796998757598e-10
1.317637710899723480e+00 5.730280995015748250e-10
1.314197671521032174e+00 5.705998398838888487e-10
1.310781906361927263e+00 5.680478607695857823e-10
1.307390679936318634e+00 5.653495301587446366e-10
1.304024254857858001e+00 5.624805204428530051e-10
1.300682891819601172e+00 5.594150962045760651e-10
1.297366849573822645e+00 5.561264326348329233e-10
1.294076384911975408e+00 5.525870129295838749e-10
1.290811752644806853e+00 5.487690925942347919e-10
1.287573205582625668e+00 5.446451784319796908e-10
1.284360994515725274e+00 5.401885858888162974e-10
1.281175368194962028e+00 5.353739845666671172e-10
1.278016573312492410e+00 5.301779737797034547e-10
1.274884854482669194e+00 5.245796528026362434e-10
1.271780454223099710e+00 5.185611632467260013e-10
1.268703612935864422e+00 5.121081885730825323e-10
1.265654568888900267e+00 5.052104157533237688e-10
1.262633558197550299e+00 4.978619489970239408e-10
1.259640814806278764e+00 4.900615726330061820e-10
1.256676570470554255e+00 4.818130140033027865e-10
1.253741054738903182e+00 4.731250474801189332e-10
1.250834494935133545e+00 4.640115359462754369e-10
1.247957116140731681e+00 4.544912806567134884e-10
1.245109141177431100e+00 4.445879127488685252e-10
1.242290790589958283e+00 4.343295058564629157e-10
1.239502282628953678e+00 4.237482331007258525e-10
1.236743833234070333e+00 4.128798744961847477e-10
1.234015656017251494e+00 4.017632573363512085e-10
1.231317962246189834e+00 3.904396576889895967e-10
1.228650960827965433e+00 3.789522532681312635e-10
1.226014858292869603e+00 3.673453624480662391e-10
1.223409858778410353e+00 3.556640098833587618e-10
1.220836164013505032e+00 3.439531690503294934e-10
1.218293973302857935e+00 3.322573858870537880e-10
1.215783483511526430e+00 3.206201683820348331e-10
1.213304889049675817e+00 3.090836110555262347e-10
1.210858381857525590e+00 2.976879689581457391e-10
1.208444151390483334e+00 2.864712718711008633e-10
1.206062384604475790e+00 2.754690345283730719e-10
1.203713265941470212e+00 2.647138826574584162e-10
1.201396977315190906e+00 2.542352771533603969e-10
1.199113698097032943e+00 2.440592382294113257e-10
1.196863605102170380e+00 2.342080905904816725e-10
1.194646872575865881e+00 2.247002486074109744e-10
1.192463672179975509e+00 2.155501043478179996e-10
1.190314172979655805e+00 2.067678858877308935e-10
1.188198541430272925e+00 1.983597935076654061e-10
1.186116941364509847e+00 1.903280254948163348e-10
1.184069533979681843e+00 1.826711008162449644e-10
1.182056477825252028e+00 1.753841703464167615e-10
1.180077928790554065e+00 1.684594915145466428e-10
1.178134040092719603e+00 1.618870418715179722e-10
1.176224962264813989e+00 1.556549935191661663e-10
1.174350843144178924e+00 1.497504879098075320e-10
1.172511827860983624e+00 1.441602398882282853e-10
1.170708058826986475e+00 1.388711406607925279e-10
1.168939675724506966e+00 1.338708801815649711e-10
1.167206815495608341e+00 1.291484479429867543e-10
1.165509612331493194e+00 1.246945595810032737e-10
1.163848197662111339e+00 1.205020099433041436e-10
1.162222700145983056e+00 1.165660060709648064e-10
1.160633245660235069e+00 1.128842286048723979e-10
1.159079957290852558e+00 1.094571826113359915e-10
1.157562955323148124e+00 1.062880889152046337e-10
1.156082357232446345e+00 1.033832475066774283e-10
1.154638277674987945e+00 1.007521613407670971e-10
1.153230828479048453e+00 9.840815291243032997e-11
1.151860118636280683e+00 9.636842391536742329e-11
1.150526254293273709e+00 9.465289822818905196e-11
1.149229338743332329e+00 9.328162286491315984e-11
1.147969472418478798e+00 9.227291732231284385e-11
1.146746752881675713e+00 9.165024574720833282e-11
1.145561274819269837e+00 9.146616745947573313e-11
1.144413130033660853e+00 9.184342998173802884e-11
1.143302407436190826e+00 9.301189526567050778e-11
1.142229193040261048e+00 9.529654157870882692e-11
1.141193569954668696e+00 9.900984047395381200e-11
1.140195618377173314e+00 1.042386520855579572e-10
1.139235415588284894e+00 1.105885628926419283e-10
1.138313035945279550e+00 1.170185934838762135e-10
1.137428550876441902e+00 1.219160172181388225e-10
1.136582028875533279e+00 1.234918216679514621e-10
1.135773535496487963e+00 1.204393001521192735e-10
1.135003133348336579e+00 1.126541848533672686e-10
1.134270882090356869e+00 1.017407703687349586e-10
1.133576838427455380e+00 9.107146131661277444e-11
1.132921056105775426e+00 8.531201186215545501e-11
1.132303585908534416e+00 8.951346605174793482e-11
1.131724475652092554e+00 1.080225209809545867e-10
1.131183770182248471e+00 1.435189533081510628e-10
1.130681511370768000e+00 1.964385809603338436e-10
1.130217738112140768e+00 2.649084837496475805e-10
1.129792486320567946e+00 3.451698082532385022e-10
1.129405788927181797e+00 4.323258260251872384e-10
1.129057675877495059e+00 5.211981127292253315e-10
1.128748174129082571e+00 6.070708381188374030e-10
1.128477307649492722e+00 6.861866003942243921e-10
1.128245097414392051e+00 7.559244975213723183e-10
1.128051561405941428e+00 8.147275601145304203e-10
1.127896714611402285e+00 8.618634133799591938e-10
1.127780569021976875e+00 8.971001402400115595e-10
1.127703133631879906e+00 9.204983946508466095e-10
1.127664414437640872e+00 9.322105102334614159e-10
