9.999995891839031925e-01 1.053763997365715437e-13 3.662915320748906543e-14 1.420055529440606029e-13
9.999963027361380430e-01 3.777188718576521334e-12 2.966848869682175983e-12 6.744037588258697317e-12
9.999897302726441506e-01 2.901482383762111890e-11 2.289051937683300450e-11 5.190534321445412017e-11
9.999798726574383734e-01 1.108312838100846933e-10 8.792479732600541339e-11 1.987560811360901066e-10
9.999667311864032238e-01 3.005485590910779238e-10 2.402183243109899902e-10 5.407668834020678623e-10
9.999503075871175595e-01 6.643026000905529847e-10 5.359081029287305427e-10 1.200210703019283424e-09
9.999306040186288769e-01 1.281104991511091216e-09 1.045044624034970946e-09 2.326149615546062369e-09
9.999076230711696489e-01 2.240567399509125637e-09 1.851470995039419917e-09 4.092038394548545760e-09
9.998813677658169308e-01 3.640274255240001404e-09 3.052639034178843185e-09 6.692913289418844175e-09
9.998518415540950111e-01 5.582911669013443916e-09 4.759343058656775122e-09 1.034225472767021821e-08
9.998190483175216636e-01 8.173185772484703277e-09 7.095350446819967876e-09 1.526853621930467198e-08
9.997829923670982222e-01 1.151467281033013503e-08 1.019690715052048150e-08 2.171157996085061488e-08
9.997436784427424783e-01 1.570660358640085856e-08 1.421209618388040156e-08 2.991869977028125847e-08
9.997011117126656243e-01 2.084074265098481079e-08 1.930002786312959026e-08 4.014077051411440436e-08
9.996552977726930189e-01 2.699838598917097022e-08 2.562984218670697383e-08 5.262822817587794074e-08
9.996062426455285532e-01 3.424758022763683735e-08 3.337950634867724135e-08 6.762708657631407870e-08
9.995539527799626178e-01 4.264067059953598677e-08 4.273439387267512297e-08 8.537506447221110312e-08
9.994984350500247805e-01 5.221215062521301727e-08 5.388563632079369116e-08 1.060977869460067018e-07
9.994396967540796206e-01 6.297702445008960755e-08 6.702824381613135009e-08 1.300052682662209444e-07
9.993777456138677184e-01 7.492951340189069369e-08 8.235899672182034340e-08 1.572885101237110371e-07
9.993125897734902452e-01 8.804242458955497354e-08 1.000741175210669694e-07 1.881165421106219429e-07
9.992442377983388191e-01 1.022668892846142467e-07 1.203667391947123221e-07 2.226336284793265820e-07
9.991726986739688510e-01 1.175327724251612837e-07 1.434241938609929896e-07 2.609569662861542865e-07
9.990979818049186001e-01 1.337495194173682242e-07 1.694251530907212215e-07 3.031746725080894722e-07
9.990200970134731628e-01 1.508075996549744311e-07 1.985366586519885794e-07 3.493442583069630105e-07
9.989390545383725062e-01 1.685803019254973925e-07 2.309110894922506570e-07 3.994913914177480230e-07
9.988548650334663215e-01 1.869261689218157819e-07 2.666831169726320287e-07 4.536092858944478371e-07
9.987675395663127009e-01 2.056915617967288340e-07 3.059667057431879169e-07 5.116582675399167244e-07
9.986770896167239675e-01 2.247137478114522349e-07 3.488522216423878419e-07 5.735659694538400503e-07
9.985835270752567716e-01 2.438240834697823232e-07 3.954037107176115722e-07 6.392277941873939483e-07
9.984868642416495632e-01 2.628513908297759886e-07 4.456564143373724785e-07 7.085078051671485200e-07
9.983871138232051079e-01 2.816254285384626559e-07 4.996145846041295377e-07 7.812400131425921936e-07
9.982842889331206004e-01 2.999802350945053409e-07 5.572496614935263720e-07 8.572298965880317129e-07
9.981784030887633774e-01 3.177575314064680281e-07 6.184988685225713745e-07 9.362563999290394555e-07
9.980694702098940052e-01 3.348097041384273685e-07 6.832642771441421330e-07 1.018073981282569554e-06
9.979575046168364105e-01 3.510027748809540333e-07 7.514123817764702699e-07 1.102415156657424356e-06
9.978425210285954972e-01 3.662187442268910657e-07 8.227742173598176364e-07 1.188992961586708755e-06
9.977245345609219163e-01 3.803578250432902632e-07 8.971460400561626170e-07 1.277503865099452880e-06
9.976035607243249892e-01 3.933400323264541317e-07 9.742905792248518380e-07 1.367630611551306023e-06
9.974796154220338940e-01 4.051063223694553945e-07 1.053938855792226106e-06 1.459045178161681553e-06
9.973527149479067822e-01 4.156194186770321825e-07 1.135792548572711864e-06 1.551411967249744046e-06
9.972228759842890478e-01 4.248638190597159192e-07 1.219526876823052821e-06 1.644390695882768741e-06
9.970901155998200815e-01 4.328456673085974159e-07 1.304793954401265629e-06 1.737639621709863097e-06
9.969544512471892883e-01 4.395918480364906701e-07 1.391226559048571208e-06 1.830818407085061878e-06
9.968159007608422550e-01 4.451489134332204669e-07 1.478442249619997573e-06 1.923591163053218145e-06
9.966744823546356269e-01 4.495813802458990210e-07 1.566047755287912461e-06 2.015629135533811323e-06
9.965302146194430222e-01 4.529699527022967716e-07 1.653643553682509345e-06 2.106613506384806169e-06
9.963831165207113205e-01 4.554092284104697625e-07 1.740828550278900989e-06 2.196237778689370752e-06
9.962332073959668799e-01 4.570054265320024602e-07 1.827204768903923691e-06 2.284210195435926257e-06
9.960805069522737920e-01 4.578737856128864934e-07 1.912381963333465016e-06 2.370255748946351350e-06
9.959250352636433989e-01 4.581360712642242912e-07 1.995982062377127840e-06 2.454118133641352131e-06
9.957668127683948489e-01 4.579180146989487802e-07 2.077643365742648305e-06 2.535561380441597244e-06
9.956058602664684676e-01 4.573467533489023766e-07 2.157024414774516020e-06 2.614371168123418556e-06
9.954421989166916118e-01 4.565485838964044763e-07 2.233807471206667781e-06 2.690356055103072099e-06
9.952758502339968949e-01 4.556467015794152477e-07 2.307701547323375313e-06 2.763348248902790561e-06
9.951068360865940043e-01 4.547592873059558558e-07 2.378444942748387638e-06 2.833204230054343652e-06
9.949351786930946684e-01 4.539977996098544299e-07 2.445807255485066656e-06 2.899805055094921033e-06
9.947609006195921033e-01 4.534655909471058539e-07 2.509590847895652655e-06 2.963056438842758615e-06
9.945840247766940534e-01 4.532567340707870543e-07 2.569631761141021930e-06 3.022888495211808826e-06
9.944045744165114220e-01 4.534552434041714994e-07 2.625800084397638566e-06 3.079255327801810013e-06
9.942225731296012725e-01 4.541345425716665754e-07 2.677999796850884962e-06 3.132134339422551484e-06
9.940380448418656423e-01 4.553571999413429452e-07 2.726168111452933388e-06 3.181525311394276439e-06
9.938510138114062809e-01 4.571749541892720344e-07 2.770274358814128599e-06 3.227449313003400686e-06
9.936615046253358674e-01 4.596289757960807204e-07 2.810318457679751506e-06 3.269947433475832015e-06
9.934695421965452633e-01 4.627502790872867361e-07 2.846329024618362431e-06 3.309079303705648956e-06
9.932751517604290203e-01 4.665604028464375817e-07 2.878361180177801579e-06 3.344921583024239108e-06
9.930783588715677013e-01 4.710721494406057429e-07 2.906494111479523522e-06 3.377566260920129423e-06
9.928791894003683449e-01 4.762904217480884649e-07 2.930828452282116859e-06 3.407118874030205218e-06
9.926776695296636310e-01 4.822132178940178627e-07 2.951483540927254207e-06 3.433696758821272281e-06
9.924738257512702999e-01 4.888325328543590843e-07 2.968594614559796018e-06 3.457427147414155103e-06
9.922676848625057167e-01 4.961353818635587927e-07 2.982309994587054666e-06 3.478445376450613353e-06
9.920592739626657997e-01 5.041046998030678807e-07 2.992788313983928528e-06 3.496893013786996409e-06
9.918486204494620928e-01 5.127203085720222672e-07 3.000195831662961573e-06 3.512916140234983841e-06
9.916357520154205352e-01 5.219596799925438871e-07 3.004703873256021399e-06 3.526663553248565074e-06
9.914206966442403735e-01 5.317987625703176528e-07 3.006486431334382291e-06 3.538285193904699838e-06
9.912034826071161042e-01 5.422126275054508537e-07 3.005717951608082282e-06 3.547930579113533348e-06
9.909841384590203361e-01 5.531760455106774154e-07 3.002571325168689485e-06 3.555747370679366794e-06
9.907626930349503480e-01 5.646639755452878840e-07 2.997216100672750659e-06 3.561880076218038437e-06
9.905391754461372322e-01 5.766519603759213033e-07 2.989816924363705922e-06 3.566468884739627331e-06
9.903136150762190670e-01 5.891164021139523962e-07 2.980532210582768241e-06 3.569648612696720426e-06
9.900860415773781176e-01 6.020347934636093166e-07 2.969513040424733643e-06 3.571547833888342959e-06
9.898564848664426208e-01 6.153858189008225872e-07 2.956902282174757330e-06 3.572288101075579917e-06
9.896249751209541534e-01 6.291494405478333014e-07 2.942833923472875980e-06 3.571983364020709175e-06
9.893915427752000280e-01 6.433068841674339893e-07 2.927432602434191224e-06 3.570739486601625320e-06
9.891562185162131593e-01 6.578405815060816550e-07 2.910813322627507825e-06 3.568653904133589692e-06
9.889190332797372918e-01 6.727340864953877634e-07 2.893081335350863958e-06 3.565815421846251721e-06
9.886800182461602526e-01 6.879719445389923660e-07 2.874332171550443167e-06 3.562304116089435533e-06
9.884392048364154526e-01 7.035395456214228656e-07 2.854651805289995221e-06 3.558191350911417875e-06
9.881966247078508570e-01 7.194229746080395913e-07 2.834116930632222325e-06 3.553539905240261916e-06
9.879523097500670925e-01 7.356088057487212876e-07 2.812795334137511355e-06 3.548404139886232431e-06
9.877062920807260227e-01 7.520839797721242946e-07 2.790746345830178793e-06 3.542830325602303088e-06
9.874586040413279031e-01 7.688355931565251200e-07 2.768021352466102287e-06 3.536856945622627618e-06
9.872092781929597827e-01 7.858507612135149503e-07 2.744664357911786012e-06 3.530515119125300963e-06
9.869583473120154826e-01 8.031164568142341006e-07 2.720712576830348875e-06 3.523829033644582976e-06
9.867058443858862660e-01 8.206193841120352887e-07 2.696197049031605239e-06 3.516816433143640422e-06
9.864518026086248614e-01 8.383458322626183377e-07 2.671143263322921630e-06 3.509489095585539861e-06
9.861962553765812878e-01 8.562815974244685500e-07 2.645571780941878022e-06 3.501853378366346361e-06
9.859392362840125879e-01 8.744118642047180081e-07 2.619498850103901649e-06 3.493910714308619657e-06
9.856807791186670276e-01 8.927211412584908170e-07 2.592937004314149870e-06 3.485658145572640475e-06
9.854209178573418715e-01 9.111931918265706727e-07 2.565895638472034441e-06 3.477088830298605008e-06
9.851596866614168446e-01 9.298109923279135965e-07 2.538381557821139606e-06 3.468192550149053203e-06
9.848971198723635023e-01 9.485566868583926260e-07 2.510399495847656470e-06 3.458956182706049308e-06
9.846332520072307304e-01 9.674115774923950834e-07 2.481952598261008452e-06 3.449364175753403324e-06
9.843681177541064864e-01 9.863560893265121959e-07 2.453042870952019223e-06 3.439398960278531631e-06
9.841017519675586689e-01 1.005369806239338364e-06 2.423671590639478794e-06 3.429041396878817370e-06
9.838341896640523387e-01 1.024431429425258467e-06 2.393839677612422284e-06 3.418271107037680540e-06
9.835654660173469566e-01 1.043518846698974777e-06 2.363548030521076311e-06 3.407066877220051088e-06
9.832956163538719707e-01 1.062609118368803903e-06 2.332797823703368717e-06 3.395406942072172831e-06
9.830246761480835316e-01 1.081678518632917371e-06 2.301590767933650306e-06 3.383269286566567677e-06
9.827526810178001115e-01 1.100702587744514502e-06 2.269929335888800851e-06 3.370631923633315353e-06
9.824796667195208055e-01 1.119656157933687956e-06 2.237816953855697216e-06 3.357473111789385172e-06
9.822056691437247578e-01 1.138513403192801432e-06 2.205258161472860419e-06 3.343771564665661851e-06
9.819307243101524918e-01 1.157247917317318213e-06 2.172258741451856168e-06 3.329506658769174381e-06
9.816548683630714756e-01 1.175832735757192275e-06 2.138825821349145846e-06 3.314658557106338332e-06
9.813781375665239226e-01 1.194240424485276645e-06 2.104967949519440261e-06 3.299208374004716906e-06
9.811005682995600496e-01 1.212443144444592605e-06 2.070695147449747183e-06 3.283138291894339788e-06
9.808221970514552357e-01 1.230412702489545046e-06 2.036018940647728804e-06 3.266431643137273850e-06
9.805430604169136366e-01 1.248120657191570090e-06 2.000952370204329124e-06 3.249073027395899426e-06
9.802631950912569225e-01 1.265538349665030854e-06 1.965509987161726100e-06 3.231048336826756742e-06
9.799826378656006920e-01 1.282637038747653223e-06 1.929707831671192778e-06 3.212344870418846002e-06
9.797014256220175632e-01 1.299387924787654486e-06 1.893563398866218417e-06 3.192951323653872902e-06
9.794195953286891632e-01 1.315762276775210398e-06 1.857095593267586788e-06 3.172857870042797187e-06
9.791371840350456823e-01 1.331731492358079989e-06 1.820324673416881447e-06 3.152056165774961436e-06
9.788542288668958813e-01 1.347267194876922839e-06 1.783272188289934986e-06 3.130539383166858037e-06
9.785707670215461063e-01 1.362341314213294553e-06 1.745960906975688096e-06 3.108302221188982649e-06
9.782868357629107559e-01 1.376926179620578363e-06 1.708414742902577694e-06 3.085340922523156269e-06
9.780024724166132000e-01 1.390994604443020058e-06 1.670658673824411936e-06 3.061653278267431994e-06
9.777177143650790381e-01 1.404519992927757255e-06 1.632718658665690791e-06 3.037238651593448258e-06
9.774325990426218080e-01 1.417476383573256195e-06 1.594621552132448834e-06 3.012097935705704818e-06
9.771471639305222556e-01 1.429838593114004469e-06 1.556395017995546056e-06 2.986233611109550526e-06
9.768614465521001655e-01 1.441582268111859320e-06 1.518067441765150347e-06 2.959649709877009667e-06
9.765754844677824176e-01 1.452683972134602394e-06 1.479667843410247198e-06 2.932351815544849592e-06
9.762893152701650479e-01 1.463121295481550804e-06 1.441225790703721137e-06 2.904347086185271730e-06
9.760029765790708689e-01 1.472872900578981183e-06 1.402771313671806135e-06 2.875644214250787530e-06
9.757165060366045362e-01 1.481918636504884152e-06 1.364334820560687851e-06 2.846253457065572003e-06
9.754299413022038401e-01 1.490239597051985697e-06 1.325947015679815153e-06 2.816186612731800850e-06
9.751433200476891106e-01 1.497818195002032580e-06 1.287638819414622904e-06 2.785457014416655484e-06
9.748566799523108450e-01 1.504638247031670879e-06 1.249441290636701025e-06 2.754079537668371904e-06
9.745700586977961155e-01 1.510685029460390786e-06 1.211385551719405151e-06 2.722070581179795937e-06
9.742834939633954194e-01 1.515945347618867922e-06 1.173502716305685057e-06 2.689448063924552979e-06
9.739970234209290867e-01 1.520407599450022483e-06 1.135823819943913292e-06 2.656231419393935775e-06
9.737106847298349077e-01 1.524061819514827298e-06 1.098379753647733794e-06 2.622441573162561304e-06
9.734245155322175380e-01 1.526899745360240329e-06 1.061201200454868563e-06 2.588100945815108892e-06
9.731385534478997901e-01 1.528914854995055107e-06 1.024318574972976495e-06 2.553233429968031602e-06
9.728528360694777000e-01 1.530102409990805911e-06 9.877619658870375521e-07 2.517864375877843463e-06
9.725674009573781476e-01 1.530459492657028017e-06 9.515610813956727893e-07 2.482020574052700700e-06
9.722822856349209175e-01 1.529985037373244010e-06 9.157451974673382776e-07 2.445730234840582287e-06
9.719975275833867556e-01 1.528679850001253436e-06 8.803431088281436411e-07 2.409022958829397077e-06
9.717131642370891997e-01 1.526546633265957317e-06 8.453830825080075072e-07 2.371929715773964930e-06
9.714292329784538493e-01 1.523589995043431331e-06 8.108928137904995502e-07 2.334482808833930776e-06
9.711457711331040743e-01 1.519816457391663084e-06 7.768993843398284710e-07 2.296715841731491449e-06
9.708628159649542733e-01 1.515234450091836945e-06 7.434292222858736899e-07 2.258663672377710635e-06
9.705804046713107924e-01 1.509854303725173363e-06 7.105080639737580119e-07 2.220362367698931269e-06
9.702985743779823924e-01 1.503688248131180877e-06 6.781609171042393919e-07 2.181849165235420481e-06
9.700173621343992636e-01 1.496750366424449861e-06 6.464120249315534542e-07 2.143162391356003421e-06
9.697368049087430331e-01 1.489056580063244882e-06 6.152848311836632021e-07 2.104341411246908296e-06
9.694569395830863190e-01 1.480624612456795955e-06 5.848019453277945079e-07 2.065426557784590357e-06
9.691778029485447199e-01 1.471473932342119469e-06 5.549851078389652303e-07 2.026459040181084699e-06
9.688994317004399059e-01 1.461625709534287516e-06 5.258551550654769960e-07 1.987480864599764618e-06
9.686218624334760330e-01 1.451102741947993829e-06 4.974319833341976648e-07 1.948534725282191282e-06
9.683451316369284800e-01 1.439929392550157715e-06 4.697345119283677675e-07 1.909663904478525376e-06
9.680692756898474638e-01 1.428131507117624267e-06 4.427806445964418019e-07 1.870912151714066016e-06
9.677943308562751978e-01 1.415736315005399382e-06 4.165872292801422310e-07 1.832323544285541666e-06
9.675203332804790390e-01 1.402772353281365200e-06 3.911700158000096249e-07 1.793942369081374825e-06
9.672473189821998441e-01 1.389269324411532527e-06 3.665436112757609677e-07 1.755812935687293548e-06
9.669753238519164240e-01 1.375258017187429175e-06 3.427214331458167198e-07 1.717979450333245948e-06
9.667043836461279849e-01 1.360770150297486749e-06 3.197156597097202074e-07 1.680485810007207009e-06
9.664345339826531101e-01 1.345838262537367848e-06 2.975371782168647700e-07 1.643375440754232512e-06
9.661658103359476168e-01 1.330495540316206005e-06 2.761955306160248638e-07 1.606691070932230922e-06
9.658982480324412867e-01 1.314775705799871803e-06 2.556988572068092115e-07 1.570474563006680961e-06
9.656318822458934692e-01 1.298712812847027915e-06 2.360538385253137389e-07 1.534766651372341654e-06
9.653667479927692252e-01 1.282341121772054408e-06 2.172656359393194178e-07 1.499606757711373905e-06
9.651028801276364533e-01 1.265694900443867645e-06 1.993378315489129818e-07 1.465032731992780627e-06
9.648403133385831110e-01 1.248808248828741980e-06 1.822723681077846686e-07 1.431080616936526569e-06
9.645790821426580841e-01 1.231714941586102422e-06 1.660694898165623432e-07 1.397784431402664792e-06
9.643192208813329280e-01 1.214448199645044604e-06 1.507276849519162626e-07 1.365175884596960920e-06
9.640607637159873677e-01 1.197040535998954777e-06 1.362436314052922128e-07 1.333284167404246964e-06
9.638037446234186678e-01 1.179523563561098895e-06 1.226121463113125998e-07 1.302135709872411574e-06
9.635481973913750942e-01 1.161927779515517929e-06 1.098261410105621060e-07 1.271753920526080062e-06
9.632941556141136896e-01 1.144282425246470370e-06 9.787658268293581441e-08 1.242159007929406264e-06
9.630416526879844730e-01 1.126615253041991127e-06 8.675246399159365845e-08 1.213367717033584852e-06
9.627907218070401729e-01 1.108952412979516155e-06 7.644078212460389943e-08 1.185393195104120147e-06
9.625413959586720525e-01 1.091318209025480573e-06 6.692652858712813625e-08 1.158244737612608696e-06
9.622937079192739329e-01 1.073735031345213895e-06 5.819269105833303600e-08 1.131927722403546924e-06
9.620476902499328631e-01 1.056223129487352780e-06 5.022026855368458119e-08 1.106443398041037255e-06
9.618033752921490986e-01 1.038800549897059445e-06 4.298830101581675296e-08 1.081788850912876165e-06
9.615607951635845030e-01 1.021482966525098089e-06 3.647391432303497866e-08 1.057956880848132968e-06
9.613199817538397030e-01 1.004283636397548983e-06 3.065238152457624039e-08 1.034936017922125309e-06
9.610809667202626638e-01 9.872132837515861593e-07 2.549720090723993417e-08 1.012710484658826014e-06
9.608437814837867963e-01 9.702800723645695186e-07 2.098019126846611782e-08 9.912602636330356828e-07
9.606084572247999276e-01 9.534895644859695927e-07 1.707160450710472403e-08 9.705611689930743763e-07
9.603750248790458022e-01 9.368447249543041647e-07 1.374025537123511147e-08 9.505849803255393175e-07
9.601435151335573348e-01 9.203459233282435179e-07 1.095366790800512644e-08 9.312995912362486923e-07
9.599139584226218380e-01 9.039910152180654158e-07 8.678237851214898928e-09 9.126692530692803296e-07
9.596863849237808886e-01 8.877753747314019655e-07 6.879409886670606362e-09 8.946547846180726066e-07
9.594608245538627234e-01 8.716920372480237107e-07 5.521868422887008891e-09 8.772139056709107452e-07
9.592373069650496076e-01 8.557317988900089218e-07 4.569740206935053761e-09 8.603015390969439979e-07
9.590158615409796194e-01 8.398833994909477298e-07 3.986806846899522789e-09 8.438702063378472484e-07
9.587965173928838514e-01 8.241336736098187678e-07 3.736725052809905919e-09 8.278703986626287151e-07
9.585793033557595821e-01 8.084677918575275993e-07 3.783252183276542986e-09 8.122510440408041307e-07
9.583642479845794204e-01 7.928694669395853261e-07 4.090474505231105525e-09 7.969599414448163961e-07
9.581513795505378628e-01 7.773212314016752992e-07 4.623035427614681088e-09 7.819442668292899786e-07
9.579407260373341559e-01 7.618046608657674322e-07 5.346360879231148777e-09 7.671510217449985462e-07
9.577323151374942389e-01 7.463007517886616076e-07 6.226878953433160590e-09 7.525276307420947318e-07
9.575261742487296557e-01 7.307900959245231427e-07 7.232230952901384645e-09 7.380223268774245497e-07
9.573223304703363246e-01 7.152533320053858250e-07 8.331471033050128641e-09 7.235848030384360032e-07
9.571208105996316107e-01 6.996713388632114362e-07 9.495251758406254411e-09 7.091665906216177419e-07
9.569216411284322543e-01 6.840256538915266602e-07 1.069599306235591500e-08 6.947216469538826116e-07
9.567248482395709352e-01 6.682987490932397295e-07 1.190803232054182468e-08 6.802067814137815211e-07
9.565304578034546923e-01 6.524743247454239674e-07 1.310775352382371798e-08 6.655820782692476622e-07
9.563384953746640882e-01 6.365376895750535155e-07 1.427369384461865590e-08 6.508113834196721913e-07
9.561489861885936747e-01 6.204759855016001549e-07 1.538662624424641113e-08 6.358626117458465230e-07
9.559619551581343133e-01 6.042785115535241267e-07 1.642961714494068389e-08 6.207081286984648403e-07
9.557774268703986831e-01 5.879369449602197244e-07 1.738805859260840544e-08 6.053250035528281365e-07
9.555954255834885336e-01 5.714456427681090830e-07 1.824967474322139982e-08 5.896953175113304960e-07
9.554159752233059022e-01 5.548017485306936233e-07 1.900450292970807504e-08 5.738062514604017215e-07
9.552390993804078523e-01 5.380054504469458783e-07 1.964484997201384618e-08 5.576503004189597510e-07
9.550648213069052872e-01 5.210601085378899592e-07 2.016522479073013869e-08 5.412253333286200847e-07
9.548931639134059512e-01 5.039723231379397804e-07 2.056224876285613850e-08 5.245345719007958858e-07
9.547241497660030607e-01 4.867520217047908765e-07 2.083454559980472750e-08 5.075865673045955842e-07
9.545578010833083438e-01 4.694125208507133073e-07 2.098261283079192305e-08 4.903951336815052634e-07
9.543941397335314880e-01 4.519704466705620168e-07 2.100867724695961518e-08 4.729791239175216386e-07
9.542331872316051067e-01 4.344457057240702992e-07 2.091653686203884625e-08 4.553622425861091620e-07
9.540749647363565566e-01 4.168614111164927837e-07 2.071139211395628085e-08 4.375728032304490480e-07
9.539194930477261636e-01 3.992436817522452280e-07 2.039966913145143788e-08 4.196433508836966560e-07
9.537667926040330757e-01 3.816215115720387516e-07 1.998883793559623615e-08 4.016103495076350010e-07
9.536168834792886351e-01 3.640264924962968181e-07 1.948722843877547864e-08 3.835137209350723001e-07
9.534697853805569334e-01 3.464926203423844840e-07 1.890384703211530972e-08 3.653964673744998136e-07
9.533255176453644397e-01 3.290559102157706282e-07 1.824819644030454286e-08 3.473041066560751513e-07
9.531840992391577005e-01 3.117541354468240545e-07 1.753010134926159293e-08 3.292842367960856706e-07
9.530455487528106673e-01 2.946264275150426662e-07 1.675954210560008270e-08 3.113859696206427720e-07
9.529098844001798740e-01 2.777129235903308034e-07 1.594649853770841233e-08 2.936594221280392124e-07
9.527771240157109078e-01 2.610543075859090262e-07 1.510080567109052394e-08 2.761551132569995502e-07
9.526472850520931734e-01 2.446914575233790051e-07 1.423202280810010194e-08 2.589234803314791071e-07
9.525203845779660616e-01 2.286649789227688789e-07 1.334931712676922506e-08 2.420142960495380875e-07
9.523964392756749664e-01 2.130147497840163642e-07 1.246136263048364341e-08 2.254761124145000026e-07
9.522754654390780393e-01 1.977795255774720032e-07 1.157625495571945426e-08 2.093557805331914459e-07
9.521574789714044584e-01 1.829964932959402833e-07 1.070144222618201307e-08 1.936979355221222997e-07
9.520424953831635451e-01 1.687008532116992811e-07 9.843671846893924346e-09 1.785445250585931989e-07
9.519305297901059504e-01 1.549254145203146698e-07 9.008952841594669218e-09 1.639343673619093308e-07
9.518215969112365782e-01 1.417002488958796743e-07 8.202533087549220303e-09 1.499027819834289045e-07
9.517157110668793552e-01 1.290523026743549512e-07 7.428890574262318834e-09 1.364811932486172742e-07
9.516128861767948477e-01 1.170051104704426778e-07 6.691737618946631026e-09 1.236968480893892964e-07
9.515131357583503924e-01 1.055785355562503507e-07 5.994036820093192249e-09 1.115725723763435397e-07
9.514164729247431840e-01 9.478847753305393859e-08 5.338027405959397101e-09 1.001265049390133349e-07
9.513229103832759881e-01 8.464676252578424103e-08 4.725260560432695996e-09 8.937202308621693455e-08
9.512324604336872547e-01 7.516094753591745471e-08 4.156642257195248470e-09 7.931758979311269656e-08
9.511451349665336341e-01 6.633426727619955650e-08 3.632482129877196796e-09 6.996674940607674999e-08
9.510609454616274494e-01 5.816557769694612750e-08 3.152546925781127010e-09 6.131812462272726071e-08
9.509799029865267928e-01 5.064939769581087464e-08 2.716117144694907588e-09 5.336551484050578430e-08
9.509020181950813555e-01 4.377598591394294467e-08 2.322045543637387203e-09 4.609803145758033394e-08
9.508273013260311046e-01 3.753144251873724641e-08 1.968816288585305307e-09 3.950025880732255296e-08
9.507557622016611365e-01 3.189793471427645861e-08 1.654603653197966047e-09 3.355253836747442569e-08
9.506874102265097104e-01 2.685390192854499075e-08 1.377329294172705135e-09 2.823123122271769568e-08
9.506222543861322372e-01 2.237434221012607599e-08 1.134717276032244835e-09 2.350905948615832000e-08
9.505603032459203350e-01 1.843115701211761545e-08 9.243461596631109197e-10 1.935550317178072533e-08
9.505015649499751751e-01 1.499351138673210723e-08 7.436976156003306215e-10 1.573720900233243858e-08
9.504460472200373378e-01 1.202821469317142471e-08 5.902011644353943361e-10 1.261841585760681936e-08
9.503937573544714024e-01 9.500227308323899012e-09 4.612747820639111616e-10 9.961502090387810794e-09
9.503447022273069367e-01 7.373016257353233104e-09 3.543612338717397327e-10 7.727377491224973457e-09
9.502988882873343313e-01 5.609165916562873062e-09 2.669601168099576433e-10 5.876126033372830551e-09
9.502563215572574773e-01 4.170749881860035320e-09 1.966556896867440938e-10 4.367405571546779181e-09
9.502170076329017334e-01 3.019926818037539880e-09 1.411406602157288166e-10 3.161067478253268826e-09
9.501809516824782920e-01 2.119398231762224043e-09 9.823616861911365579e-11 2.217634400381337789e-09
9.501481584459049445e-01 1.432901623700352832e-09 6.590826567454563526e-11 1.498809889374898415e-09
9.501186322341830248e-01 9.257227087498597716e-10 4.228122389226811712e-11 9.680039326421278887e-10
9.500923769288303067e-01 5.651323742283424631e-10 2.564804818687144261e-11 5.907804224152138540e-10
9.500693959813710787e-01 3.208273633776864041e-10 1.447856487921418880e-11 3.353059282569006155e-10
9.500496924128823961e-01 1.653462442735611198e-10 7.425468064114324912e-12 1.727717123376754383e-10
9.500332688135967318e-01 7.442771974493738212e-11 3.328690116444444770e-12 7.775640986138182932e-11
9.500201273425615822e-01 2.733449509048351111e-11 1.218440463382285938e-12 2.855293555386579705e-11
9.500102697273558050e-01 7.134568172343622673e-12 3.172247958562784845e-13 7.451792968199901057e-12
9.500036972638620236e-01 9.263866532941946247e-13 4.111676278862698115e-14 9.675034160828215680e-13
9.500004108160967631e-01 1.147314480169099358e-14 5.076405666690981311e-16 1.198078536836009112e-14
