7.099456723842503258e-01 1.044222676671728162e-01
7.079016917420668520e-01 1.041216290380115039e-01
7.062323940172169356e-01 1.013074879876876694e-01
7.042063211749973739e-01 1.010168522821265069e-01
7.025444196131100938e-01 9.822586675460036332e-02
7.008816906077138809e-01 9.544938021686427687e-02
6.988838825429982693e-01 9.517730927518505690e-02
6.968966461396055578e-01 9.490667803229475841e-02
6.952528979275921506e-01 9.216168974207543385e-02
6.932865720532295217e-01 9.190103650969767834e-02
6.916535614341446925e-01 8.917885144278257792e-02
6.897091279808856834e-01 8.892814451125312381e-02
6.880879480839955376e-01 8.622860699207089696e-02
6.861663785349045863e-01 8.598780308623606150e-02
6.842570249502397672e-01 8.574853003935388462e-02
6.826603659685116510e-01 8.307978296231763315e-02
6.807752953118696437e-01 8.285036981805186940e-02
6.791931090125885584e-01 8.020382483216643987e-02
6.773332645556020548e-01 7.998420152170605812e-02
6.754867685268283184e-01 7.976615448606938497e-02
6.739329145143891919e-01 7.714972490533628102e-02
6.721130192573432360e-01 7.694138900807742654e-02
6.703071325037093242e-01 7.673465676032330263e-02
6.685154691359513901e-01 7.652955276114396799e-02
6.670058779526079062e-01 7.395076969245249765e-02
6.652425916915744031e-01 7.375527459937804287e-02
6.634941691719651313e-01 7.356142744548248291e-02
6.620179536499882778e-01 7.101166736110724187e-02
6.602992133761879101e-01 7.082730587675424572e-02
6.585959615893821617e-01 7.064460577224800086e-02
6.569084009595007601e-01 7.046358878707391360e-02
6.554829205490094735e-01 6.794995016463621640e-02
6.538267207099596190e-01 6.777826194363442691e-02
6.521868148594743841e-01 6.760826282188486802e-02
6.505633981299510094e-01 6.743997302758304724e-02
6.489566636917454279e-01 6.727341258553151682e-02
6.476017295110237937e-01 6.480232697874126202e-02
6.460283604415583136e-01 6.464488765723926111e-02
6.444722474334491080e-01 6.448917506511338271e-02
6.429335756485827780e-01 6.433520773060492914e-02
6.414125281735143513e-01 6.418300397428698678e-02
6.399092859976825975e-01 6.403258190688448925e-02
6.386475256854666771e-01 6.160955871685275254e-02
6.371799149832890752e-01 6.146798007747378279e-02
6.357306461706979661e-01 6.132817085812387187e-02
6.342998916961890554e-01 6.119014769470200454e-02
6.328878218052368387e-01 6.105392701058434679e-02
6.314946045200369174e-01 6.091952501467005204e-02
6.303329248114413197e-01 5.854215321552614509e-02
6.289774508082012217e-01 5.841626360441138505e-02
6.276413264628496469e-01 5.829217109224574256e-02
6.263247107608217457e-01 5.816989044479718707e-02
6.250277603662196535e-01 5.804943621223992989e-02
6.237506296031704034e-01 5.793082272742306610e-02
6.224934704374630590e-01 5.781406410416511932e-02
6.212564324584664011e-01 5.769917423557462816e-02
6.200396628613292771e-01 5.758616679239703107e-02
6.190441005295167498e-01 5.527043952110848729e-02
6.178679181090322992e-01 5.516542580838337817e-02
6.167124378318022959e-01 5.506226045598627827e-02
6.155777971884242028e-01 5.496095573956239627e-02
6.144641311897880431e-01 5.486152371335992900e-02
6.133715723510106965e-01 5.476397620879563943e-02
6.123002506756679564e-01 5.466832483304707307e-02
6.112502936403256815e-01 5.457458096767139194e-02
6.102218261793711518e-01 5.448275576725111757e-02
6.092149706701472933e-01 5.439286015806680391e-02
6.082298469183908818e-01 5.430490483679698693e-02
6.072665721439767239e-01 5.421890026924530009e-02
6.063252609669701476e-01 5.413485668909522042e-02
6.054060253939875791e-01 5.405278409669230649e-02
6.045089748048697587e-01 5.397269225785433083e-02
6.036342159396658191e-01 5.389459070270914004e-02
6.029697245889393820e-01 5.167110533299042185e-02
6.021396001213836779e-01 5.159996834707988173e-02
6.013320786763017844e-01 5.153076831273998432e-02
6.005472563406701880e-01 5.146351346408278155e-02
5.997852265004984806e-01 5.139821180376271531e-02
5.990460798297171374e-01 5.133487110202431675e-02
5.983299042793881473e-01 5.127349889577766107e-02
5.976367850672402726e-01 5.121410248770157103e-02
5.969668046675281614e-01 5.115668894537460376e-02
5.963200428012194187e-01 5.110126510043416087e-02
5.956965764265083063e-01 5.104783754776352073e-02
5.950964797296585118e-01 5.099641264470716057e-02
5.945198241161759878e-01 5.094699651031429216e-02
5.939666782023118596e-01 5.089959502461072899e-02
5.934371078068982897e-01 5.085421382789923062e-02
5.929311759435165197e-01 5.081085832008839370e-02
5.924489428129986468e-01 5.076953366005006185e-02
5.919904657962650196e-01 5.073024476500554575e-02
5.915557994474955894e-01 5.069299630994042460e-02
5.911449954876388801e-01 5.065779272704837993e-02
5.907581027982583555e-01 5.062463820520372859e-02
5.903951674157146279e-01 5.059353668946300203e-02
5.900562325256888396e-01 5.056449188059554400e-02
5.897413384580435514e-01 5.053750723464317529e-02
5.894505226820236921e-01 5.051258596250888383e-02
5.891838198017984585e-01 5.048973102957485942e-02
5.889412615523434980e-01 5.046894515534954689e-02
5.887228767956647069e-01 5.045023081314412017e-02
5.885286915173643107e-01 5.043359022977814826e-02
5.883587288235483381e-01 5.041902538531464750e-02
5.882130089380780413e-01 5.040653801282445751e-02
5.880915492001622669e-01 5.039612959818002419e-02
5.879943640622952161e-01 5.038780137987859675e-02
5.879214650885365989e-01 5.038155434889487333e-02
5.878728609531349569e-01 5.037738924856306755e-02
5.878485574394968216e-01 5.037530657448848620e-02
