9.999969508585814237e-01 4.368282903286656794e-06
9.999725582714602545e-01 3.931475324424625649e-05
9.999237759996915109e-01 1.092090871920457426e-04
9.998506098478781023e-01 2.140547238061003767e-04
9.997530685220603619e-01 3.538553376428526750e-04
9.996311636286803193e-01 5.286052833346489540e-04
9.994849096732015825e-01 7.382665539982701192e-04
9.993143240583819420e-01 9.827281595682338302e-04
9.991194270822039147e-01 1.261747483500343407e-03
9.989002419354584550e-01 1.574878174437349156e-03
9.986567946989860500e-01 1.921394312277279002e-03
9.983891143405736468e-01 2.300224500690934044e-03
9.980972327115065212e-01 2.709910784604167497e-03
9.977811845427801973e-01 3.148604969398709902e-03
9.974410074409656435e-01 3.614109010524524292e-03
9.970767418837362950e-01 4.103957702344969601e-03
9.966884312150507963e-01 4.615532909110611759e-03
9.962761216399955710e-01 5.146191468177972565e-03
9.958398622192865535e-01 5.693385770478836573e-03
9.953797048634323019e-01 6.254757960722229747e-03
9.948957043265562739e-01 6.828195289688393510e-03
9.943879181998822592e-01 7.411843549787714910e-03
9.938564069048815286e-01 8.004085028851538539e-03
9.933012336860826963e-01 8.603494363368045447e-03
9.927224646035468503e-01 9.208788330378081533e-03
9.921201685250071733e-01 9.818783721549362992e-03
9.914944171176738319e-01 1.043237217101125429e-02
9.908452848397062418e-01 1.104851423785815044e-02
9.901728489313544879e-01 1.166624933581940533e-02
9.894771894057667883e-01 1.228471475279396645e-02
9.887583890394698871e-01 1.290316644607256841e-02
9.880165333625192670e-01 1.352099596757817129e-02
9.872517106483216232e-01 1.413774061796432314e-02
9.864640119031315990e-01 1.475308656517970371e-02
9.856535308552224484e-01 1.536686640371864865e-02
9.848203639437340673e-01 1.597905324870605576e-02
9.839646103071968408e-01 1.658975319272042170e-02
9.830863717717357453e-01 1.719919725954875689e-02
9.821857528389538183e-01 1.780773329304974339e-02
9.812628606734977721e-01 1.841581776658629543e-02
9.803178050903058605e-01 1.902400733507080346e-02
9.793506985415418864e-01 1.963294999268362651e-02
9.783616561032135728e-01 2.024337582216356041e-02
9.773507954614805149e-01 2.085608743317919969e-02
9.763182368986500492e-01 2.147195024756368142e-02
9.752641032788653686e-01 2.209188280037688995e-02
9.741885200334855499e-01 2.271684720877340316e-02
9.730916151461606045e-01 2.334783993571514643e-02
9.719735191376027705e-01 2.398588295367553094e-02
9.708343650500557143e-01 2.463201539699659895e-02
9.696742884314641930e-01 2.528728577846751924e-02
9.684934273193444021e-01 2.595274483345016633e-02
9.672919222243597792e-01 2.662943904210606991e-02
9.660699161136013791e-01 2.731840486686362701e-02
9.648275543935758147e-01 2.802066372867006647e-02
9.635649848929038752e-01 2.873721773236338761e-02
9.622823578447300408e-01 2.946904613906188575e-02
9.609798258688463379e-01 3.021710257204028929e-02
9.596575439535321994e-01 3.098231293227832195e-02
9.583156694371124384e-01 3.176557399083259486e-02
9.569543619892351138e-01 3.256775261747070493e-02
9.555737835918733936e-01 3.338968559867146191e-02
9.541740985200499736e-01 3.423217999315184001e-02
9.527554733222914907e-01 3.509601396951562285e-02
9.513180768008095978e-01 3.598193806838150682e-02
9.498620799914159196e-01 3.689067683037009632e-02
9.483876561431705543e-01 3.782293073150604090e-02
9.468949806977666750e-01 3.877937836881886063e-02
9.453842312686548954e-01 3.976067884106639083e-02
9.438555876199097305e-01 4.076747427243225530e-02
9.423092316448380412e-01 4.180039243061961507e-02
9.407453473443372349e-01 4.286004939483768067e-02
9.391641208049994471e-01 4.394705223361988766e-02
9.375657401769703636e-01 4.506200165709173949e-02
9.359503956515603518e-01 4.620549461310243661e-02
9.343182794386138967e-01 4.737812680143717314e-02
9.326695857436387849e-01 4.858049508503543140e-02
9.310045107446972557e-01 4.981319978167539353e-02
9.293232525690630075e-01 5.107684682386703229e-02
9.276260112696457227e-01 5.237204977868718109e-02
9.259129888011872200e-01 5.369943172292401118e-02
9.241843889962304548e-01 5.505962697216777724e-02
9.224404175408658091e-01 5.645328266535900447e-02
9.206812819502561140e-01 5.788106020878431429e-02
9.189071915439448457e-01 5.934363658559688864e-02
9.171183574209489375e-01 6.084170553863200298e-02
9.153149924346399846e-01 6.237597863561303996e-02
9.134973111674171697e-01 6.394718622681218323e-02
9.116655299051741324e-01 6.555607830585950813e-02
9.098198666115626665e-01 6.720342528471183463e-02
9.079605409020574669e-01 6.889001869381249088e-02
9.060877740178241435e-01 7.061667181823513828e-02
9.042017887993937242e-01 7.238422028014419862e-02
9.023028096601467540e-01 7.419352257725199407e-02
9.003910625596104333e-01 7.604546058617804583e-02
8.984667749765717915e-01 7.794094003879037391e-02
8.965301758820096723e-01 7.988089097879183531e-02
8.945814957118496391e-01 8.186626820511486158e-02
8.926209663395449079e-01 8.389805170817653257e-02
8.906488210484844181e-01 8.597724710479585919e-02
8.886652945042361473e-01 8.810488607762743951e-02
8.866706227266230034e-01 9.028202682531562273e-02
8.846650430616389560e-01 9.250975453014401162e-02
8.826487941532077386e-01 9.478918185061206703e-02
8.806221159147866739e-01 9.712144944687525761e-02
8.785852495008183993e-01 9.950772654707280840e-02
8.765384372780373745e-01 1.019492115618863132e-01
8.744819227966287301e-01 1.044471327529472859e-01
8.724159507612504472e-01 1.070027489577054097e-01
8.703407670019142062e-01 1.096173503690273388e-01
8.682566184447350066e-01 1.122922593623069953e-01
8.661637530825490039e-01 1.150288313567665727e-01
8.640624199454051135e-01 1.178284556917502529e-01
8.619528690709326035e-01 1.206925564943984314e-01
8.598353514745893378e-01 1.236225935135675524e-01
8.577101191197934460e-01 1.266200628977962039e-01
8.555774248879424171e-01 1.296864979038596100e-01
8.534375225483220584e-01 1.328234695378690267e-01
8.512906667279112050e-01 1.360325871529644570e-01
8.491371128810831781e-01 1.393154990552161188e-01
8.469771172592095443e-01 1.426738931997172666e-01
8.448109368801690611e-01 1.461094980878316074e-01
8.426388294977640303e-01 1.496240839984928628e-01
8.404610535710513863e-01 1.532194646947858119e-01
8.382778682335878528e-01 1.568974997350330025e-01
8.360895332625961629e-01 1.606600974794030467e-01
8.338963090480538964e-01 1.645092188150413248e-01
8.316984565617095981e-01 1.684468815249454965e-01
8.294962373260301725e-01 1.724751651031588007e-01
8.272899133830815543e-01 1.765962156820523044e-01
8.250797472633492058e-01 1.808122506032933674e-01
8.228660019544988824e-01 1.851255620547156422e-01
8.206489408700844423e-01 1.895385191366386335e-01
8.184288278182034748e-01 1.940535677400653802e-01
8.162059269701075204e-01 1.986732277395106272e-01
8.139805028287676603e-01 2.034000872415076822e-01
8.117528201974020252e-01 2.082367939903473908e-01
8.095231441479660006e-01 2.131860445031153184e-01
8.072917399896122337e-01 2.182505720546546457e-01
8.050588732371206646e-01 2.234331352071149412e-01
8.028248095793056871e-01 2.287365091064163802e-01
8.005898148474012155e-01 2.341634821630739494e-01
7.983541549834297646e-01 2.397168609048668519e-01
7.961180960085578739e-01 2.453994856456097329e-01
7.938819039914422060e-01 2.512142590870843906e-01
7.916458450165702043e-01 2.571641890201019076e-01
7.894101851525987534e-01 2.632524449191945282e-01
7.871751904206942818e-01 2.694824264903742383e-01
7.849411267628793043e-01 2.758578402482779746e-01
7.827082600103878463e-01 2.823827781412674431e-01
7.804768558520339683e-01 2.890617903350117257e-01
7.782471798025980547e-01 2.958999427667521331e-01
7.760194971712323087e-01 3.029028492677176554e-01
7.737940730298924485e-01 3.100766681791226054e-01
7.715711721817964941e-01 3.174280546692512250e-01
7.693510591299155266e-01 3.249640625236682179e-01
7.671339980455010865e-01 3.326919930398307690e-01
7.649202527366507631e-01 3.406191936805390008e-01
7.627100866169184146e-01 3.487528150394865745e-01
7.605037626739697965e-01 3.570995410034886186e-01
7.583015434382902598e-01 3.656653131856841821e-01
7.561036909519460725e-01 3.744550760932306432e-01
7.539104667374038060e-01 3.834725734030296485e-01
7.517221317664121161e-01 3.927202275283144250e-01
7.495389464289485826e-01 4.021991338797820115e-01
7.473611705022359386e-01 4.119091975679636808e-01
7.451890631198309078e-01 4.218494337076946210e-01
7.430228827407903136e-01 4.320184431679442438e-01
7.408628871189169018e-01 4.424150639848856148e-01
7.387093332720888750e-01 4.530391853296855120e-01
7.365624774516780215e-01 4.638926966300032095e-01
7.344225751120575518e-01 4.749805299982263196e-01
7.322898808802065229e-01 4.863117403765989666e-01
7.301646485254107422e-01 4.979005556578190994e-01
7.280471309290674764e-01 5.097673194067012803e-01
7.259375800545948554e-01 5.219392426730117274e-01
7.238362469174509650e-01 5.344508797759612850e-01
7.217433815552649623e-01 5.473442468921995152e-01
7.196592329980857627e-01 5.606685127264605661e-01
7.175840492387495217e-01 5.744792081393170768e-01
7.155180772033712389e-01 5.888369264687817184e-01
7.134615627219627054e-01 6.038055177196413048e-01
7.114147504991814586e-01 6.194498160706877199e-01
7.093778840852132950e-01 6.358329783952897385e-01
7.073512058467921193e-01 6.530135478478370503e-01
7.053349569383611239e-01 6.710423866324989328e-01
7.033293772733770766e-01 6.899596415937344629e-01
7.013347054957637106e-01 7.097919120008606697e-01
6.993511789515155508e-01 7.305497793558001218e-01
6.973790336604551721e-01 7.522258349641378627e-01
6.954185042881503298e-01 7.747933052955383593e-01
6.934698241179904077e-01 7.982053323997269079e-01
6.915332250234281775e-01 8.223949221750233018e-01
6.896089374403895356e-01 8.472755321846124898e-01
6.876971903398532149e-01 8.727422369370320121e-01
6.857982112006063558e-01 8.986733844229007895e-01
6.839122259821758254e-01 9.249326438511761284e-01
6.820394590979426130e-01 9.513713401374399581e-01
6.801801333884373024e-01 9.778309739865898020e-01
6.783344700948258366e-01 1.004145835170542345e+00
6.765026888325827992e-01 1.030145628628652776e+00
6.746850075653600953e-01 1.055658046429104546e+00
6.728816425790512534e-01 1.080511232000717969e+00
6.710928084560551232e-01 1.104536095438025001e+00
6.693187180497438549e-01 1.127568449584608334e+00
6.675595824591340488e-01 1.149450945823851544e+00
6.658156110037694031e-01 1.170034796086266482e+00
6.640870111988126379e-01 1.189181273682569762e+00
6.623739887303542462e-01 1.206762990413707826e+00
6.606767474309370725e-01 1.222664951226923202e+00
6.589954892553027133e-01 1.236785390696467646e+00
6.573304142563612951e-01 1.249036397993288361e+00
6.556817205613860722e-01 1.259344338918351847e+00
6.540496043484396171e-01 1.267650085123137149e+00
6.524342598230296053e-01 1.273909061911899121e+00
6.508358791950004107e-01 1.278091127072411126e+00
6.492546526556627340e-01 1.280180294053712364e+00
6.476907683551618167e-01 1.280174313525161756e+00
6.461444123800903494e-01 1.278084127923378555e+00
6.446157687313449625e-01 1.273933214027316518e+00
6.431050193022334049e-01 1.267756828896435373e+00
6.416123438568294146e-01 1.259601174658810052e+00
6.401379200085840493e-01 1.249522497640268570e+00
6.386819231991903711e-01 1.237586137176997836e+00
6.372445266777084782e-01 1.223865539149117110e+00
6.358259014799499953e-01 1.208441248809809743e+00
6.344262164081266864e-01 1.191399896865701358e+00
6.330456380107648551e-01 1.172833191994377078e+00
6.316843305628875305e-01 1.152836932073399545e+00
6.303424560464677695e-01 1.131510045354856331e+00
6.290201741311536310e-01 1.108953671666842222e+00
6.277176421552699281e-01 1.085270292477902965e+00
6.264350151070960937e-01 1.060562917344306078e+00
6.251724456064241542e-01 1.034934332896913389e+00
6.239300838863985899e-01 1.008486419138739709e+00
6.227080777756401897e-01 9.813195364406300802e-01
6.215065726806556778e-01 9.535319852648286298e-01
6.203257115685357759e-01 9.252195393366504650e-01
6.191656349499442547e-01 8.964750517439609157e-01
6.180264808623971984e-01 8.673881322902649016e-01
6.169083848538393644e-01 8.380448933760284991e-01
6.158114799665144190e-01 8.085277607466024863e-01
6.147358967211346004e-01 7.789153446337294673e-01
6.136817631013499197e-01 7.492823661378879008e-01
6.126492045385194540e-01 7.196996331536786862e-01
6.116383438967863961e-01 6.902340597297377256e-01
6.106493014584581935e-01 6.609487224722540022e-01
6.096821949096941085e-01 6.319029474358827114e-01
6.087371393265021968e-01 6.031524208801357645e-01
6.078142471610461506e-01 5.747493172825839380e-01
6.069136282282642236e-01 5.467424380743463042e-01
6.060353896928031281e-01 5.191773546918204696e-01
6.051796360562659016e-01 4.920965497381239451e-01
6.043464691447775206e-01 4.655395503660588741e-01
6.035359880968684809e-01 4.395430485115058294e-01
6.027482893516783458e-01 4.141410034226072345e-01
6.019834666374807020e-01 3.893647231421674682e-01
6.012416109605300818e-01 3.652429232661948411e-01
6.005228105942331807e-01 3.418017634045536490e-01
5.998271510686454810e-01 3.190648641968913402e-01
5.991547151602936161e-01 2.970533102728610819e-01
5.985055828823262480e-01 2.757856468957842200e-01
5.978798314749927956e-01 2.552778798639127045e-01
5.972775353964531186e-01 2.355434892584286066e-01
5.966987663139173836e-01 2.165934675998744396e-01
5.961435930951184403e-01 1.984363918096522794e-01
5.956120818001177097e-01 1.810785361237409463e-01
5.951042956734436951e-01 1.645240299669741002e-01
5.946202951365677780e-01 1.487750610766354897e-01
5.941601377807134154e-01 1.338321202393684406e-01
5.937238783600043979e-01 1.196942802686269819e-01
5.933115687849490616e-01 1.063594986632965672e-01
5.929232581162635629e-01 9.382493104585806765e-02
5.925589925590343254e-01 8.208724118156403293e-02
5.922188154572198826e-01 7.114289322450983999e-02
5.919027672884933367e-01 6.098841281331860570e-02
5.916108856594264331e-01 5.162060564305406135e-02
5.913432053010139189e-01 4.303672498563450993e-02
5.910997580645416249e-01 3.523458307286302799e-02
5.908805729177960542e-01 2.821260501248947644e-02
5.906856759416180269e-01 2.196982768406885098e-02
5.905150903267983864e-01 1.650584957485357399e-02
5.903688363713195386e-01 1.182074051551914445e-02
5.902469314779396070e-01 7.914922559263662741e-03
5.901493901521217555e-01 4.789034674172595527e-03
5.900762240003083470e-01 2.443794412835618990e-03
5.900274417285398254e-01 8.798692769070566664e-04
5.900030491414185452e-01 9.776916226244466979e-05
