9.999925180274200631e-01 1.006727220350203538e-06
9.999326640623332763e-01 9.060841140261068554e-06
9.998129658147800747e-01 2.517058866344158802e-05
9.996334426484352331e-01 4.933842509833182125e-05
9.993941236048948795e-01 8.156535589839785218e-05
9.990950473989789193e-01 1.218448940226823224e-04
9.987362624124678234e-01 1.701518489835913321e-04
9.983178266862759997e-01 2.264258412158576749e-04
9.978398079110623042e-01 2.905515600324179047e-04
9.973022834162799111e-01 3.623398932089435371e-04
9.967053401576665417e-01 4.415152119323289626e-04
9.960490747031776060e-01 5.277135104819280715e-04
9.953335932173640321e-01 6.204935660396351501e-04
9.945590114441986707e-01 7.193594429657372601e-04
9.937254546883512729e-01 8.237889132361888135e-04
9.928330577949191493e-01 9.332603029586804873e-04
9.918819651276119531e-01 1.047270926822271592e-03
9.908723305453985830e-01 1.165343481311541512e-03
9.898043173776168713e-01 1.287021180483258719e-03
9.886780983975522741e-01 1.411856129107682189e-03
9.874938557944874518e-01 1.539396942824204292e-03
9.862517811442300664e-01 1.669180588304939412e-03
9.849520753781209059e-01 1.800730687810696805e-03
9.835949487505293298e-01 1.933561608600803524e-03
9.821806208048402542e-01 2.067185829261060023e-03
9.807093203379382285e-01 2.201121826066456885e-03
9.791812853631953750e-01 2.334900671044588382e-03
9.775967630719668566e-01 2.468070848098343449e-03
9.759560097936035294e-01 2.600201746565344602e-03
9.742592909539845580e-01 2.730886597269526015e-03
9.725068810325798729e-01 2.859745419699049728e-03
9.706990635180470228e-01 2.986428181774171409e-03
9.688361308623711921e-01 3.110618099312618349e-03
9.669183844335551559e-01 3.232034906543927548e-03
9.649461344668660567e-01 3.350437959799240899e-03
9.629197000146494378e-01 3.465629103545064902e-03
9.608394088947151968e-01 3.577455273994273668e-03
9.587055976373066724e-01 3.685810830082052441e-03
9.565186114306593046e-01 3.790639598991334125e-03
9.542788040651599690e-01 3.891936618797160567e-03
9.519865378761136476e-01 3.989749560289565511e-03
9.496421836851282050e-01 4.084179812796474504e-03
9.472461207401264849e-01 4.175383222270416007e-03
9.447987366539948306e-01 4.263570472513948488e-03
9.423004273418786880e-01 4.349007101959949384e-03
9.397515969571356154e-01 4.432013149156533750e-03
9.371526578259543605e-01 4.512962420318081258e-03
9.345040303806528836e-01 4.592281372233226154e-03
9.318061430916649845e-01 4.670447603772861882e-03
9.290594323982258596e-01 4.747987949638646753e-03
9.262643426377690226e-01 4.825476171378438768e-03
9.234213259740460256e-01 4.903530243675621042e-03
9.205308423239791926e-01 4.982809239109162527e-03
9.175933592832601349e-01 5.064009822510481124e-03
9.146093520507075914e-01 5.147862377067622362e-03
9.115793033513927002e-01 5.235126798506828036e-03
9.085037033585494637e-01 5.326588010687214290e-03
9.053830496142782902e-01 5.423051274972665210e-03
9.022178469490587105e-01 5.525337385504644656e-03
8.990086074000822602e-01 5.634277861257169784e-03
8.957558501284198504e-01 5.750710261489230465e-03
8.924601013350369483e-01 5.875473761827943592e-03
8.891218941756694472e-01 6.009405131859849210e-03
8.857417686745745478e-01 6.153335250449588380e-03
8.823202716371709720e-01 6.308086281522518046e-03
8.788579565615818323e-01 6.474469611177498425e-03
8.753553835490942570e-01 6.653284618154470947e-03
8.718131192135520902e-01 6.845318316113286998e-03
8.682317365896938810e-01 7.051345870665086564e-03
8.646118150404530356e-01 7.272131959576174851e-03
8.609539401632334554e-01 7.508432913744209417e-03
8.572587036951770934e-01 7.760999551576251015e-03
8.535267034174384149e-01 8.030580601660956136e-03
8.497585430584806421e-01 8.317926598678393110e-03
8.459548321964103224e-01 8.623794135134539574e-03
8.421161861603654319e-01 8.948950355970552301e-03
8.382432259309726685e-01 9.294177593248248090e-03
8.343365780398919185e-01 9.660278052679251160e-03
8.303968744684606662e-01 1.004807848148366219e-02
8.264247525454586629e-01 1.045843476677193670e-02
8.224208548440066213e-01 1.089223643427844786e-02
8.183858290776163669e-01 1.135041103781459469e-02
8.143203279954100982e-01 1.183392844918381911e-02
8.102250092765242995e-01 1.234380507531558820e-02
8.061005354237172904e-01 1.288110804268210313e-02
8.019475736561944013e-01 1.344695939723620538e-02
7.977667958016726457e-01 1.404254036981242813e-02
7.935588781876981024e-01 1.466909575122788030e-02
7.893245015322355451e-01 1.532793840800977109e-02
7.850643508335490850e-01 1.602045394973001732e-02
7.807791152593885897e-01 1.674810553477137920e-02
7.764694880355033080e-01 1.751243877702543181e-02
7.721361663334974645e-01 1.831508669701497130e-02
7.677798511580488094e-01 1.915777465363010384e-02
7.634012472335064414e-01 2.004232520336948764e-02
7.590010628898868905e-01 2.097066286753336561e-02
7.545800099482871115e-01 2.194481884598572033e-02
7.501388036057329289e-01 2.296693579596631798e-02
7.456781623194805864e-01 2.403927288713893565e-02
7.411988076907918277e-01 2.516421143442329131e-02
7.367014643481994973e-01 2.634426147744002578e-02
7.321868598302843090e-01 2.758206969566128278e-02
7.276557244679803249e-01 2.888042899841392411e-02
7.231087912664280193e-01 3.024228999164052176e-02
7.185467957863964639e-01 3.167077429393089921e-02
7.139704760252907345e-01 3.316918936609690449e-02
7.093805722977656325e-01 3.474104416728497624e-02
7.047778271159641506e-01 3.639006461596944186e-02
7.001629850694006674e-01 3.812020759649946411e-02
6.955367927045088550e-01 3.993567220358306552e-02
6.908999984038715070e-01 4.184090714812453704e-02
6.862533522651547147e-01 4.384061382614350133e-02
6.815976059797634878e-01 4.593974550166218113e-02
6.769335127112403594e-01 4.814350433193382434e-02
6.722618269734257357e-01 5.045733944436595758e-02
6.675833045083992001e-01 5.288695074627916548e-02
6.628987021642229749e-01 5.543830432036095379e-02
6.582087777725058597e-01 5.811766578893846208e-02
6.535142900258081866e-01 6.093165757258772047e-02
6.488159983549075527e-01 6.388734423158189124e-02
6.441146628059450929e-01 6.699234689351765692e-02
6.394110439174727212e-01 7.025498315887841738e-02
6.347059025974196578e-01 7.368442310837268472e-02
6.300000000000000044e-01 7.729084566808296086e-02
6.252940974025804621e-01 8.108557347048776787e-02
6.205889560825272877e-01 8.508115958696216286e-02
6.158853371940549160e-01 8.929139736665271665e-02
6.111840016450926782e-01 9.373122636030685462e-02
6.064857099741918223e-01 9.841651396226308579e-02
6.017912222274941492e-01 1.033637044822972029e-01
5.971012978357770340e-01 1.085893445904605042e-01
5.924166954916008088e-01 1.141095152255327261e-01
5.877381730265742732e-01 1.199392229106413799e-01
5.830664872887597605e-01 1.260918250178762468e-01
5.784023940202366321e-01 1.325785806014847523e-01
5.737466477348452942e-01 1.394084279675989746e-01
5.691000015961285019e-01 1.465880899298849516e-01
5.644632072954911539e-01 1.541225965437179601e-01
5.598370149305993415e-01 1.620162928909333611e-01
5.552221728840360804e-01 1.702743668207826189e-01
5.506194277022344874e-01 1.789048893792697659e-01
5.460295239747092744e-01 1.879213099319041180e-01
5.414532042136036560e-01 1.973452897109809479e-01
5.368912087335722116e-01 2.072096932926611179e-01
5.323442755320197950e-01 2.175614905541312649e-01
5.278131401697156999e-01 2.284642581847730336e-01
5.232985356518005116e-01 2.399999202338112536e-01
5.188011923092081812e-01 2.522693463587994400e-01
5.143218376805194225e-01 2.653914520929703813e-01
5.098611963942671910e-01 2.795005335891601606e-01
5.054199900517130084e-01 2.947417270276400658e-01
5.009989371101132294e-01 3.112647003882975660e-01
4.965987527664935675e-01 3.292159311389295517e-01
4.922201488419511994e-01 3.487301477054035037e-01
4.878638336665025443e-01 3.699216602795444842e-01
4.835305119644967009e-01 3.928763369261057958e-01
4.792208847406114747e-01 4.176448848572890671e-01
4.749356491664510349e-01 4.442379012406597050e-01
4.706754984677645748e-01 4.726229157012292181e-01
4.664411218123020730e-01 5.027234155144242322e-01
4.622332041983274187e-01 5.344196674987121698e-01
4.580524263438056076e-01 5.675510463597348565e-01
4.538994645762828295e-01 6.019195432775918952e-01
4.497749907234757094e-01 6.372941423934185279e-01
4.456796720045899662e-01 6.734157942582270628e-01
4.416141709223836420e-01 7.100027654307249358e-01
4.375791451559934431e-01 7.467561899878055742e-01
4.335752474545413460e-01 7.833656859180574417e-01
4.296031255315394537e-01 8.195149260896940069e-01
4.256634219601082014e-01 8.548870712873245514e-01
4.217567740690274514e-01 8.891699843224809552e-01
4.178838138396345769e-01 9.220611520985720899e-01
4.140451678035896865e-01 9.532722489287827061e-01
4.102414569415193668e-01 9.825332808967413012e-01
4.064732965825615940e-01 1.009596258525490731e+00
4.027412963048229155e-01 1.034238353879072259e+00
3.990460598367665535e-01 1.056264508476054909e+00
3.953881849595470288e-01 1.075509469792893080e+00
3.917682634103061834e-01 1.091839246256536500e+00
3.881868807864480297e-01 1.105151982962523372e+00
3.846446164509058629e-01 1.115378272375245450e+00
3.811420434384181766e-01 1.122480925465892510e+00
3.776797283628289259e-01 1.126454238681349196e+00
3.742582313254255166e-01 1.127322800469768183e+00
3.708781058243306727e-01 1.125139887586018794e+00
3.675398986649630606e-01 1.119985505957270089e+00
3.642441498715801584e-01 1.111964133523202447e+00
3.609913925999177486e-01 1.101202223306910088e+00
3.577821530509412984e-01 1.087845524244417383e+00
3.546169503857218297e-01 1.072056275292690541e+00
3.514962966414507117e-01 1.054010325373603507e+00
3.484206966486074197e-01 1.033894228124897952e+00
3.453906479492924175e-01 1.011902356523244340e+00
3.424066407167397630e-01 9.882340784735217376e-01
3.394691576760207607e-01 9.630910306082415273e-01
3.365786740259539833e-01 9.366745239199655293e-01
3.337356573622309863e-01 9.091831114874453501e-01
3.309405676017742604e-01 8.808103454130415955e-01
3.281938569083350798e-01 8.517427470694270975e-01
3.254959696193471252e-01 8.221580117277522692e-01
3.228473421740458149e-01 7.922234654652235974e-01
3.202484030428645045e-01 7.620947887958908762e-01
3.176995726581214319e-01 7.319150176335612601e-01
3.152012633460052338e-01 7.018138279251462386e-01
3.127538792598734685e-01 6.719071055871097542e-01
3.103578163148716929e-01 6.422967982950518184e-01
3.080134621238863613e-01 6.130710403289545418e-01
3.057211959348400399e-01 5.843045362197163417e-01
3.034813885693407043e-01 5.560591835618378109e-01
3.012944023626933365e-01 5.283849102516411378e-01
2.991605911052847566e-01 5.013206967769352485e-01
2.970802999853506265e-01 4.748957502029069744e-01
2.950538655331340632e-01 4.491307933225053284e-01
2.930816155664449085e-01 4.240394301849662595e-01
2.911638691376287058e-01 3.996295479590342148e-01
2.893009364819529861e-01 3.759047148553646411e-01
2.874931189674201359e-01 3.528655345938303545e-01
2.857407090460154508e-01 3.305109195535237410e-01
2.840439902063965905e-01 3.088392471107891946e-01
2.824032369280332078e-01 2.878493665331602336e-01
2.808187146368046894e-01 2.675414269657647726e-01
2.792906796620617249e-01 2.479175005008879829e-01
2.778193791951598102e-01 2.289819783783379470e-01
2.764050512494707346e-01 2.107417238060545484e-01
2.750479246218791030e-01 1.932059729273484239e-01
2.737482188557699425e-01 1.763859874164807606e-01
2.725061442055125016e-01 1.602944788866241810e-01
2.713219016024477348e-01 1.449448463378567309e-01
2.701956826223831376e-01 1.303502910648204616e-01
2.691276694546014814e-01 1.165228947885971617e-01
2.681180348723880558e-01 1.034727611768751082e-01
2.671669422050808040e-01 9.120732346479543118e-02
2.662745453116486805e-01 7.973090836276368332e-02
2.654409885558014492e-01 6.904461847410146846e-02
2.646664067826359767e-01 5.914655501302788776e-02
2.639509252968224029e-01 5.003235563297379201e-02
2.632946598423334117e-01 4.169597641340565264e-02
2.626977165837200423e-01 3.413061057969513090e-02
2.621601920889377046e-01 2.732961609338768402e-02
2.616821733137240091e-01 2.128732390464952579e-02
2.612637375875321855e-01 1.599961891768572966e-02
2.609049526010210895e-01 1.146422339780004372e-02
2.606058763951051294e-01 7.680661332008511914e-03
2.603665573515647758e-01 4.649933879027579216e-03
2.601870341852199342e-01 2.373981819045772445e-03
2.600673359376667881e-01 8.550432741987849805e-04
2.600074819725798903e-01 9.502874910869242087e-05
