6.213093318922411346e-01 2.092302799593601798e-02 6.211733405971588962e-01 1.299872408158584888e-02
6.194364959998692743e-01 2.092302799593601798e-02 6.193009146284199629e-01 1.295954154276755983e-02
6.175832045088611721e-01 1.883072519634241410e-02 6.174737114121272574e-01 1.162885232372075882e-02
6.157495438614795091e-01 1.673842239674881369e-02 6.156632871275943275e-01 1.030619468404873375e-02
6.139355995843540637e-01 1.464611959715521154e-02 6.138697534611321505e-01 8.991452750766494584e-03
6.121414562844922358e-01 1.464611959715521154e-02 6.120758025876109620e-01 8.965176452862067338e-03
6.103671976453338699e-01 1.255381679756160940e-02 6.103191018556879399e-01 7.662236715512658891e-03
6.086129064228467112e-01 1.046151399796800899e-02 6.085796024317073893e-01 6.366896302739758970e-03
6.068786644416670484e-01 1.046151399796800899e-02 6.068454553502233839e-01 6.348753836910490077e-03
6.051645525912835444e-01 8.369211198374406843e-03 6.051433587339910547e-01 5.064690824978899594e-03
6.034706508222638099e-01 8.369211198374406843e-03 6.034495162881954311e-01 5.050514368821256393e-03
6.017970381425253867e-01 6.276908398780804699e-03 6.017851829064626568e-01 3.777400078302049075e-03
6.001437926136508061e-01 6.276908398780804699e-03 6.001319699460700985e-01 3.767022875699824799e-03
5.985109913472465015e-01 4.184605599187203422e-03 5.985057511146457676e-01 2.504525136126943986e-03
5.968987105013463523e-01 4.184605599187203422e-03 5.968934843849887928e-01 2.497778396362042991e-03
5.953070252768587478e-01 2.092302799593601711e-03 5.953057222303230756e-01 1.245561646815073137e-03
5.937360099140602809e-01 2.092302799593601711e-03 5.937347103062646791e-01 1.242274609371580999e-03
5.921857376891315194e-01 3.975375319227843207e-02 5.917178657206338954e-01 2.353540544454015351e-02
5.906562809107400724e-01 3.975375319227843207e-02 5.901896173299290282e-01 2.347461981074591697e-02
5.891477109166685100e-01 3.766145039268482819e-02 5.887299412075069904e-01 2.218291243628474005e-02
5.876600980704852484e-01 3.766145039268482819e-02 5.872433832403881615e-01 2.212690002225934857e-02
5.861935117582643961e-01 3.766145039268482819e-02 5.857778368971356953e-01 2.207167931081224777e-02
5.847480203853483438e-01 3.556914759309123125e-02 5.843781582341186498e-01 2.079460322976286329e-02
5.833236913731574269e-01 3.556914759309123125e-02 5.829547301320191499e-01 2.074395174289227900e-02
5.819205911560455524e-01 3.556914759309123125e-02 5.815525173974580575e-01 2.069405518695830934e-02
5.805387851782007891e-01 3.347684479349762737e-02 5.802135108999194602e-01 1.943097695357365318e-02
5.791783378905938084e-01 3.347684479349762737e-02 5.788538258671710457e-01 1.938544197715699746e-02
5.778393127479709568e-01 3.347684479349762737e-02 5.775155509766382034e-01 1.934062401261983991e-02
5.765217722058950667e-01 3.138454199390402349e-02 5.762378615719231378e-01 1.809090153760258696e-02
5.752257777178320097e-01 3.138454199390402349e-02 5.749425053019369125e-01 1.805023402111467432e-02
5.739513897322845448e-01 2.929223919431042308e-02 5.737051720684852585e-01 1.680991723628245949e-02
5.726986676899727957e-01 2.929223919431042308e-02 5.724529874275983143e-01 1.677322744995552242e-02
5.714676700210620242e-01 2.929223919431042308e-02 5.712225178406394877e-01 1.673717392817191188e-02
5.702584541424363662e-01 2.929223919431042308e-02 5.700138206998616175e-01 1.670175835256022465e-02
5.690710764550225287e-01 2.719993639471682267e-02 5.688605796451978724e-01 1.547678853663629617e-02
5.679055923411570062e-01 2.719993639471682267e-02 5.676955266386193300e-01 1.544509135166342514e-02
5.667620561620047015e-01 2.719993639471682267e-02 5.665524134483125307e-01 1.541399107550990230e-02
5.656405212550221773e-01 2.719993639471682267e-02 5.654312933920047080e-01 1.538348915877227330e-02
5.645410399314704231e-01 2.510763359512321879e-02 5.643631078444079074e-01 1.417280039750118924e-02
5.634636634739751404e-01 2.510763359512321879e-02 5.632860709545047806e-01 1.414575286613499981e-02
5.624084421341335460e-01 2.510763359512321879e-02 5.622311821994038228e-01 1.411926153890292850e-02
5.613754251301724674e-01 2.510763359512321879e-02 5.611984907818190482e-01 1.409332765142834801e-02
5.603646606446509582e-01 2.510763359512321879e-02 5.601880448691234360e-01 1.406795241333420009e-02
5.593761958222140951e-01 2.510763359512321879e-02 5.591998915911030599e-01 1.404313700818659617e-02
5.584100767673928489e-01 2.301533079552961839e-02 5.582621868647860142e-01 1.285085803798190554e-02
5.574663485424550258e-01 2.301533079552961839e-02 5.573187085778079641e-01 1.282913973820601523e-02
5.565450551653025046e-01 2.301533079552961839e-02 5.563976591969468366e-01 1.280793773828929095e-02
5.556462396074182131e-01 2.301533079552961839e-02 5.554990816823051070e-01 1.278725302714731754e-02
5.547699437918626186e-01 2.301533079552961839e-02 5.546230179458401244e-01 1.276708656956801989e-02
5.539162085913167388e-01 2.301533079552961839e-02 5.537695088494082318e-01 1.274743930616662260e-02
5.530850738261778865e-01 2.301533079552961839e-02 5.529385942028607337e-01 1.272831215334183606e-02
5.522765782627000464e-01 2.301533079552961839e-02 5.521303127621846052e-01 1.270970600323305215e-02
5.514907596111875421e-01 2.301533079552961839e-02 5.513447022276969367e-01 1.269162172367877678e-02
5.507276545242353327e-01 2.301533079552961839e-02 5.505817992422856744e-01 1.267406015817613800e-02
5.499872985950193804e-01 2.301533079552961839e-02 5.498416393897002097e-01 1.265702212584153205e-02
5.492697263556366449e-01 2.301533079552961839e-02 5.491242571928919292e-01 1.264050842137243169e-02
5.485749712754948160e-01 2.301533079552961839e-02 5.484296861124045019e-01 1.262451981501032210e-02
5.479030657597498966e-01 2.092302799593601798e-02 5.477831415228722189e-01 1.146295477902335887e-02
5.472540411477970768e-01 2.092302799593601798e-02 5.471342589684952129e-01 1.144937620967008927e-02
5.466279277118064606e-01 2.092302799593601798e-02 5.465082825753150297e-01 1.143627697651769352e-02
5.460247546553125275e-01 2.092302799593601798e-02 5.459052415404742620e-01 1.142365769054796108e-02
5.454445501118518891e-01 2.092302799593601798e-02 5.453251639913515580e-01 1.141151894035671854e-02
5.448873411436503389e-01 2.092302799593601798e-02 5.447680769842495607e-01 1.139986129212636375e-02
5.443531537403620835e-01 2.092302799593601798e-02 5.442340065031335827e-01 1.138868528959948064e-02
5.438420128178554913e-01 2.092302799593601798e-02 5.437229774584186881e-01 1.137799145405344985e-02
5.433539422170529098e-01 2.092302799593601798e-02 5.432350136858089540e-01 1.136778028427615911e-02
5.428889647028171117e-01 2.092302799593601798e-02 5.427701379451842501e-01 1.135805225654271979e-02
5.424471019628906987e-01 2.092302799593601798e-02 5.423283719195404196e-01 1.134880782459326762e-02
5.420283746068835784e-01 2.092302799593601798e-02 5.419097362139760898e-01 1.134004741961178869e-02
5.416328021653122882e-01 2.092302799593601798e-02 5.415142503547333286e-01 1.133177145020601052e-02
5.412604030886889461e-01 2.092302799593601798e-02 5.411419327882854846e-01 1.132398030238834959e-02
5.409111947466602732e-01 2.092302799593601798e-02 5.407928008804776532e-01 1.131667433955789621e-02
5.405851934271977965e-01 2.092302799593601798e-02 5.404668709157162132e-01 1.130985390248346809e-02
5.402824143358384568e-01 2.092302799593601798e-02 5.401641580962099898e-01 1.130351930928773056e-02
5.400028715949745095e-01 2.092302799593601798e-02 5.398846765412600446e-01 1.129767085543233185e-02
5.397465782431954961e-01 2.092302799593601798e-02 5.396284392866020907e-01 1.129230881370414143e-02
5.395135462346796196e-01 2.092302799593601798e-02 5.393954582837978684e-01 1.128743343420251545e-02
5.393037864386370783e-01 2.092302799593601798e-02 5.391857443996785904e-01 1.128304494432765329e-02
5.391173086388019176e-01 2.092302799593601798e-02 5.389993074158366815e-01 1.127914354876995845e-02
5.389541215329763935e-01 2.092302799593601798e-02 5.388361560281706986e-01 1.127572942950051497e-02
5.388142327326251868e-01 2.092302799593601798e-02 5.386962978464794327e-01 1.127280274576259074e-02
5.386976487625203536e-01 2.092302799593601798e-02 5.385797393941066380e-01 1.127036363406421632e-02
5.386043750604366798e-01 2.092302799593601798e-02 5.384864861076370524e-01 1.126841220817179946e-02
5.385344159768987726e-01 2.092302799593601798e-02 5.384165423366429337e-01 1.126694855910485328e-02
