9.999980885553013676e-01 2.223496726279779517e-14
9.999827971326147313e-01 1.426350919181914903e-12
9.999522150067154946e-01 7.481027848316863605e-12
9.999063436165169794e-01 1.791185937978533760e-11
9.998451851203054019e-01 2.581714939130928845e-11
9.997687423956375108e-01 2.517400326387928715e-11
9.996770190392050282e-01 1.761168043600617541e-11
9.995700193666662292e-01 1.116711899488125088e-11
9.994477484124419941e-01 1.138602766960243241e-11
9.993102119294795527e-01 1.241223936563588256e-11
9.991574163889817006e-01 1.251479992567961602e-11
9.989893689801020438e-01 1.239866851441150662e-11
9.988060776096069349e-01 1.166295537320620307e-11
9.986075509015033269e-01 1.018945278101024339e-11
9.983937981966334307e-01 7.776749654179921913e-12
9.981648295522348446e-01 4.549590066167802281e-12
9.979206557414669332e-01 3.335931497999785959e-12
9.976612882529051207e-01 7.443872048629763843e-12
9.973867392899992135e-01 1.256702112029580785e-11
9.970970217704998584e-01 1.710248784197643624e-11
9.967921493258503629e-01 2.003373509693947880e-11
9.964721363005455412e-01 2.031825010842241302e-11
9.961369977514571428e-01 1.722477388140236515e-11
9.957867494471243086e-01 1.056743548360991041e-11
9.954214078670129418e-01 1.142902446741012095e-12
9.950409902007397722e-01 1.038108658854846738e-11
9.946455143472631155e-01 2.062735697790787038e-11
9.942349989140416566e-01 2.721455726951593830e-11
9.938094632161581510e-01 2.754878285261441873e-11
9.933689272754111510e-01 2.034706886941077757e-11
9.929134118193724268e-01 7.410314340324986012e-12
9.924429382804126343e-01 1.255771577013744978e-11
9.919575287946915676e-01 2.744906792662833765e-11
9.914572062011181020e-01 3.484764365207031314e-11
9.909419940402742766e-01 3.007723107345178253e-11
9.904119165533087354e-01 1.339601120165299108e-11
9.898669986807956400e-01 1.133189303012720897e-11
9.893072660615610525e-01 3.196591232501685258e-11
9.887327450314772337e-01 4.002619070375518462e-11
9.881434626222225237e-01 2.960540457063555201e-11
9.875394465600109140e-01 4.755521493299887499e-12
9.869207252642859807e-01 2.600721381648872104e-11
9.862873278463845095e-01 4.259886780106988639e-11
9.856392841081672573e-01 3.597424991078955697e-11
9.849766245406152976e-01 9.956934514012403868e-12
9.842993803223970550e-01 2.787953789697389844e-11
9.836075833184002581e-01 4.503417273377476032e-11
9.829012660782326938e-01 3.314043416541890022e-11
9.821804618346916538e-01 5.754715219542989342e-12
9.814452045021989646e-01 3.581695395537545889e-11
9.806955286752064849e-01 4.240982451921901576e-11
9.799314696265672975e-01 1.682180691033912679e-11
9.791530633058773692e-01 2.326850752792580039e-11
9.783603463377830156e-01 4.152519825941864338e-11
9.775533560202581684e-01 2.427620132903776206e-11
9.767321303228492235e-01 1.716073636982732113e-11
9.758967078848890253e-01 3.850773321969530102e-11
9.750471280136783214e-01 2.403856435943434567e-11
9.741834306826365752e-01 1.377441886003371005e-11
9.733056565294210261e-01 3.347584049900213255e-11
9.724138468540149960e-01 1.743902794400977074e-11
9.715080436167843336e-01 1.682101231712145541e-11
9.705882894365032154e-01 2.779894734533150096e-11
9.696546275883491939e-01 7.844736825196825909e-12
9.687071020018666045e-01 2.108322659818767119e-11
9.677457572588999968e-01 1.867832913674716785e-11
9.667706385914962564e-01 5.785263064680677992e-12
9.657817918797767520e-01 1.755182328253452334e-11
9.647792636497781738e-01 4.001957339473534319e-12
9.637631010712640611e-01 1.252712123051968650e-11
9.627333519555046903e-01 7.088439888136192739e-12
9.616900647530282065e-01 8.184195340939097038e-12
9.606332885513404474e-01 7.610491285023123729e-12
9.595630730726156798e-01 2.679053599738850475e-12
9.584794686713569156e-01 4.872582841597003204e-12
9.573825263320269174e-01 1.825642045952728710e-12
9.562722976666491181e-01 2.952442359556828816e-12
9.551488349123793409e-01 1.001578069500832160e-12
9.540121909290482094e-01 2.197086164774810993e-12
9.528624191966733603e-01 1.333912322163731417e-12
9.516995738129440108e-01 1.389742606284613332e-12
9.505237094906751061e-01 1.364499841510123343e-12
9.493348815552331565e-01 1.187262689371944126e-12
9.481331459419333196e-01 1.831851213555445715e-13
9.469185591934070612e-01 6.836358080430241462e-13
9.456911784569425050e-01 1.277174287091935356e-12
9.444510614817950289e-01 1.603980094881407838e-12
9.431982666164705487e-01 1.721334674102890082e-12
9.419328528059796035e-01 1.169020932634837199e-12
9.406548795890646852e-01 4.085763984666253028e-13
9.393644070953984793e-01 6.248461191660451801e-13
9.380614960427542393e-01 1.293272729034385383e-12
9.367462077341499604e-01 1.727297642119447050e-12
9.354186040549635761e-01 1.504382868593480442e-12
9.340787474700208426e-01 9.503575302140556315e-13
9.327267010206566900e-01 6.959622035243961410e-14
9.313625283217492612e-01 7.909933958489284813e-13
9.299862935587263069e-01 1.478884810423720325e-12
9.285980614845456005e-01 1.549543791814791012e-12
9.271978974166479315e-01 1.235472521596799255e-12
9.257858672338841188e-01 4.132498414439867989e-13
9.243620373734152684e-01 4.977922045434947951e-13
9.229264748275869401e-01 1.321411204390996200e-12
9.214792471407768915e-01 1.533545218553215156e-12
9.200204224062172864e-01 1.282952726988223174e-12
9.185500692627905917e-01 4.391689694806217620e-13
9.170682568918004929e-01 5.049531972403604984e-13
9.155750550137161659e-01 1.272262202519146174e-12
9.140705338848931216e-01 1.413547041205256676e-12
9.125547642942657411e-01 1.109893512563744644e-12
9.110278175600182715e-01 1.893952905010001164e-13
9.094897655262285108e-01 7.125875801310949524e-13
9.079406805594872898e-01 1.321350549314830439e-12
9.063806355454943064e-01 1.341169152750114158e-12
9.048097038856279806e-01 8.233178873580834556e-13
9.032279594934922162e-01 2.310082943774187834e-13
9.016354767914390722e-01 9.792529245199304691e-13
9.000323307070661194e-01 1.312248492448529783e-12
8.984185966696924819e-01 1.127888873685386561e-12
8.967943506068084547e-01 2.503476367313041344e-13
8.951596689405036944e-01 8.009403542030398142e-13
8.935146285838716507e-01 1.245291153544736401e-12
8.918593069373904614e-01 1.176935376201912400e-12
8.901937818852811990e-01 6.955747417231290586e-13
8.885181317918431354e-01 6.433584959091359114e-13
8.868324354977674684e-01 1.332287391490893492e-12
8.851367723164270673e-01 1.209608402445933709e-12
8.834312220301446805e-01 5.909127798149759768e-13
8.817158648864393822e-01 6.556276710053273994e-13
8.799907815942510370e-01 1.338131720123410478e-12
8.782560533201425601e-01 1.294822709285343173e-12
8.765117616844808612e-01 4.044394157761391934e-13
8.747579887575971380e-01 7.708344402215733492e-13
8.729948170559245213e-01 1.331312662399032096e-12
8.712223295381166244e-01 1.127361430741038932e-12
8.694406096011431107e-01 7.836750777644391554e-13
8.676497410763668316e-01 8.541053024144509426e-13
8.658498082255993156e-01 1.123141299464745018e-12
8.640408957371353837e-01 8.440958233432047123e-13
8.622230887217693374e-01 5.856673560510352504e-13
8.603964727087902720e-01 9.704396754340774324e-13
8.585611336419575190e-01 1.132288677493371426e-12
8.567171578754574357e-01 3.796356513667610669e-13
8.548646321698396555e-01 5.456139821287918669e-13
8.530036436879357975e-01 1.147612628775930554e-12
8.511342799907576362e-01 4.800217337859983303e-13
8.492566290333776191e-01 6.892518220984975554e-13
8.473707791607907325e-01 1.042560245054124040e-12
8.454768191037571601e-01 9.931036440566384000e-13
8.435748379746281778e-01 5.857158324637008164e-13
8.416649252631529521e-01 1.296690275258701502e-12
8.397471708322676864e-01 9.894589034965193868e-13
8.378216649138680028e-01 5.350600474638180691e-13
8.358884981045634488e-01 1.274906449024935849e-12
8.339477613614144635e-01 1.154125972132160524e-12
8.319995459976530228e-01 8.362478459151703589e-13
8.300439436783864089e-01 8.926621791036959278e-13
8.280810464162837725e-01 1.027195017240864566e-12
8.261109465672478169e-01 5.212085673341883328e-13
8.241337368260679419e-01 5.991393405577859537e-13
8.221495102220606199e-01 8.040177156090157193e-13
8.201583601146906766e-01 1.090393039949505652e-12
8.181603801891796923e-01 9.273068993776776955e-13
8.161556644520976400e-01 1.142457402433541412e-14
8.141443072269400894e-01 1.167808239822842553e-12
8.121264031496896463e-01 1.134382663211610780e-12
8.101020471643637366e-01 3.791855936806556214e-13
8.080713345185472907e-01 8.799831638762823898e-13
8.060343607589113279e-01 1.318197429579244714e-12
8.039912217267169980e-01 5.417890174869248867e-13
8.019420135533070759e-01 4.277190142896351987e-13
7.998868326555819142e-01 6.346416426990189171e-13
7.978257757314632936e-01 8.631613750852374842e-13
7.957589397553452848e-01 6.193191350414957658e-13
7.936864219735304538e-01 3.387139270316505220e-13
7.916083198996552994e-01 1.245038756048322222e-12
7.895247313101014797e-01 8.099280853709775279e-13
7.874357542393960463e-01 6.382832895061976943e-13
7.853414869755981353e-01 6.565155020959718111e-13
7.832420280556746661e-01 6.240220329503062633e-13
7.811374762608642719e-01 4.809490935465314088e-13
7.790279306120297953e-01 4.355043831522590525e-13
7.769134903649985713e-01 7.450926076125332770e-13
7.747942550058927180e-01 6.542829897633912506e-13
7.726703242464485477e-01 7.570634060032748582e-13
7.705417980193244309e-01 9.362415469933347313e-13
7.684087764733993353e-01 2.129125922584030004e-13
7.662713599690607058e-01 1.615228599436988760e-13
7.641296490734822422e-01 5.733536483802630914e-13
7.619837445558921285e-01 5.427955380040322051e-13
7.598337473828320476e-01 1.437069486148401532e-13
7.576797587134063150e-01 6.666127980863600870e-13
7.555218798945222414e-01 9.763670161361943901e-13
7.533602124561222801e-01 2.299241874959478931e-13
7.511948581064058494e-01 4.355295206590552430e-13
7.490259187270450481e-01 2.849592182298786686e-13
7.468534963683902683e-01 2.853959795281130671e-13
7.446776932446690367e-01 4.577353744517269612e-13
7.424986117291763055e-01 7.864893179271631203e-13
7.403163543494584165e-01 3.285234101006041024e-13
7.381310237824885156e-01 6.953656368243332641e-14
7.359427228498354179e-01 4.459329051803933292e-13
7.337515545128265870e-01 3.146627860755595814e-13
7.315576218677026787e-01 4.138067957832908237e-13
7.293610281407674201e-01 7.310659474887711617e-13
7.271618766835310499e-01 2.339469939870827763e-13
7.249602709678465429e-01 1.191639796602914117e-13
7.227563145810416145e-01 4.086520618754568368e-13
7.205501112210452863e-01 2.630163371178629843e-13
7.183417646915086774e-01 2.967027987869781419e-13
7.161313788969201344e-01 3.753756113346875053e-13
7.139190578377178076e-01 1.753903539322767050e-13
7.117049056053950107e-01 2.081114156163435510e-13
7.094890263776032491e-01 5.962731863485242634e-13
7.072715244132512513e-01 2.226500489589114292e-13
7.050525040475978944e-01 1.857171777695327906e-13
7.028320696873446849e-01 1.643845019749715130e-13
7.006103258057225780e-01 1.463059278617582839e-14
6.983873769375763541e-01 4.090986360005210388e-13
6.961633276744468857e-01 5.327159494610961330e-13
6.939382826596488529e-01 1.626915586369473694e-13
6.917123465833483476e-01 5.509397893361249272e-13
6.894856241776361472e-01 3.447907057390516279e-13
6.872582202116013228e-01 4.221631055967017655e-13
6.850302394863998501e-01 2.818277885936576818e-13
6.828017868303257742e-01 3.141191497035378348e-13
6.805729670938767129e-01 6.387561860280328238e-13
6.783438851448226892e-01 4.814916854694460451e-13
6.761146458632704137e-01 7.270194612878465403e-13
6.738853541367295641e-01 3.747150518323696072e-13
6.716561148551773996e-01 8.244503841350235201e-13
6.694270329061232649e-01 4.124349800688363586e-13
6.671982131696743146e-01 6.244169524489544711e-13
6.649697605136000167e-01 5.335889030939118871e-13
6.627417797883987660e-01 5.035603958349831036e-13
6.605143758223637196e-01 7.348321967219773079e-13
6.582876534166517413e-01 3.008442071626393792e-13
6.560617173403511249e-01 6.467208557322053176e-13
6.538366723255530921e-01 2.805245217392052418e-13
6.516126230624235127e-01 3.122330104897935874e-13
6.493896741942775108e-01 5.232240849789744274e-13
6.471679303126554039e-01 3.886445141816326164e-13
6.449474959524021944e-01 9.256365278803908153e-13
6.427284755867488375e-01 7.979635289189284787e-13
6.405109736223967287e-01 1.212265068195681779e-12
6.382950943946050781e-01 1.358840781553114782e-12
6.360809421622821702e-01 1.186922136193380150e-12
6.338686211030797324e-01 1.532207925238394427e-12
6.316582353084913004e-01 9.702320403223412209e-13
6.294498887789545805e-01 1.134908060564328048e-12
6.272436854189584743e-01 3.957416686752947380e-13
6.250397290321534349e-01 4.975209269996449247e-13
6.228381233164688169e-01 5.713454393569936924e-13
6.206389718592324467e-01 5.775869099875503654e-13
6.184423781322974101e-01 1.225163839122006463e-12
6.162484454871735018e-01 1.199833712042641490e-12
6.140572771501645599e-01 1.442198992603814921e-12
6.118689762175115732e-01 1.206519180513626415e-12
6.096836456505415613e-01 7.526393611562391854e-13
6.075013882708235613e-01 8.179953094677170981e-13
6.053223067553310521e-01 8.503800038197553369e-13
6.031465036316097095e-01 1.405773775289121369e-12
6.009740812729549297e-01 2.104021464970705480e-12
5.988051418935941284e-01 1.960572729706901592e-12
5.966397875438778087e-01 2.393017585554974108e-12
5.944781201054777364e-01 1.253382632956827378e-12
5.923202412865937738e-01 1.376506721173949471e-12
5.901662526171680412e-01 9.922207492215299612e-13
5.880162554441078493e-01 1.290795342211963523e-12
5.858703509265177356e-01 2.359651720632095125e-12
5.837286400309392720e-01 1.767464630267526599e-12
5.815912235266005315e-01 1.901541505240536987e-12
5.794582019806755468e-01 3.437284889226394061e-13
5.773296757535514301e-01 1.045637646233709177e-12
5.752057449941072598e-01 2.204874648228494908e-12
5.730865096350014065e-01 2.589149343441431697e-12
5.709720693879702935e-01 2.894749470940825673e-12
5.688625237391355949e-01 1.383470559002046537e-12
5.667579719443254227e-01 6.123919357853717065e-13
5.646585130244019535e-01 1.738217995763787652e-12
5.625642457606039315e-01 2.522399272145774342e-12
5.604752686898984981e-01 2.803638855795161233e-12
5.583916801003447894e-01 1.274968325297006117e-12
5.563135780264695240e-01 7.217797091724822289e-13
5.542410602446546930e-01 2.669350514472254675e-12
5.521742242685366842e-01 3.567760254732690327e-12
5.501131673444181747e-01 3.164607670601062442e-12
5.480579864466930129e-01 1.229164725174694332e-12
5.460087782732829798e-01 1.406362627722149794e-12
5.439656392410887609e-01 3.314707236012315002e-12
5.419286654814527981e-01 3.349422842219555828e-12
5.398979528356362412e-01 1.713041227543985128e-12
5.378735968503104425e-01 1.653890644290501847e-12
5.358556927730599995e-01 4.021718449961453976e-12
5.338443355479023378e-01 4.196627092522487195e-12
5.318396198108203965e-01 2.852206662593244129e-12
5.298416398853094123e-01 2.048400466192642398e-12
5.278504897779394689e-01 3.692752089847805135e-12
5.258662631739320359e-01 4.327187411178731628e-12
5.238890534327522719e-01 2.430339744869968194e-12
5.219189535837162053e-01 5.423396036391648488e-12
5.199560563216136799e-01 3.794005312481550426e-12
5.180004540023469550e-01 6.574357581637992425e-12
5.160522386385856253e-01 4.717660500688517394e-12
5.141115018954366400e-01 1.163016035873288338e-11
5.121783350861320860e-01 4.586107620583632602e-12
5.102528291677324024e-01 1.375949603233155079e-11
5.083350747368471367e-01 1.598258923426317281e-11
5.064251620253718000e-01 2.622910484063164133e-11
5.045231808962428177e-01 2.465388710325949714e-11
5.026292208392093563e-01 3.438580773154217103e-11
5.007433709666223587e-01 5.098910976146170666e-11
4.988657200092423971e-01 6.161438902928649901e-11
4.969963563120641803e-01 8.271471702890796581e-11
4.951353678301602668e-01 9.591610264152282117e-11
4.932828421245425421e-01 1.389868031194377452e-10
4.914388663580424588e-01 1.732606120987846964e-10
4.896035272912097058e-01 2.233405507794731213e-10
4.877769112782307515e-01 2.842254802375340494e-10
4.859591042628647606e-01 3.624744434716360537e-10
4.841501917744006622e-01 4.795220584439570382e-10
4.823502589236330906e-01 5.980164308671287710e-10
4.805593903988568671e-01 7.672919688556755817e-10
4.787776704618834089e-01 9.726790984744689686e-10
4.770051829440754010e-01 1.237174175281325436e-09
4.752420112424029508e-01 1.582508581961480596e-09
4.734882383155190055e-01 1.983166290551504996e-09
4.717439466798575287e-01 2.507287683502502266e-09
4.700092184057488853e-01 3.169107178939804966e-09
4.682841351135606511e-01 3.979039876240721603e-09
4.665687779698552973e-01 5.011671881113283798e-09
4.648632276835729660e-01 6.239861122852218865e-09
4.631675645022325094e-01 7.829079923681462103e-09
4.614818682081568424e-01 9.765661550687150558e-09
4.598062181147188898e-01 1.213611893636430742e-08
4.581406930626095164e-01 1.510391531301268452e-08
4.564853714161283271e-01 1.870207524272496237e-08
4.548403310594961724e-01 2.310544246957143775e-08
4.532056493931915786e-01 2.849736712176191082e-08
4.515814033303074959e-01 3.509085518727194678e-08
4.499676692929338584e-01 4.312900527900795465e-08
4.483645232085610166e-01 5.288608469582433942e-08
4.467720405065077616e-01 6.466277693315557419e-08
4.451902961143720527e-01 7.888501820430935669e-08
4.436193644545056713e-01 9.603930860991308434e-08
4.420593194405126325e-01 1.167997077463458724e-07
4.405102344737716336e-01 1.417121395063923940e-07
4.389721824399817063e-01 1.713840878968461534e-07
4.374452357057342922e-01 2.064038601129055428e-07
4.359294661151068562e-01 2.487908704247950954e-07
4.344249449862837009e-01 2.989394515776143942e-07
4.329317431081995959e-01 3.573501833923014922e-07
4.314499307372094417e-01 4.281399375780836322e-07
4.299795775937829134e-01 5.091587002608874551e-07
4.285207528592231419e-01 6.072638008595396731e-07
4.270735251724131487e-01 7.195986196603112356e-07
4.256379626265847094e-01 8.522416721880630629e-07
4.242141327661158590e-01 1.007220077973613502e-06
4.228021025833520463e-01 1.185087424361914737e-06
4.214019385154543773e-01 1.390698262651387740e-06
4.200137064412736709e-01 1.632317124501438943e-06
4.186374716782507166e-01 1.909268628549517491e-06
4.172732989793433434e-01 2.226478313156947778e-06
4.159212525299791907e-01 2.589261558875471681e-06
4.145813959450365127e-01 3.003218330660585006e-06
4.132537922658499618e-01 3.474233082543057451e-06
4.119385039572458496e-01 4.008235263393813277e-06
4.106355929046016096e-01 4.610641441062832306e-06
4.093451204109351815e-01 5.285908365217977398e-06
4.080671471940203743e-01 6.041522646897726890e-06
4.068017333835294291e-01 6.907407381816221825e-06
4.055489385182050599e-01 7.864061706706943457e-06
4.043088215430574728e-01 8.907634880193750698e-06
4.030814408065930277e-01 1.009088627732586152e-05
4.018668540580667692e-01 1.138525276213002001e-05
4.006651184447668212e-01 1.279418443177965931e-05
3.994762905093249272e-01 1.436256628792553228e-05
3.983004261870559670e-01 1.604514507199525909e-05
3.971375808033266175e-01 1.788414213903991820e-05
3.959878090709517129e-01 1.988596121008119865e-05
3.948511650876205814e-01 2.198156227473018550e-05
3.937277023333508597e-01 2.429032484282678747e-05
3.926174736679730604e-01 2.675027382143494055e-05
3.915205313286430622e-01 2.932492720030480460e-05
3.904369269273842979e-01 3.201713736090620036e-05
3.893667114486594749e-01 3.482902434031305783e-05
3.883099352469717713e-01 3.782604102908156048e-05
3.872666480444952319e-01 4.093510519849781487e-05
3.862368989287359722e-01 4.412881417874311686e-05
3.852207363502217485e-01 4.738953584755320838e-05
3.842182081202232813e-01 5.069346755972453655e-05
3.832293614085037214e-01 5.400998101490449434e-05
3.822542427410999810e-01 5.744821433044607387e-05
3.812928979981334288e-01 6.088352954696115809e-05
3.803453724116507284e-01 6.426036385525541220e-05
3.794117105634967624e-01 6.751957676144471738e-05
3.784919563832156442e-01 7.059267752586388103e-05
3.775861531459849818e-01 7.373240030514195806e-05
3.766943434705789517e-01 7.673781040311637941e-05
3.758165693173634581e-01 7.939245329148574221e-05
3.749528719863216564e-01 8.199199070361774301e-05
3.741032921151108970e-01 8.440645891680713462e-05
3.732678696771508098e-01 8.631332652536850966e-05
3.724466439797418649e-01 8.838153846093394200e-05
3.716396536622170177e-01 8.976033451858418698e-05
3.708469366941225531e-01 9.124982343310129309e-05
3.700685303734327358e-01 9.202383250834971569e-05
3.693044713247936039e-01 9.293332598314734902e-05
3.685547954978010132e-01 9.312092228306574442e-05
3.678195381653083240e-01 9.334747798696307886e-05
3.670987339217671730e-01 9.307583226073259258e-05
3.663924166815997197e-01 9.241353369291834745e-05
3.657006196776028117e-01 9.173063514345443641e-05
3.650233754593846247e-01 9.051942723671401608e-05
3.643607158918327760e-01 8.902559883181654051e-05
3.637126721536154128e-01 8.751017601451357292e-05
3.630792747357139971e-01 8.558495086582479795e-05
3.624605534399890638e-01 8.330565287420184720e-05
3.618565373777773986e-01 8.103855692653763479e-05
3.612672549685227441e-01 7.860442483442564934e-05
3.606927339384389253e-01 7.591607109167147272e-05
3.601330013192042823e-01 7.301952494237570095e-05
3.595880834466912424e-01 6.996517599958263628e-05
3.590580059597257012e-01 6.703778749671547685e-05
3.585427937988819314e-01 6.397741288008212089e-05
3.580424712053083547e-01 6.081924854181928179e-05
3.575570617195873990e-01 5.759594204814618296e-05
3.570865881806275510e-01 5.433783574930175977e-05
3.566310727245888823e-01 5.107321347550938855e-05
3.561905367838418268e-01 4.782839069737598501e-05
3.557650010859583767e-01 4.469998621489317756e-05
3.553544856527368623e-01 4.164097681986018886e-05
3.549590097992602611e-01 3.864890445336774378e-05
3.545785921329870360e-01 3.574384707870431274e-05
3.542132505528757247e-01 3.294294808285296543e-05
3.538630022485429460e-01 3.026014753160295015e-05
3.535278636994543811e-01 2.770606162343502169e-05
3.532078506741496704e-01 2.528791142390731734e-05
3.529029782295001194e-01 2.300948322258422658e-05
3.526132607100007643e-01 2.087120102196722053e-05
3.523387117470948571e-01 1.887120997582742511e-05
3.520793442585330446e-01 1.700773066762381879e-05
3.518351704477651887e-01 1.527994952653643899e-05
3.516062018033664915e-01 1.368227024844207912e-05
3.513924490984966509e-01 1.219195851561257664e-05
3.511939223903930984e-01 1.076093597317946310e-05
3.510106310198979340e-01 9.326080835451463049e-06
3.508425836110181661e-01 7.839447868073306743e-06
3.506897880705203696e-01 6.300992055028760984e-06
3.505522515875579836e-01 4.770513047681791115e-06
3.504299806333337486e-01 3.349190602798358254e-06
3.503229809607949496e-01 2.141259616893111309e-06
3.502312576043625225e-01 1.216780940076685958e-06
3.501548148796945759e-01 5.918569302246131675e-07
3.500936563834829984e-01 2.305642200827204202e-07
3.500477849932845387e-01 6.276112259274627918e-08
3.500172028673851909e-01 8.363583811673430216e-09
3.500019114446986657e-01 1.045173037267768662e-10
