1.470568093379553298e+00 1.265039863568709138e-04
1.470406967799628317e+00 1.241437751758952418e-04
1.470084768564775102e+00 1.195174220951919296e-04
1.469601599508253642e+00 1.128001746827579952e-04
1.468957616338125050e+00 1.042313687272822671e-04
1.468153026587073473e+00 9.410520743650852991e-05
1.467188089545524265e+00 8.277610190378645652e-05
1.466063116178085046e+00 7.067385448308254969e-05
1.464778469023333196e+00 5.831271960390143700e-05
1.463334562076981094e+00 4.627462189766658787e-05
1.461731860658462168e+00 3.515486381908505782e-05
1.459970881260973519e+00 2.547632659611773572e-05
1.458052191385029506e+00 1.759700392245470494e-05
1.455976409355576706e+00 1.164499599735815865e-05
1.453744204122729755e+00 7.508174745104183926e-06
1.451356295046192235e+00 4.884655221689732247e-06
1.448813451663433671e+00 3.375350548498696665e-06
1.446116493441694573e+00 2.584152133883010324e-06
1.443266289513902123e+00 2.192342041895345690e-06
1.440263758398579563e+00 1.989668957216354797e-06
1.437109867703839861e+00 1.865184197555959506e-06
1.433805633815561364e+00 1.775360838705161499e-06
1.430352121569843149e+00 1.709640624736311224e-06
1.426750443909845067e+00 1.666467732310576380e-06
1.423001761527127540e+00 1.642763344362182376e-06
1.419107282487602095e+00 1.632768519999316028e-06
1.415068261842214348e+00 1.630411354997559372e-06
1.410886001222486641e+00 1.631279702496101491e-06
1.406561848421048921e+00 1.633041654900555459e-06
1.402097196957292846e+00 1.634842678683453541e-06
1.397493485628291232e+00 1.636526332398844243e-06
1.392752198045125400e+00 1.638131543345764359e-06
1.387874862154768962e+00 1.639698190570632488e-06
1.382863049747688144e+00 1.641239664057645194e-06
1.377718375951306973e+00 1.642760361464034996e-06
1.372442498709512071e+00 1.644267466957943665e-06
1.367037118248355387e+00 1.645771737628738846e-06
1.361503976528132709e+00 1.647284247494146546e-06
1.355844856682012267e+00 1.648813694118416171e-06
1.350061582441395513e+00 1.650365322314800111e-06
1.344156017548192583e+00 1.651941098248798161e-06
1.338130065154206072e+00 1.653540565491698821e-06
1.331985667207813417e+00 1.655161894341178830e-06
1.325724803828146392e+00 1.656802769097851098e-06
1.319349492666968882e+00 1.658460939988893980e-06
1.312861788258462115e+00 1.660134442818408524e-06
1.306263781357119846e+00 1.661821594964581956e-06
1.299557598263973990e+00 1.663520895963489099e-06
1.292745400141364964e+00 1.665230926338565753e-06
1.285829382316474589e+00 1.666950289666766625e-06
1.278811773573852673e+00 1.668677605870933019e-06
1.271694835437158888e+00 1.670411545646377386e-06
1.264480861440354431e+00 1.672150891918414429e-06
1.257172176388579032e+00 1.673894617808634861e-06
1.249771135608948924e+00 1.675641974754658818e-06
1.242280124191520674e+00 1.677392587691402847e-06
1.234701556220660024e+00 1.679146554986177423e-06
1.227037873997070871e+00 1.680904550372836439e-06
1.219291547250728858e+00 1.682667922970882821e-06
1.211465072344975358e+00 1.684438789812045949e-06
1.203560971472030117e+00 1.686220113969324024e-06
1.195581791840178321e+00 1.688015759857272165e-06
1.187530104852896784e+00 1.689830516238654978e-06
1.179408505280183261e+00 1.691670076237646864e-06
1.171219610422354895e+00 1.693540963181980379e-06
1.162966059266585805e+00 1.695450390413928421e-06
1.154650511636456711e+00 1.697406043301385172e-06
1.146275647334789038e+00 1.699415772148312738e-06
1.137844165280040398e+00 1.701487185599187643e-06
1.129358782636539882e+00 1.703627135876262095e-06
1.120822233938843837e+00 1.705841089640271477e-06
1.112237270210492346e+00 1.708132381237687865e-06
1.103606658077455283e+00 1.710501349431763286e-06
1.094933178876545066e+00 1.712944363196128820e-06
1.086219627759093864e+00 1.715452748005790570e-06
1.077468812790175035e+00 1.718011630319832388e-06
1.068683554043665218e+00 1.720598724638547135e-06
1.059866682693436202e+00 1.723183094862124059e-06
1.051021040100966975e+00 1.725723928721578506e-06
1.042149476899677518e+00 1.728169370901201009e-06
1.033254852076269881e+00 1.730455466600004274e-06
1.024340032049380289e+00 1.732505272106368487e-06
1.015407889745834735e+00 1.734228192269129940e-06
1.006461303674807350e+00 1.735519605783829482e-06
9.975031570001817727e-01 1.736260837911964934e-06
9.885363366114088279e-01 1.736319536102687853e-06
9.795637321931662811e-01 1.735550496828385675e-06
9.705882352941177516e-01 1.733796981959126092e-06
9.616127383950690000e-01 1.730892550151066310e-06
9.526401339768264531e-01 1.726663413171600693e-06
9.436733135880535084e-01 1.720931309951928319e-06
9.347151669134281526e-01 1.713516871905041243e-06
9.257685808424009899e-01 1.704243433557487683e-06
9.168364385388552140e-01 1.692941222420750014e-06
9.079216185119656224e-01 1.679451842634239191e-06
8.990269936885579849e-01 1.663632948757519698e-06
8.901554304872685286e-01 1.645362989442785680e-06
8.813097878947995234e-01 1.624545886863985336e-06
8.724929165445702850e-01 1.601115506428384726e-06
8.637076577980604686e-01 1.575039763778698234e-06
8.549568428291416389e-01 1.546324212261821773e-06
8.462432917116904374e-01 1.515014954810230778e-06
8.375698125107802205e-01 1.481200730091165947e-06
8.289392003777431572e-01 1.445014034030178317e-06
8.203542366493916660e-01 1.406631155554913992e-06
8.118176879516956213e-01 1.366271029624387364e-06
8.033323053081951048e-01 1.324192842088592275e-06
7.949008232534464646e-01 1.280692359427251673e-06
7.865259589517787919e-01 1.236097002055266188e-06
7.782104113216496977e-01 1.190759731269461966e-06
7.699568601658806077e-01 1.145051875694651586e-06
7.617679653080522417e-01 1.099355080623653960e-06
7.536463657353387191e-01 1.054052619621826967e-06
7.455946787480571825e-01 1.009520357997634427e-06
7.376154991162053864e-01 9.661176982292176891e-07
7.297113982432599233e-01 9.241788632006935109e-07
7.218849233375068675e-01 8.840048810479985501e-07
7.141385965911646316e-01 8.458566221068916474e-07
7.064749143675754794e-01 8.099492034130195556e-07
6.988963463967150513e-01 7.764480192622495613e-07
6.914053349792863568e-01 7.454665813612325558e-07
6.840042941996566928e-01 7.170662621995395691e-07
6.766956091478812940e-01 6.912579377842532389e-07
6.694816351510766150e-01 6.680054269808097197e-07
6.623646970143828305e-01 6.472305320766258068e-07
6.553470882717606916e-01 6.288194075038374398e-07
6.484310704468705389e-01 6.126299288024500074e-07
6.416188723242615133e-01 5.984997094479882835e-07
6.349126892311156567e-01 5.862544194421112169e-07
6.283146823297736105e-01 5.757160816057415777e-07
6.218269779212666215e-01 5.667110239599474970e-07
6.154516667600893332e-01 5.590771061357306090e-07
6.091908033804220857e-01 5.526697091283074274e-07
6.030464054340294311e-01 5.473658866674271970e-07
5.970204530400429199e-01 5.430662920554447130e-07
5.911148881468399896e-01 5.396953784971568408e-07
5.853316139062232359e-01 5.372021140485703102e-07
5.796724940601027942e-01 5.355656346319049639e-07
5.741393523398801157e-01 5.348115082400622400e-07
5.687339718787234322e-01 5.350424392672107958e-07
5.634580946369285304e-01 5.364803733067068451e-07
5.583134208405473586e-01 5.395051116058781060e-07
5.533016084334663187e-01 5.446613302775722355e-07
5.484242725431101029e-01 5.525986597908781745e-07
5.436829849599440490e-01 5.639168699398476489e-07
5.390792736309426569e-01 5.789155234629051574e-07
5.346146221671865817e-01 5.972916569568792457e-07
5.302904693657486401e-01 6.178765203560856634e-07
5.261082087460211554e-01 6.385320407227628139e-07
5.220691881006334079e-01 6.563191345493943826e-07
5.181747090611079631e-01 6.679940830076297842e-07
5.144260266783906577e-01 6.707951614443387874e-07
5.108243490183923541e-01 6.633770691434485340e-07
5.073708367726739166e-01 6.466723231055013043e-07
5.040666028843956425e-01 6.244387283856762197e-07
5.009127121896559398e-01 6.033041160678747726e-07
4.979101810743332690e-01 5.922326869010278094e-07
4.950599771465409304e-01 6.014788032144578985e-07
4.923630189248019429e-01 6.412211835735721425e-07
4.898201755420432679e-01 7.201454684354633153e-07
4.874322664655057480e-01 8.442459617479872330e-07
4.852000612326586304e-01 1.016051205963541085e-06
4.831242792032058864e-01 1.234366687413547486e-06
4.812055893272619844e-01 1.494506530262613902e-06
4.794446099297733355e-01 1.788888996219690949e-06
4.778419085112543541e-01 2.107821299910001626e-06
4.763980015649023625e-01 2.440303956768580449e-06
4.751133544101503459e-01 2.774733029641969389e-06
4.739883810427112931e-01 3.099448175257450027e-06
4.730234440011620856e-01 3.403140114038618888e-06
4.722188542501103981e-01 3.675173056567971241e-06
4.715748710799819166e-01 3.905886454765129459e-06
4.710917020234604013e-01 4.086919348375693081e-06
4.707695027886071304e-01 4.211562042298948205e-06
4.706083772086821493e-01 4.275101297093551288e-06
