5.747047721253425827e-03 1.243897052112184181e-12
1.149409544250685165e-02 2.147800443108046301e-11
1.724114316376027661e-02 1.493819279012768278e-10
2.298819088501370331e-02 6.456950720702825404e-10
2.873523860626713000e-02 2.088289893961774677e-09
3.448228632752055323e-02 5.554992768902309612e-09
4.022933404877398339e-02 1.284854328229912380e-08
4.597638177002740661e-02 2.672948635657189969e-08
5.172342949128082984e-02 5.117427057457841283e-08
5.747047721253426000e-02 9.163774736943237289e-08
6.321752493378768323e-02 1.553101315676568423e-07
6.896457265504110645e-02 2.513776722162975302e-07
7.471162037629452968e-02 3.921249851184354530e-07
8.045866809754796678e-02 5.915749596363512746e-07
8.620571581880139000e-02 8.668263211615543647e-07
9.195276354005481323e-02 1.238501535291794634e-06
9.769981126130823645e-02 1.736536328249553566e-06
1.034468589825616597e-01 2.386610274871917024e-06
1.091939067038150968e-01 3.224249249319447688e-06
1.149409544250685200e-01 4.307946437823546072e-06
1.206880021463219432e-01 5.670338376546134687e-06
1.264350498675753665e-01 7.379677199987884177e-06
1.321820975888287897e-01 9.496805861308827627e-06
1.379291453100822129e-01 1.207566340953551286e-05
1.436761930313356361e-01 1.520542239445120244e-05
1.494232407525890594e-01 1.890698544864384767e-05
1.551702884738425103e-01 2.329111942278845894e-05
1.609173361950959336e-01 2.835313046512596770e-05
1.666643839163493568e-01 3.409330212992809121e-05
1.724114316376027800e-01 4.050773326182309026e-05
1.781584793588562032e-01 4.744073667536675829e-05
1.839055270801096265e-01 5.482168329823289168e-05
1.896525748013630497e-01 6.254805659720226473e-05
1.953996225226164729e-01 7.028130701291860087e-05
2.011466702438698961e-01 7.773373132220174025e-05
2.068937179651233194e-01 8.470039134047169151e-05
2.126407656863767426e-01 9.104538828147268174e-05
2.183878134076301936e-01 9.725137732069535326e-05
2.241348611288836168e-01 1.042321435551143435e-04
2.298819088501370400e-01 1.144527208277413492e-04
2.356289565713904632e-01 1.315474352777298817e-04
2.413760042926438865e-01 1.590890181565909845e-04
2.471230520138973097e-01 1.996097259885650876e-04
2.528700997351507329e-01 2.555653722008572356e-04
2.586171474564041839e-01 3.288903818313193062e-04
2.643641951776575794e-01 4.217075616928157465e-04
2.701112428989110303e-01 5.354698277903465831e-04
2.758582906201644258e-01 6.697899840991542245e-04
2.816053383414178768e-01 8.251799069672518389e-04
2.873523860626712723e-01 1.003180244182651313e-03
2.930994337839247232e-01 1.201272923795284166e-03
2.988464815051781187e-01 1.417762359389372140e-03
3.045935292264315697e-01 1.653166862450752709e-03
3.103405769476850207e-01 1.901363213606405882e-03
3.160876246689384161e-01 2.153923393042025871e-03
3.218346723901918671e-01 2.406927151009509262e-03
3.275817201114452626e-01 2.767076979153520241e-03
3.333287678326987136e-01 3.071731496133536018e-03
3.390758155539521090e-01 3.344761101792763803e-03
3.448228632752055600e-01 3.591881294711677698e-03
3.505699109964589555e-01 3.818868905730266831e-03
3.563169587177124065e-01 4.034025052590799014e-03
3.620640064389658019e-01 4.228405443778048348e-03
3.678110541602192529e-01 4.406084741662981245e-03
3.735581018814727039e-01 4.565008379498418541e-03
3.793051496027260994e-01 4.699145303157947588e-03
3.850521973239795503e-01 4.819666211273970768e-03
3.907992450452329458e-01 4.914472906403517805e-03
3.965462927664863968e-01 4.993273422202080050e-03
4.022933404877397923e-01 5.052145656479961611e-03
4.080403882089932432e-01 5.092591352284011469e-03
4.137874359302466387e-01 5.119840531607033202e-03
4.195344836515000897e-01 5.128019989300555692e-03
4.252815313727534852e-01 5.129216191331921471e-03
4.310285790940069361e-01 5.112457522926584785e-03
4.367756268152603871e-01 5.094234577666712643e-03
4.425226745365137826e-01 5.060978106890368783e-03
4.482697222577672336e-01 5.031344652069944141e-03
4.540167699790206290e-01 4.991240733516540129e-03
4.597638177002740800e-01 4.958749636357891004e-03
4.655108654215274755e-01 4.918761840024207105e-03
4.712579131427809265e-01 4.884875142184684493e-03
4.770049608640343219e-01 4.843266891190660915e-03
4.827520085852877729e-01 4.802754379672505465e-03
4.884990563065411684e-01 4.754510668491115748e-03
4.942461040277946194e-01 4.701532260810105737e-03
4.999931517490480704e-01 4.643156846157649002e-03
5.057401994703014658e-01 4.573915059752915735e-03
5.114872471915549168e-01 4.503871422183194223e-03
5.172342949128083678e-01 4.421241232512964844e-03
5.229813426340617077e-01 4.334545155815997669e-03
5.287283903553151587e-01 4.240259201178668037e-03
5.344754380765686097e-01 4.135502610217675970e-03
5.402224857978220607e-01 4.030606004960319427e-03
5.459695335190754006e-01 3.916043082885387050e-03
5.517165812403288516e-01 3.794359190259788579e-03
5.574636289615823026e-01 3.672286324497632190e-03
5.632106766828357536e-01 3.542750447032998184e-03
5.689577244040892046e-01 3.407475781991613911e-03
5.747047721253425445e-01 3.273821824907654880e-03
5.804518198465959955e-01 3.135204826271878117e-03
5.861988675678494465e-01 2.993108823564121380e-03
5.919459152891028975e-01 2.851420917091507246e-03
5.976929630103562374e-01 2.709701257196166398e-03
6.034400107316096884e-01 2.566700091039759817e-03
6.091870584528631394e-01 2.423459802460711798e-03
6.149341061741165904e-01 2.282497620425108075e-03
6.206811538953700413e-01 2.144126418487092740e-03
6.264282016166233813e-01 2.007295753735448274e-03
6.321752493378768323e-01 1.872799184151121080e-03
6.379222970591302833e-01 1.741385909072518893e-03
6.436693447803837342e-01 1.614137644003030671e-03
6.494163925016370742e-01 1.492014225394258219e-03
6.551634402228905252e-01 1.374184724355468484e-03
6.609104879441439762e-01 1.261143979172498885e-03
6.666575356653974271e-01 1.153348607216156049e-03
6.724045833866507671e-01 1.051160261159442798e-03
6.781516311079042181e-01 9.549259269876974546e-04
6.838986788291576691e-01 8.648917645284114010e-04
6.896457265504111200e-01 7.813383952710104951e-04
6.953927742716645710e-01 7.044713555536573964e-04
7.011398219929179110e-01 6.344701823144916712e-04
7.068868697141713620e-01 5.714783121961674022e-04
7.126339174354248129e-01 5.155622805721774785e-04
7.183809651566782639e-01 4.665502005940412524e-04
7.241280128779316039e-01 4.239510271389755765e-04
7.298750605991850549e-01 3.871644614651686034e-04
7.356221083204385058e-01 3.556563874937260011e-04
7.413691560416919568e-01 3.290173298807443818e-04
7.471162037629454078e-01 3.068211554205981396e-04
7.528632514841987478e-01 2.886805317077437323e-04
7.586102992054521987e-01 2.741139942045959653e-04
7.643573469267056497e-01 2.624990798040378577e-04
7.701043946479591007e-01 2.533874408949548141e-04
7.758514423692124407e-01 2.457484514775626979e-04
7.815984900904658916e-01 2.388653520217518065e-04
7.873455378117193426e-01 2.321768718104387627e-04
7.930925855329727936e-01 2.255687914667853591e-04
7.988396332542262446e-01 2.186306366621756285e-04
8.045866809754795845e-01 2.110552078865492068e-04
8.103337286967330355e-01 2.030650035545027968e-04
8.160807764179864865e-01 1.945091605224170722e-04
8.218278241392399375e-01 1.853206625477441200e-04
8.275748718604932774e-01 1.758701135305081910e-04
8.333219195817467284e-01 1.658642816845981420e-04
8.390689673030001794e-01 1.558065211945534228e-04
8.448160150242536304e-01 1.454417738660147049e-04
8.505630627455069703e-01 1.351336433482400602e-04
8.563101104667604213e-01 1.248640518107627139e-04
8.620571581880138723e-01 1.146898111540087478e-04
8.678042059092673233e-01 1.048776743147683625e-04
8.735512536305207743e-01 9.540089602347673011e-05
8.792983013517741142e-01 8.632841016109083236e-05
8.850453490730275652e-01 7.775291422646448097e-05
8.907923967942810162e-01 6.975549834092980011e-05
8.965394445155344672e-01 6.239610223365966545e-05
9.022864922367878071e-01 5.572385921479089063e-05
9.080335399580412581e-01 4.977604750959831214e-05
9.137805876792947091e-01 4.457435777781481109e-05
9.195276354005481600e-01 4.012367139413022820e-05
9.252746831218016110e-01 3.647195558857031257e-05
9.310217308430549510e-01 3.352172672333356249e-05
9.367687785643084020e-01 3.121899764295301555e-05
9.425158262855618529e-01 2.938904039024948375e-05
9.482628740068153039e-01 2.787690355017784244e-05
9.540099217280686439e-01 2.648568480859562796e-05
9.597569694493220949e-01 2.501425107116399279e-05
9.655040171705755458e-01 2.325737645106946909e-05
9.712510648918289968e-01 2.108430418328955939e-05
9.769981126130823368e-01 1.835881733511970966e-05
9.827451603343357878e-01 1.494648531671346311e-05
9.884922080555892387e-01 1.077633310495149442e-05
9.942392557768426897e-01 5.799015856927908294e-06
