9.999982597555513442e-01 1.678331778655951095e-12 1.703068874673011514e-12 3.381400653328962609e-12
9.999843379117816511e-01 1.191522951987512711e-10 1.374818969782482804e-10 2.566341921769995515e-10
9.999564948206076664e-01 7.003433683689250486e-10 1.038195848166444068e-09 1.738539216535369219e-09
9.999147316747345471e-01 1.751082249269421685e-09 3.743708674418207977e-09 5.494790923687629662e-09
9.998590502631569121e-01 2.591336567199426687e-09 8.988998862761849119e-09 1.158033542996127539e-08
9.997894529710807943e-01 2.506657970793900201e-09 1.620035243159339519e-08 1.870701040238729622e-08
9.997059427798226094e-01 1.600245736306891865e-09 2.328481030766199912e-08 2.488505604396889016e-08
9.996085232666810372e-01 6.349756243338452564e-10 2.793869166396639677e-08 2.857366728830024140e-08
9.994971986047838097e-01 1.324191667682558232e-10 2.936326656641688592e-08 2.949568573318514179e-08
9.993719735629087442e-01 1.491200296255534271e-11 2.855800804510347469e-08 2.857292004806603087e-08
9.992328535052801275e-01 1.427536458434522492e-11 2.712757571719434054e-08 2.714185108177868643e-08
9.990798443913380122e-01 1.420658012027909557e-11 2.611090439480183886e-08 2.612511097492211687e-08
9.989129527754836424e-01 1.113539115542594790e-11 2.572359602376212581e-08 2.573473141491755274e-08
9.987321858067983449e-01 1.044121650748749452e-11 2.571907989449752264e-08 2.572952111100501004e-08
9.985375512287374411e-01 1.054046382940351244e-11 2.581112005578811828e-08 2.582166051961752180e-08
9.983290573787985123e-01 1.059775172801442663e-11 2.586907005247022425e-08 2.587966780419824017e-08
9.981067131881641297e-01 1.063639379442656593e-11 2.588882533956403213e-08 2.589946173335845945e-08
9.978705281813193828e-01 1.068352238362638616e-11 2.589809793633019715e-08 2.590878145871382290e-08
9.976205124756439835e-01 1.073883702471226212e-11 2.590997932026540893e-08 2.592071815729012103e-08
9.973566767809785016e-01 1.079970584655317783e-11 2.592473112663231813e-08 2.593553083247887031e-08
9.970790323991659543e-01 1.086503161880738255e-11 2.594058498590859168e-08 2.595145001752739776e-08
9.967875912235678593e-01 1.093505232418759966e-11 2.595708025542192940e-08 2.596801530774611753e-08
9.964823657385538658e-01 1.101015167222986629e-11 2.597431482890548830e-08 2.598532498057771827e-08
9.961633690189680701e-01 1.109059793061043089e-11 2.599234501424111154e-08 2.600343561217172237e-08
9.958306147295681310e-01 1.117664241256803611e-11 2.601116999278514710e-08 2.602234663519771395e-08
9.954841171244402931e-01 1.126855697268214629e-11 2.603078724083175423e-08 2.604205579780443480e-08
9.951238910463889864e-01 1.136662865613236894e-11 2.605119817279313609e-08 2.606256480144926684e-08
9.947499519263001133e-01 1.147115685755907771e-11 2.607240449017470736e-08 2.608387564703226595e-08
9.943623157824813541e-01 1.158245379868461477e-11 2.609440779336946205e-08 2.610599024716814718e-08
9.939609992199746058e-01 1.170084485667698456e-11 2.611720977551882438e-08 2.612891062037549984e-08
9.935460194298461056e-01 1.182666872069883348e-11 2.614081222993739879e-08 2.615263889865809636e-08
9.931173941884484657e-01 1.196027757059816909e-11 2.616521703792844402e-08 2.617717731549904065e-08
9.926751418566609475e-01 1.210203726772362460e-11 2.619042616434741558e-08 2.620252820161513791e-08
9.922192813791009813e-01 1.225232755275261227e-11 2.621644165388432498e-08 2.622869398143707895e-08
9.917498322833145918e-01 1.241154225242375948e-11 2.624326562774825748e-08 2.625567717000068042e-08
9.912668146789385126e-01 1.258008949418784297e-11 2.627090027977168237e-08 2.628348036926587152e-08
9.907702492568392083e-01 1.275839192730768490e-11 2.629934787175690018e-08 2.631210626368420695e-08
9.902601572882268055e-01 1.294688695171200278e-11 2.632861072938025134e-08 2.634155761633196303e-08
9.897365606237433777e-01 1.314602695565461811e-11 2.635869123922379505e-08 2.637183726617944903e-08
9.891994816925273604e-01 1.335627956237130744e-11 2.638959184610848893e-08 2.640294812567085870e-08
9.886489435012528748e-01 1.357812788438569772e-11 2.642131504993598035e-08 2.643489317782036668e-08
9.880849696331434062e-01 1.381207078578774803e-11 2.645386340275801138e-08 2.646767547354379935e-08
9.875075842469626108e-01 1.405862315330458284e-11 2.648723950694967649e-08 2.650129813010297946e-08
9.869168120759785889e-01 1.431831617694903799e-11 2.652144601423250232e-08 2.653576433040945176e-08
9.863126784269051761e-01 1.459169763954613420e-11 2.655648562455678445e-08 2.657107732219632963e-08
9.856952091788168113e-01 1.487933221488017166e-11 2.659236108488366982e-08 2.660724041709854968e-08
9.850644307820410894e-01 1.518180177492224503e-11 2.662907518868093386e-08 2.664425699045585717e-08
9.844203702570253345e-01 1.549970570699462587e-11 2.666663077638131139e-08 2.668213048208830766e-08
9.837630551931787481e-01 1.583366124087998530e-11 2.670503073601154100e-08 2.672086439725242163e-08
9.830925137476909104e-01 1.618430378549079867e-11 2.674427800351762897e-08 2.676046230730312092e-08
9.824087746443255220e-01 1.655228727523906488e-11 2.678437556328579773e-08 2.680092785056103747e-08
9.817118671721903889e-01 1.693828452676110245e-11 2.682532644938797501e-08 2.684226473391473574e-08
9.810018211844817593e-01 1.734298760646968737e-11 2.686713374717164491e-08 2.688447673477811317e-08
9.802786670972067906e-01 1.776710820874452529e-11 2.690980059450460580e-08 2.692756770271335175e-08
9.795424358878795923e-01 1.821137804471542416e-11 2.695333018278581815e-08 2.697154156083053403e-08
9.787931590941949533e-01 1.867654924202612469e-11 2.699772575829337143e-08 2.701640230753539638e-08
9.780308688126769789e-01 1.916339475620578190e-11 2.704299062391694109e-08 2.706215401867314624e-08
9.772555976973039682e-01 1.967270879378713831e-11 2.708912814065016799e-08 2.710880084944395427e-08
9.764673789581103103e-01 2.020530724710767988e-11 2.713614172863222438e-08 2.715634703587933284e-08
9.756662463597635115e-01 2.076202814098599060e-11 2.718403486816135166e-08 2.720479689630233808e-08
9.748522342201175750e-01 2.134373209182182035e-11 2.723281110102369299e-08 2.725415483311551418e-08
9.740253774087433980e-01 2.195130277954518214e-11 2.728247403175213971e-08 2.730442533453168609e-08
9.731857113454347452e-01 2.258564743246272991e-11 2.733302732842874288e-08 2.735561297586120474e-08
9.723332719986910178e-01 2.324769732510912166e-11 2.738447472322738679e-08 2.740772242055249726e-08
9.714680958841769298e-01 2.393840828948577085e-11 2.743682001315689491e-08 2.746075842144638050e-08
9.705902200631576493e-01 2.465876124024818616e-11 2.749006706090693458e-08 2.751472582214718236e-08
9.696996821409115119e-01 2.540976271409058362e-11 2.754421979537288294e-08 2.756962955808697253e-08
9.687965202651190877e-01 2.619244542346938075e-11 2.759928221182645116e-08 2.762547465724992123e-08
9.678807731242292656e-01 2.700786882490878298e-11 2.765525837215174190e-08 2.768226624097664966e-08
9.669524799458016906e-01 2.785711970243800760e-11 2.771215240529427607e-08 2.774000952499671350e-08
9.660116804948264413e-01 2.874131276658983340e-11 2.776996850757934815e-08 2.779870982034593963e-08
9.650584150720210586e-01 2.966159126920008032e-11 2.782871094269793436e-08 2.785837253396713457e-08
9.640927245121032607e-01 3.061912763420878492e-11 2.788838404164374748e-08 2.791900316927795726e-08
9.631146501820426753e-01 3.161512410490431128e-11 2.794899220289337041e-08 2.798060732699827500e-08
9.621242339792881459e-01 3.265081340817279268e-11 2.801053989262171344e-08 2.804319070602988655e-08
9.611215183299737230e-01 3.372745943614369868e-11 2.807303164465842526e-08 2.810675910409456963e-08
9.601065461871003404e-01 3.484635794550715618e-11 2.813647206031068760e-08 2.817131841825619394e-08
9.590793610286966198e-01 3.600883727483108261e-11 2.820086580839707347e-08 2.823687464567190375e-08
9.580400068559559168e-01 3.721625908045985235e-11 2.826621762543593255e-08 2.830343388451639297e-08
9.569885281913518282e-01 3.847001909149326042e-11 2.833253231566118040e-08 2.837100233475267207e-08
9.559249700767306068e-01 3.977154788425388084e-11 2.839981475084519913e-08 2.843958629872945459e-08
9.548493780713823709e-01 4.112231167655426596e-11 2.846806987026434060e-08 2.850919218194089603e-08
9.537617982500884439e-01 4.252381314230597764e-11 2.853730268089080262e-08 2.857982649403310728e-08
9.526622772011488216e-01 4.397759224706758405e-11 2.860751825749613894e-08 2.865149584974320641e-08
9.515508620243856575e-01 4.548522710507509919e-11 2.867872174251568443e-08 2.872420696962075915e-08
9.504276003291262098e-01 4.704833485814215374e-11 2.875091834596514874e-08 2.879796668082329169e-08
9.492925402321628070e-01 4.866857257690810450e-11 2.882411334562468717e-08 2.887278191820159470e-08
9.481457303556923844e-01 5.034763818506016766e-11 2.889831208723116062e-08 2.894865972541622189e-08
9.469872198252330397e-01 5.208727140717028554e-11 2.897351998439933834e-08 2.902560725580650947e-08
9.458170582675201610e-01 5.388925474070022681e-11 2.904974251848189929e-08 2.910363177322260070e-08
9.446352958083801266e-01 5.575541445265331506e-11 2.912698523869964688e-08 2.918274065315230082e-08
9.434419830705838006e-01 5.768762160150080313e-11 2.920525376239670416e-08 2.926294138399820418e-08
9.422371711716768239e-01 5.968779308505835088e-11 2.928455377502972404e-08 2.934424156811478358e-08
9.410209117217913644e-01 6.175789271502492505e-11 2.936489102996886963e-08 2.942664892268389468e-08
9.397932568214339977e-01 6.389993231875828176e-11 2.944627134852351312e-08 2.951017128084227290e-08
9.385542590592549361e-01 6.611597286892723040e-11 2.952870062021875894e-08 2.959481659308768746e-08
9.373039715097942759e-01 6.840812564172699991e-11 2.961218480286452323e-08 2.968059292850624912e-08
9.360424477312095926e-01 7.077855340446752363e-11 2.969672992231039397e-08 2.976750847571486008e-08
9.347697417629807770e-01 7.322947163327351532e-11 2.978234207232072663e-08 2.985557154395400228e-08
9.334859081235957756e-01 7.576314976158284472e-11 2.986902741481286564e-08 2.994479056457444565e-08
9.321910018082145699e-01 7.838191246014383438e-11 2.995679218002073421e-08 3.003517409248087681e-08
9.308850782863140605e-01 8.108814094935087243e-11 3.004564266624610111e-08 3.012673080719545482e-08
9.295681934993114126e-01 8.388427434484585624e-11 3.013558523955525357e-08 3.021946951390009844e-08
9.282404038581678618e-01 8.677281103720481516e-11 3.022662633389031921e-08 3.031339914492752222e-08
9.269017662409726466e-01 8.975631010646863773e-11 3.031877245131200718e-08 3.040852876141847630e-08
9.255523379905058468e-01 9.283739277232140589e-11 3.041203016182124157e-08 3.050486755459355975e-08
9.241921769117824592e-01 9.601874388094196255e-11 3.050640610290377527e-08 3.060242484678471481e-08
9.228213412695761564e-01 9.930311342954107827e-11 3.060190697942381456e-08 3.070121009285335859e-08
9.214398897859232829e-01 1.026933181294794720e-10 3.069853956386588676e-08 3.080123288199536390e-08
9.200478816376075342e-01 1.061922430088126461e-10 3.079631069627718901e-08 3.090250293928600107e-08
9.186453764536252065e-01 1.098028430553108061e-10 3.089522728374571008e-08 3.100503012680101915e-08
9.172324343126304624e-01 1.135281449011199183e-10 3.099529630003673419e-08 3.110882444493785181e-08
9.158091157403617233e-01 1.173712485501278409e-10 3.109652478571770551e-08 3.121389603426783363e-08
9.143754817070496310e-01 1.213353291489845627e-10 3.119891984820630392e-08 3.132025517735528933e-08
9.129315936248048047e-01 1.254236388028354833e-10 3.130248866127227714e-08 3.142791230007511338e-08
9.114775133449868338e-01 1.296395084370649469e-10 3.140723846444077223e-08 3.153687797287784017e-08
9.100133031555555085e-01 1.339863497063083802e-10 3.151317656289102243e-08 3.164716291259733148e-08
9.085390257784018431e-01 1.384676569518508497e-10 3.162031032754156007e-08 3.175877798449340960e-08
9.070547443666621135e-01 1.430870092084979230e-10 3.172864719465035742e-08 3.187173420385885754e-08
9.055605225020120219e-01 1.478480722622853081e-10 3.183819466506768410e-08 3.198604273732997091e-08
9.040564241919427646e-01 1.527546007604737777e-10 3.194896030383810745e-08 3.210171490459858353e-08
9.025425138670202241e-01 1.578104403752024739e-10 3.206095174018974583e-08 3.221876218056494729e-08
9.010188563781238447e-01 1.630195300220185105e-10 3.217417666722758309e-08 3.233719619724960460e-08
8.994855169936692985e-01 1.683859041346581152e-10 3.228864284113638415e-08 3.245702874527104397e-08
8.979425613968127218e-01 1.739136949976261636e-10 3.240435808049813860e-08 3.257827177549576655e-08
8.963900556826361887e-01 1.796071351381585440e-10 3.252133026607275199e-08 3.270093740121091237e-08
8.948280663553176417e-01 1.854705597790475930e-10 3.263956734053271937e-08 3.282503790031176929e-08
8.932566603252809490e-01 1.915084093538341573e-10 3.275907730769649428e-08 3.295058571705032689e-08
8.916759049063306408e-01 1.977252320860069951e-10 3.287986823161909964e-08 3.307759346370510929e-08
8.900858678127674395e-01 2.041256866339593912e-10 3.300194823605653160e-08 3.320607392269049238e-08
8.884866171564884674e-01 2.107145448034230302e-10 3.312532550410244859e-08 3.333604004890587023e-08
8.868782214440691369e-01 2.174966943290960456e-10 3.325000827747299758e-08 3.346750497180209122e-08
8.852607495738287202e-01 2.244771417272182725e-10 3.337600485549909633e-08 3.360048199722631574e-08
8.836342708328785989e-01 2.316610152209748406e-10 3.350332359429434923e-08 3.373498460951532565e-08
8.819988548941546380e-01 2.390535677406671513e-10 3.363197290615751193e-08 3.387102647389817965e-08
8.803545718134329068e-01 2.466601800006270853e-10 3.376196125880166483e-08 3.400862143880229352e-08
8.787014920263275242e-01 2.544863636548560068e-10 3.389329717429104120e-08 3.414778353794589607e-08
8.770396863452751823e-01 2.625377645334434850e-10 3.402598922799718477e-08 3.428852699253062685e-08
8.753692259565000189e-01 2.708201659618998611e-10 3.416004604773644518e-08 3.443086621369834199e-08
8.736901824169653885e-01 2.793394921656467232e-10 3.429547631283736831e-08 3.457481580500301441e-08
8.720026276513083152e-01 2.881018117618701125e-10 3.443228875296978563e-08 3.472039056473165704e-08
8.703066339487582903e-01 2.971133413409898062e-10 3.457049214692157960e-08 3.486760548826256842e-08
8.686022739600407494e-01 3.063804491400594364e-10 3.471009532148553009e-08 3.501647577062558906e-08
8.668896206942653393e-01 3.159096588106281024e-10 3.485110715031347078e-08 3.516701680912409852e-08
8.651687475157975316e-01 3.257076532836242712e-10 3.499353655258611654e-08 3.531924420586974169e-08
8.634397281411170244e-01 3.357812787337823350e-10 3.513739249161016508e-08 3.547317377034394902e-08
8.617026366356589362e-01 3.461375486461483222e-10 3.528268397346152888e-08 3.562882152210767436e-08
8.599575474106418982e-01 3.567836479873720737e-10 3.542942004557508487e-08 3.578620369356245766e-08
8.582045352198803823e-01 3.677269374847202026e-10 3.557760979518111115e-08 3.594533673266583394e-08
8.564436751565821515e-01 3.789749580156838778e-10 3.572726234769986183e-08 3.610623730571554379e-08
8.546750426501316111e-01 3.905354351110172131e-10 3.587838686517439056e-08 3.626892230028540917e-08
8.528987134628589484e-01 4.024162835741052191e-10 3.603099254459335920e-08 3.643340882816746261e-08
8.511147636867942845e-01 4.146256122198798263e-10 3.618508861601512445e-08 3.659971422823500459e-08
8.493232697404087261e-01 4.271717287366049032e-10 3.634068434066986800e-08 3.676785606940647114e-08
8.475243083653405396e-01 4.400631446738171741e-10 3.649778900916871729e-08 3.693785215384253317e-08
8.457179566231074475e-01 4.533085805596433550e-10 3.665641193960537936e-08 3.710972052016502024e-08
8.439042918918060465e-01 4.669169711509320965e-10 3.681656247536564077e-08 3.728347944651657555e-08
8.420833918627970149e-01 4.808974708198374862e-10 3.697824998284475280e-08 3.745914745366458843e-08
8.402553345373774407e-01 4.952594590805739400e-10 3.714148384932620951e-08 3.763674330840678283e-08
8.384201982234387174e-01 5.100125462600532685e-10 3.730627348084310864e-08 3.781628602710315953e-08
8.365780615321126712e-01 5.251665793162431199e-10 3.747262829971300116e-08 3.799779487902924728e-08
8.347290033744041438e-01 5.407316478082790484e-10 3.764055774186735527e-08 3.818128938967563370e-08
8.328731029578104739e-01 5.567180900224845142e-10 3.781007125430994134e-08 3.836678934433242337e-08
8.310104397829285450e-01 5.731364992584272753e-10 3.798117829264123917e-08 3.855431479189966851e-08
8.291410936400493981e-01 5.899977302792920018e-10 3.815388831829908921e-08 3.874388604857838121e-08
8.272651446057402991e-01 6.073129059310192422e-10 3.832821079551611051e-08 3.893552370144713007e-08
8.253826730394138167e-01 6.250934239348865869e-10 3.850415518832230257e-08 3.912924861225719112e-08
8.234937595798866861e-01 6.433509638582331023e-10 3.868173095764309723e-08 3.932508192150133023e-08
8.215984851419249058e-01 6.620974942681026598e-10 3.886094755818653243e-08 3.952304505245463323e-08
8.196969309127772885e-01 6.813452800727307800e-10 3.904181443502417067e-08 3.972315971509690383e-08
8.177891783486979094e-01 7.011068900560620343e-10 3.922434102011866094e-08 3.992544791017472256e-08
8.158753091714574524e-01 7.213952046106414870e-10 3.940853672890821070e-08 4.012993193351885312e-08
8.139554053648416776e-01 7.422234236742442380e-10 3.959441095674721450e-08 4.033663438042145719e-08
8.120295491711394531e-01 7.636050748757413361e-10 3.978197307508322371e-08 4.054557814995896681e-08
8.100978230876205721e-01 7.855540218958596663e-10 3.997123242752222037e-08 4.075678644941808293e-08
8.081603098630009141e-01 8.080844730488490024e-10 4.016219832586593238e-08 4.097028279891477849e-08
8.062170924938987238e-01 8.312109900911436528e-10 4.035488004599752980e-08 4.118609103608867407e-08
8.042682542212786778e-01 8.549484972632677396e-10 4.054928682354922333e-08 4.140423532081248818e-08
8.023138785268857376e-01 8.793122905713682897e-10 4.074542784946151548e-08 4.162474014003288346e-08
8.003540491296702308e-01 9.043180473150041309e-10 4.094331226547536394e-08 4.184763031279036776e-08
7.983888499822007212e-01 9.299818358680080078e-10 4.114294915943920221e-08 4.207293099530720929e-08
7.964183652670677738e-01 9.563201257193244298e-10 4.134434756038362829e-08 4.230066768610295313e-08
7.944426793932786168e-01 9.833497977809881860e-10 4.154751643346120997e-08 4.253086623124220063e-08
7.924618769926403683e-01 1.011088154970756913e-09 4.175246467480535883e-08 4.276355282977611451e-08
7.904760429161352686e-01 1.039552933077104865e-09 4.195920110622210051e-08 4.299875403929920641e-08
7.884852622302856995e-01 1.068762311914374791e-09 4.216773446965716278e-08 4.323649678157153799e-08
7.864896202135104319e-01 1.098734926776027404e-09 4.237807342147514157e-08 4.347680834825116856e-08
7.844892023524714375e-01 1.129489880194391867e-09 4.259022652658489728e-08 4.371971640677928708e-08
7.824840943384121505e-01 1.161046754015647789e-09 4.280420225238946319e-08 4.396524900640511119e-08
7.804743820634862939e-01 1.193425621798856663e-09 4.302000896255325274e-08 4.421343458435210837e-08
7.784601516170785995e-01 1.226647061547944679e-09 4.323765491059299135e-08 4.446430197214093810e-08
7.764414892821179803e-01 1.260732168785993541e-09 4.345714823325757165e-08 4.471788040204356499e-08
7.744184815313799319e-01 1.295702569981631477e-09 4.367849694366242787e-08 4.497419951364405831e-08
7.723912150237833840e-01 1.331580436337600930e-09 4.390170892422388480e-08 4.523328936056148594e-08
7.703597766006784475e-01 1.368388497951512653e-09 4.412679191943951219e-08 4.549518041739102505e-08
7.683242532821258353e-01 1.406150058359273821e-09 4.435375352845654881e-08 4.575990358681582284e-08
7.662847322631699543e-01 1.444889009472172842e-09 4.458260119734052319e-08 4.602749020681269913e-08
7.642413009101030053e-01 1.484629846919050442e-09 4.481334221110171563e-08 4.629797205802076400e-08
7.621940467567231980e-01 1.525397685804972314e-09 4.504598368558199866e-08 4.657138137138696870e-08
7.601430575005846402e-01 1.567218276898067617e-09 4.528053255913028990e-08 4.684775083602835814e-08
7.580884209992408973e-01 1.610118023256845909e-09 4.551699558390227297e-08 4.712711360715912136e-08
7.560302252664813372e-01 1.654123997310922584e-09 4.575537931684077381e-08 4.740950331415169826e-08
7.539685584685608122e-01 1.699263958408299406e-09 4.599569011055859578e-08 4.769495406896689477e-08
7.519035089204231248e-01 1.745566370842394286e-09 4.623793410408221641e-08 4.798350047492461132e-08
7.498351650819182757e-01 1.793060422372603825e-09 4.648211721314052824e-08 4.827517763551313103e-08
7.477636155540119400e-01 1.841776043252886065e-09 4.672824511996785906e-08 4.857002116322074843e-08
7.456889490749913918e-01 1.891743925783334182e-09 4.697632326299955812e-08 4.886806718878289437e-08
7.436112545166637666e-01 1.942995544399922980e-09 4.722635682656999096e-08 4.916935237096991270e-08
7.415306208805484411e-01 1.995563176317904128e-09 4.747835073015575034e-08 4.947391390647365529e-08
7.394471372940656373e-01 2.049479922745115800e-09 4.773230961692672223e-08 4.978178953967183968e-08
7.373608930067179212e-01 2.104779730682277265e-09 4.798823784209355941e-08 5.009301757277583460e-08
7.352719773862670394e-01 2.161497415327641892e-09 4.824613946140832907e-08 5.040763687673597097e-08
7.331804799149057583e-01 2.219668683103728442e-09 4.850601821929363728e-08 5.072568690239736283e-08
7.310864901854243758e-01 2.279330155324350127e-09 4.876787753606604350e-08 5.104720769139039528e-08
7.289900978973737899e-01 2.340519392521323508e-09 4.903172049475424273e-08 5.137223988727556707e-08
7.268913928532223512e-01 2.403274919450782381e-09 4.929754982820472927e-08 5.170082474765551248e-08
7.247904649545090505e-01 2.467636250799466355e-09 4.956536790602003251e-08 5.203300415681949597e-08
7.226874041979924890e-01 2.533643917611704619e-09 4.983517672044326358e-08 5.236882063805496985e-08
7.205823006717961832e-01 2.601339494458860055e-09 5.010697787152080466e-08 5.270831736597966595e-08
7.184752445515489860e-01 2.670765627374171026e-09 5.038077255255482251e-08 5.305153817992899105e-08
7.163663260965218438e-01 2.741966062576447597e-09 5.065656153564732775e-08 5.339852759822377410e-08
7.142556356457625544e-01 2.814985676006423912e-09 5.093434515620117918e-08 5.374933083220760061e-08
7.121432636142250860e-01 2.889870503700427030e-09 5.121412329639117557e-08 5.410399380009160590e-08
7.100293004888968973e-01 2.966667773027376244e-09 5.149589536878323245e-08 5.446256314181060580e-08
7.079138368249220381e-01 3.045425934816434648e-09 5.177966030023428437e-08 5.482508623505072026e-08
7.057969632417235850e-01 3.126194696402810083e-09 5.206541651485352884e-08 5.519161121125633727e-08
7.036787704191200810e-01 3.209025055620066609e-09 5.235316191571437627e-08 5.556218697133444122e-08
7.015593490934421972e-01 3.293969335768485101e-09 5.264289386650716043e-08 5.593686320227564263e-08
6.994387900536455094e-01 3.381081221591022070e-09 5.293460917357094253e-08 5.631569039516196625e-08
6.973171841374214974e-01 3.470415796288769810e-09 5.322830406713348505e-08 5.669871986342225734e-08
6.951946222273064357e-01 3.562029579608597307e-09 5.352397418117692126e-08 5.708600376078552147e-08
6.930711952467880632e-01 3.655980567036925598e-09 5.382161453300020014e-08 5.747759510003712573e-08
6.909469941564108098e-01 3.752328270135863127e-09 5.412121950313659694e-08 5.787354777327246172e-08
6.888221099498798017e-01 3.851133758059268347e-09 5.442278281462812725e-08 5.827391657268739559e-08
6.866966336501620916e-01 3.952459700286763382e-09 5.472629751092167958e-08 5.867875721120844378e-08
6.845706563055879990e-01 4.056370410615149913e-09 5.503175593325757671e-08 5.908812634387272497e-08
6.824442689859515632e-01 4.162931892448792680e-09 5.533914969827653924e-08 5.950208159072533192e-08
6.803175627786082202e-01 4.272211885432694142e-09 5.564846967506149276e-08 5.992068156049418690e-08
6.781906287845737014e-01 4.384279913472858549e-09 5.595970596087607598e-08 6.034398587434893866e-08
6.760635581146212658e-01 4.499207334189989625e-09 5.627284785626600135e-08 6.077205519045599098e-08
6.739364418853788230e-01 4.617067389854929288e-09 5.658788384017877250e-08 6.120495123003370593e-08
6.718093712154263875e-01 4.737935259856862037e-09 5.690480154449814823e-08 6.164273680435500696e-08
6.696824372213918686e-01 4.861888114757173302e-09 5.722358772739039789e-08 6.208547584214757119e-08
6.675557310140485257e-01 4.989005171983182591e-09 5.754422824598257876e-08 6.253323341796576714e-08
6.654293436944120899e-01 5.119367753218496050e-09 5.786670802885013824e-08 6.298607578206863015e-08
6.633033663498379973e-01 5.253059343549530454e-09 5.819101104780160453e-08 6.344407039135113664e-08
6.611778900501201761e-01 5.390165652430415942e-09 5.851712028856265055e-08 6.390728594099306070e-08
6.590530058435891680e-01 5.530774676530864567e-09 5.884501772082789417e-08 6.437579239735875295e-08
6.569288047532120256e-01 5.674976764534253623e-09 5.917468426794176413e-08 6.484966103247601362e-08
6.548053777726936531e-01 5.822864683956397067e-09 5.950609977570713378e-08 6.532896445966352919e-08
6.526828158625785914e-01 5.974533690059209736e-09 5.983924298013917384e-08 6.581377667019838606e-08
6.505612099463544684e-01 6.130081596936251725e-09 6.017409147464743808e-08 6.630417307158369560e-08
6.484406509065578916e-01 6.289608850850374553e-09 6.051062167671589661e-08 6.680023052756626868e-08
6.463212295808800079e-01 6.453218605907377493e-09 6.084880879353922614e-08 6.730202739944659784e-08
6.442030367582765038e-01 6.621016802153663745e-09 6.118862678659029022e-08 6.780964358874395975e-08
6.420861631750778287e-01 6.793112246190280949e-09 6.153004833563574439e-08 6.832316058182602534e-08
6.399706995111031915e-01 6.969616694400277543e-09 6.187304480213910423e-08 6.884266149653938674e-08
6.378567363857750028e-01 7.150644938890865894e-09 6.221758619150926774e-08 6.936823113040013363e-08
6.357443643542375344e-01 7.336314896256848684e-09 6.256364111426467673e-08 6.989995601052152210e-08
6.336336739034782450e-01 7.526747699277008553e-09 6.291117674660436991e-08 7.043792444588137350e-08
6.315247554484511028e-01 7.722067791661001696e-09 6.326015879024734504e-08 7.098222658190834508e-08
6.294176993282036836e-01 7.922403025969566100e-09 6.361055143104576152e-08 7.153295445701533093e-08
6.273125958020073778e-01 8.127884764837253339e-09 6.396231729648769600e-08 7.209020206132494437e-08
6.252095350454909273e-01 8.338647985633771687e-09 6.431541741249289017e-08 7.265406539812666847e-08
6.231086071467777376e-01 8.554831388707527508e-09 6.466981115934428673e-08 7.322464254805181755e-08
6.210099021026262989e-01 8.776577509363195600e-09 6.502545622639770712e-08 7.380203373576090438e-08
6.189135098145757130e-01 9.004032833732383650e-09 6.538230856568253808e-08 7.438634139941492670e-08
6.168195200850943305e-01 9.237347918704770811e-09 6.574032234462780378e-08 7.497767026333256963e-08
6.147280226137328274e-01 9.476677516097398793e-09 6.609944989776040316e-08 7.557612741385780857e-08
6.126391069932820566e-01 9.722180701248968940e-09 6.645964167718487720e-08 7.618182237843384945e-08
6.105528627059343405e-01 9.974021006237064824e-09 6.682084620193703254e-08 7.679486720817409736e-08
6.084693791194516477e-01 1.023236655792671675e-08 6.718301000627374475e-08 7.741537656420046315e-08
6.063887454833363222e-01 1.049739022107278669e-08 6.754607758680319994e-08 7.804346780787598332e-08
6.043110509250085860e-01 1.076926974671086963e-08 6.790999134841674356e-08 7.867926109512761650e-08
6.022363844459880378e-01 1.104818792608561979e-08 6.827469154902923178e-08 7.932287947511484826e-08
6.001648349180817021e-01 1.133433275037947090e-08 6.864011624304888636e-08 7.997444899342836057e-08
5.980964910795768530e-01 1.162789757652134230e-08 6.900620122356889748e-08 8.063409880009023978e-08
5.960314415314392766e-01 1.192908129937300529e-08 6.937287996335412210e-08 8.130196126272713400e-08
5.939697747335187517e-01 1.223808853060783355e-08 6.974008355451478864e-08 8.197817208512262550e-08
5.919115790007589695e-01 1.255512978461907673e-08 7.010774064671566852e-08 8.266287043133474194e-08
5.898569424994153376e-01 1.288042167181555501e-08 7.047577738403126545e-08 8.335619905584681716e-08
5.878059532432767798e-01 1.321418709968815637e-08 7.084411734056037943e-08 8.405830444024853912e-08
5.857586990898969725e-01 1.355665548205390428e-08 7.121268145455234120e-08 8.476933693660624217e-08
5.837152677368300235e-01 1.390806295691315593e-08 7.158138796085250835e-08 8.548945091776566097e-08
5.816757467178741425e-01 1.426865261338451555e-08 7.195015232189149999e-08 8.621880493527600892e-08
5.796402233993216413e-01 1.463867472821508946e-08 7.231888715734612503e-08 8.695756188556121945e-08
5.776087849762165938e-01 1.501838701239895116e-08 7.268750217213530827e-08 8.770588918453425281e-08
5.755815184686201569e-01 1.540805486847484722e-08 7.305590408255628956e-08 8.846395895103113347e-08
5.735585107178819975e-01 1.580795165911755229e-08 7.342399654083865803e-08 8.923194819995620701e-08
5.715398483829212672e-01 1.621835898768179373e-08 7.379168005819346024e-08 9.001003904587525729e-08
5.695256179365137950e-01 1.663956699140853131e-08 7.415885192595730478e-08 9.079841891736583609e-08
5.675159056615878272e-01 1.707187464805695557e-08 7.452540613467235340e-08 9.159728078272930897e-08
5.655107976475284293e-01 1.751559009678544661e-08 7.489123329141406574e-08 9.240682338819950904e-08
5.635103797864895459e-01 1.797103097417065924e-08 7.525622053538447199e-08 9.322725150955513123e-08
5.615147377697142783e-01 1.843852476632441642e-08 7.562025145132678423e-08 9.405877621765119403e-08
5.595239570838648202e-01 1.891840917814892477e-08 7.598320598064859827e-08 9.490161515879751973e-08
5.575381230073596095e-01 1.941103252085663753e-08 7.634496033055005506e-08 9.575599285140669259e-08
5.555573206067213610e-01 1.991675411897721233e-08 7.670538688107503755e-08 9.662214100005224987e-08
5.535816347329322040e-01 2.043594473817999924e-08 7.706435408963386830e-08 9.750029882781386423e-08
5.516111500177993676e-01 2.096898703535703443e-08 7.742172639293964504e-08 9.839071342829667947e-08
5.496459508703298580e-01 2.151627603254101484e-08 7.777736410659034067e-08 9.929364013913136213e-08
5.476861214731143512e-01 2.207821961637531881e-08 7.813112332209888567e-08 1.002093429384742078e-07
5.457317457787214110e-01 2.265523906501213795e-08 7.848285580095173988e-08 1.011380948659638811e-07
5.437829075061012540e-01 2.324776960449227576e-08 7.883240886569412709e-08 1.020801784701864095e-07
5.418396901369990637e-01 2.385626099685428093e-08 7.917962528813470916e-08 1.030358862849889934e-07
5.399021769123795167e-01 2.448117816243832383e-08 7.952434317434377716e-08 1.040055213367820944e-07
5.379704508288605247e-01 2.512300183909322075e-08 7.986639584609439385e-08 1.049893976851876080e-07
5.360445946351584112e-01 2.578222928126376106e-08 8.020561171875536812e-08 1.059878410000191259e-07
5.341246908285424144e-01 2.645937500223625233e-08 8.054181417551121656e-08 1.070011891777474722e-07
5.322108216513020684e-01 2.715497156315326097e-08 8.087482143743031370e-08 1.080297930005835780e-07
5.303030690872229114e-01 2.786957041278212699e-08 8.120444642911256254e-08 1.090740168418946928e-07
5.284015148580751831e-01 2.860374278243490900e-08 8.153049663992839096e-08 1.101342394223632966e-07
5.265062404201132917e-01 2.935808064090210578e-08 8.185277398049255252e-08 1.112108546213946616e-07
5.246173269605862721e-01 3.013319771477256005e-08 8.217107463373606732e-08 1.123042723485086274e-07
5.227348553942597897e-01 3.092973058008310204e-08 8.248518890028492345e-08 1.134149194803680255e-07
5.208589063599504687e-01 3.174833983186969398e-08 8.279490103798044726e-08 1.145432408698501412e-07
5.189895602170713218e-01 3.258971133890020477e-08 8.309998909494125899e-08 1.156897004338414571e-07
5.171268970421896150e-01 3.345455759164427348e-08 8.340022473546136804e-08 1.168547823271056481e-07
5.152709966255959451e-01 3.434361915238443733e-08 8.369537305832666142e-08 1.180389922107111054e-07
5.134219384678874176e-01 3.525766621730959467e-08 8.398519240708079418e-08 1.192428586243903822e-07
5.115798017765612604e-01 3.619750030147288654e-08 8.426943417145193358e-08 1.204669344729248201e-07
5.097446654626225371e-01 3.716395605862381235e-08 8.454784257911292512e-08 1.217117986377367242e-07
5.079166081372029629e-01 3.815790324914152852e-08 8.482015447692281809e-08 1.229780577260643598e-07
5.060957081081940423e-01 3.918024887060964323e-08 8.508609910065418260e-08 1.242663479712638258e-07
5.042820433768926414e-01 4.023193946700760822e-08 8.534539783229289155e-08 1.255773372993004865e-07
5.024756916346594382e-01 4.131396363402297443e-08 8.559776394399256766e-08 1.269117275780155289e-07
5.006767302595911406e-01 4.242735473959343569e-08 8.584290232735500522e-08 1.282702570669484277e-07
4.988852363132056933e-01 4.357319388046482264e-08 8.608050920645297234e-08 1.296537030869177950e-07
4.971012865371410294e-01 4.475261309730953008e-08 8.631027183317223276e-08 1.310628849304817761e-07
4.953249573498684777e-01 4.596679887277404599e-08 8.653186816342254767e-08 1.324986670361965870e-07
4.935563248434178263e-01 4.721699593864243274e-08 8.674496651252611954e-08 1.339619624511685390e-07
4.917954647801195955e-01 4.850451142004714863e-08 8.694922518795138536e-08 1.354537366079985406e-07
4.900424525893581351e-01 4.983071934632508837e-08 8.714429209725134977e-08 1.369750114435764448e-07
4.882973633643411526e-01 5.119706555964050086e-08 8.732980432883536127e-08 1.385268698884758687e-07
4.865602718588830644e-01 5.260507305377184219e-08 8.750538770347898391e-08 1.401104607572508195e-07
4.848312524842024462e-01 5.405634777624807067e-08 8.767065629443967800e-08 1.417270040706877553e-07
4.831103793057346385e-01 5.555258492723937810e-08 8.782521191332684614e-08 1.433777968405662242e-07
4.813977260399591174e-01 5.709557578816563713e-08 8.796864355869702971e-08 1.450642193468626735e-07
4.796933660512416875e-01 5.868721511164473973e-08 8.810052682491857501e-08 1.467877419365633147e-07
4.779973723486916626e-01 6.032950910181073038e-08 8.822042326879176203e-08 1.485499323706024924e-07
4.763098175830347003e-01 6.202458400996697145e-08 8.832787973078001089e-08 1.503524637407469956e-07
4.746307740434999589e-01 6.377469536492752796e-08 8.842242760773177622e-08 1.521971229726593042e-07
4.729603136547249065e-01 6.558223785004498053e-08 8.850358207444672037e-08 1.540858199244917009e-07
4.712985079736723426e-01 6.744975582941341436e-08 8.857084125178101845e-08 1.560205970811944460e-07
4.696454281865671820e-01 6.937995451373491413e-08 8.862368531934679561e-08 1.580036398330817097e-07
4.680011451058453398e-01 7.137571174179581419e-08 8.866157557094256830e-08 1.600372873127383825e-07
4.663657291671214900e-01 7.344009033629499966e-08 8.868395341082620298e-08 1.621240437471212026e-07
4.647392504261713686e-01 7.557635097243272110e-08 8.869023929015145587e-08 1.642665902625841770e-07
4.631217785559308409e-01 7.778796547334766037e-08 8.867983158498699274e-08 1.664677970583346663e-07
4.615133828435115659e-01 8.007863041743442612e-08 8.865210541830571460e-08 1.687307358357401407e-07
4.599141321872325938e-01 8.245228090797709949e-08 8.860641142834600546e-08 1.710586923363231050e-07
4.583240950936695035e-01 8.491310431395017528e-08 8.854207448704099671e-08 1.734551788009911720e-07
4.567433396747189733e-01 8.746555373988974165e-08 8.845839237513190319e-08 1.759239461150216448e-07
4.551719336446824471e-01 9.011436091967038113e-08 8.835463442357120835e-08 1.784689953432415895e-07
4.536099443173637891e-01 9.286454815133230223e-08 8.823004013286586879e-08 1.810945882841981710e-07
4.520574386031873670e-01 9.572143879507461084e-08 8.808381778334293295e-08 1.838052565784175438e-07
4.505144830063307348e-01 9.869066574086956576e-08 8.791514305138929635e-08 1.866058087922588621e-07
4.489811436218761331e-01 1.017781771124073404e-07 8.772315765088987980e-08 1.895013347632972201e-07
4.474574861329798092e-01 1.049902383086268889e-07 8.750696802426327902e-08 1.924972063328901812e-07
4.459435758080572132e-01 1.083334292936555256e-07 8.726564411149279059e-08 1.955990734051483029e-07
4.444394774979880114e-01 1.118146358331487390e-07 8.699821822907098730e-08 1.988128540622197263e-07
4.429452556333378088e-01 1.154410331440411375e-07 8.670368409633007780e-08 2.021447172403712153e-07
4.414609742215981347e-01 1.192200601834641707e-07 8.638099605490109868e-08 2.056010562383652694e-07
4.399866968444445248e-01 1.231593825644051385e-07 8.602906853706845730e-08 2.091884511014735958e-07
4.385224866550132550e-01 1.272668418689101172e-07 8.564677584966198231e-08 2.129136177185720995e-07
4.370684063751951731e-01 1.315503889554038394e-07 8.523295235156591261e-08 2.167833413069697520e-07
4.356245182929503468e-01 1.360179987484691628e-07 8.478639311632410522e-08 2.208043918647932813e-07
4.341908842596383655e-01 1.406775639841078528e-07 8.430585518817990089e-08 2.249834191722877537e-07
4.327675656873695709e-01 1.455367654908093066e-07 8.379005955857203910e-08 2.293268250493813589e-07
4.313546235463747713e-01 1.506029168455520442e-07 8.323769400792572272e-08 2.338406108534777801e-07
4.299521183623923326e-01 1.558827816775132458e-07 8.264741697421433458e-08 2.385301986517275671e-07
4.285601102140767504e-01 1.613823625177488874e-07 8.201786262497148370e-08 2.434002251427203843e-07
4.271786587304238769e-01 1.671066609214454795e-07 8.134764732144746647e-08 2.484543082428929327e-07
4.258078230882175186e-01 1.730594096227713554e-07 8.063537767126472825e-08 2.536947872940360969e-07
4.244476620094941310e-01 1.792427787085248502e-07 7.987966036670340174e-08 2.591224390752282387e-07
4.230982337590273312e-01 1.856570591855668217e-07 7.907911399567356037e-08 2.647361731812403953e-07
4.217595961418320605e-01 1.923003288240222584e-07 7.823238299042420816e-08 2.705327118144464930e-07
4.204318065006886762e-01 1.991681067292640682e-07 7.733815384576439618e-08 2.765062605750284512e-07
4.191149217136860283e-01 2.062530046657710484e-07 7.639517369209312043e-08 2.826481783578641821e-07
4.178089981917854079e-01 2.135443846455155369e-07 7.540227124759746425e-08 2.889466558931130144e-07
4.165140918764042577e-01 2.210280336112782137e-07 7.435838009925796630e-08 2.953864137105361932e-07
4.152302582370190898e-01 2.286858670993759248e-07 7.326256417374669921e-08 3.019484312731226505e-07
4.139575522687903852e-01 2.364956744750599745e-07 7.211404515969818653e-08 3.086097196347581743e-07
4.126960284902057019e-01 2.444309186263309628e-07 7.091223153799003581e-08 3.153431501643210119e-07
4.114457409407450972e-01 2.524606028149064554e-07 6.965674876936709215e-08 3.221173515842735344e-07
4.102067431785659246e-01 2.605492166666854470e-07 6.834747008119910033e-08 3.288966867478845473e-07
4.089790882782086689e-01 2.686567720134093934e-07 6.698454719379908540e-08 3.356413192072084788e-07
4.077628288283230984e-01 2.767389374808025134e-07 6.556844023771989246e-08 3.423073777185223926e-07
4.065580169294162882e-01 2.847472783944560219e-07 6.409994604244625126e-08 3.488472244369022863e-07
4.053647041916197957e-01 2.926296058040109166e-07 6.258022393003861274e-08 3.552098297340495294e-07
4.041829417324798168e-01 3.003304352901866913e-07 6.101081812661181588e-08 3.613412534167985204e-07
4.030127801747669936e-01 3.077915528236975042e-07 5.939367591191769062e-08 3.671852287356151816e-07
4.018542696443075934e-01 3.149526814178984040e-07 5.773116066890970120e-08 3.726838420868081052e-07
4.007074597678371708e-01 3.217522387987615434e-07 5.602605907243902246e-08 3.777782978712005460e-07
3.995723996708737680e-01 3.281281729487835745e-07 5.428158176500139766e-08 3.824097547137849788e-07
3.984491379756142648e-01 3.340188593045417621e-07 5.250135700572099228e-08 3.865202163102627544e-07
3.973377227988512117e-01 3.393640407361797670e-07 5.068941694338966012e-08 3.900534576795694205e-07
3.962382017499116449e-01 3.441057893381365054e-07 4.885017635091874270e-08 3.929559656890552348e-07
3.951506219286177179e-01 3.481894676215145231e-07 4.698840386359213998e-08 3.951778714851066499e-07
3.940750299232693710e-01 3.515646659983130193e-07 4.510918597595212271e-08 3.966738519742651420e-07
3.930114718086481496e-01 3.541860935352518049e-07 4.321788425721778010e-08 3.974039777924695983e-07
3.919599931440440610e-01 3.560143998466498690e-07 4.132008643914521390e-08 3.973344862857951027e-07
3.909206389713034135e-01 3.570169076627082085e-07 3.942155221207180116e-08 3.964384598747799898e-07
3.898934538128995819e-01 3.571682379616782464e-07 3.752815472560339555e-08 3.946963926872816287e-07
3.888784816700262548e-01 3.564508124485347296e-07 3.564581891990640969e-08 3.920966313684411525e-07
3.878757660207118318e-01 3.548552214345096025e-07 3.378045790270947389e-08 3.886356793372190764e-07
3.868853498179574135e-01 3.523804486709379409e-07 3.193790863243046146e-08 3.843183573033684089e-07
3.859072754878967726e-01 3.490339482923051645e-07 3.012386817992875356e-08 3.791578164722339247e-07
3.849415849279789192e-01 3.448315726228260620e-07 2.834383182772018374e-08 3.731754044505462623e-07
3.839883195051734810e-01 3.397973531206198131e-07 2.660303421696325855e-08 3.664003873375830484e-07
3.830475200541983427e-01 3.339631401391897105e-07 2.490639466386018115e-08 3.588695348030499016e-07
3.821192268757707122e-01 3.273681104802556363e-07 2.325846764902471425e-08 3.506265781292803472e-07
3.812034797348808901e-01 3.200581548907837300e-07 2.166339935271906930e-08 3.417215542435027994e-07
3.803003178590885769e-01 3.120851606523478272e-07 2.012489097888414183e-08 3.322100516312319889e-07
3.794097799368422730e-01 3.035062070746830021e-07 1.864616947639158681e-08 3.221523765510746054e-07
3.785319041158229925e-01 2.943826938488201813e-07 1.722996610719618368e-08 3.116126599560163683e-07
3.776667280013088490e-01 2.847794236669224664e-07 1.587850312660992538e-08 3.006579267935323752e-07
3.768142886545653436e-01 2.747636611488038884e-07 1.459348864831673027e-08 2.893571497971206038e-07
3.759746225912566908e-01 2.644041898510584321e-07 1.337611957364677862e-08 2.777803094247052305e-07
3.751477657798824028e-01 2.537703879586778747e-07 1.222709226407601803e-08 2.659974802227538795e-07
3.743337536402364663e-01 2.429313412504937544e-07 1.114662041668731363e-08 2.540779616671810896e-07
3.735326210418896675e-01 2.319550092824750797e-07 1.013445937114898329e-08 2.420894686536240862e-07
3.727444023026960651e-01 2.209074577179232861e-07 9.189935873892018596e-09 2.300973935918152980e-07
3.719691311873230544e-01 2.098521666234958822e-07 8.311982188424098210e-09 2.181641488119199920e-07
3.712068409058050245e-01 1.988494215636949219e-07 7.499173374844463685e-09 2.063485949385393724e-07
3.704575641121203300e-01 1.879557916219680100e-07 6.749766558586558362e-09 1.947055581805545568e-07
3.697213329027932427e-01 1.772236961651969234e-07 6.061741064535352679e-09 1.832854372297322893e-07
3.689981788155182185e-01 1.667010603109693374e-07 5.432838415277417455e-09 1.721338987262467623e-07
3.682881328278097000e-01 1.564310576397413811e-07 4.860601389295782407e-09 1.612916590290371561e-07
3.675912253556744558e-01 1.464519376222420794e-07 4.342411577625904072e-09 1.507943491998679744e-07
3.669074862523091229e-01 1.367969343751020054e-07 3.875525112033702209e-09 1.406724594871357167e-07
3.662369448068212296e-01 1.274942525959170111e-07 3.457106433116861926e-09 1.309513590290338784e-07
3.655796297429745878e-01 1.185671257769981678e-07 3.084260115017604112e-09 1.216513858920157723e-07
3.649355692179588329e-01 1.100339409984900071e-07 2.754060864207324737e-09 1.127880018626973335e-07
3.643047908211832220e-01 1.019084237343203517e-07 2.463581862845427998e-09 1.043720055971657797e-07
3.636873215730948572e-01 9.419987520460956293e-08 2.209921620552511914e-09 9.640979682516206906e-08
3.630831879240213333e-01 8.691345398523522104e-08 1.990229428803827564e-09 8.890368341403904985e-08
3.624924157530373670e-01 8.005049298108527167e-08 1.801729408164876443e-09 8.185222238925014811e-08
3.619150303668565161e-01 7.360884259040755074e-08 1.641743035100218861e-09 7.525058562550776547e-08
3.613510564987471030e-01 6.758323097863562671e-08 1.507709952839667556e-09 6.909094093147529013e-08
3.608005183074725064e-01 6.196563284446287951e-08 1.397206823605715317e-09 6.336283966806859152e-08
3.602634393762566001e-01 5.674563887689651768e-08 1.307963969959112259e-09 5.805360284685562993e-08
3.597398427117731723e-01 5.191081920753473132e-08 1.237879576748806990e-09 5.314869878428354017e-08
3.592297507431607140e-01 4.744707542829776488e-08 1.185031289894924848e-09 4.863210671819268704e-08
3.587331853210614652e-01 4.333897699582554150e-08 1.147685163311452500e-09 4.448666215913699462e-08
3.582501677166853304e-01 3.957007894289610754e-08 1.124302058139750843e-09 4.069438100103586107e-08
3.577807186208989965e-01 3.612321873307772235e-08 1.113541764787536144e-09 3.723676049786526118e-08
3.573248581433390858e-01 3.298079087343108827e-08 1.114265287115085013e-09 3.409505616054617473e-08
3.568826058115515121e-01 3.012499851125939186e-08 1.125535843400105332e-09 3.125053435465949450e-08
3.564539805701539277e-01 2.753808151739383414e-08 1.146619061280818937e-09 2.868470057867465411e-08
3.560390007800253165e-01 2.520252103976085177e-08 1.176983102117402207e-09 2.637950414187825295e-08
3.556376842175186792e-01 2.310122322340627108e-08 1.216301901274276711e-09 2.431752512468054717e-08
3.552500480736998090e-01 2.121768795815909856e-08 1.264467230552457950e-09 2.248215518871155775e-08
3.548761089536110469e-01 1.953615708541759905e-08 1.321602744797527271e-09 2.085775983021512777e-08
3.545158828755596292e-01 1.804170041544175885e-08 1.388037095565695463e-09 1.942973751100745452e-08
3.541693852704319023e-01 1.672019472983762001e-08 1.464195412426977897e-09 1.818439014226459770e-08
3.538366309810319632e-01 1.555830440838108380e-08 1.550536180417016743e-09 1.710884058879810179e-08
3.535176342614461675e-01 1.454385621754277353e-08 1.647962328959918403e-09 1.619181854650269152e-08
3.532124087764321740e-01 1.366699069778167488e-08 1.759131995648251105e-09 1.542612269342992578e-08
3.529209676008340235e-01 1.292162180945029370e-08 1.890231175963207940e-09 1.481185298541350205e-08
3.526433232190215317e-01 1.230527076045804725e-08 2.051288470365255935e-09 1.435655923082330319e-08
3.523794875243560498e-01 1.181472180372799639e-08 2.252497610510671666e-09 1.406721941423866847e-08
3.521294718186805395e-01 1.143676737471513883e-08 2.495842288125297715e-09 1.393260966284043572e-08
3.518932868118357926e-01 1.113727335814057659e-08 2.765221474373844693e-09 1.390249483251442169e-08
3.516709426212014655e-01 1.085513714757714676e-08 3.021401952220332811e-09 1.387653909979747916e-08
3.514624487712624812e-01 1.050726068459198904e-08 3.207317463366795390e-09 1.371457814795878402e-08
3.512678141932016329e-01 1.000580390149299558e-08 3.264061347241082596e-09 1.326986524873407776e-08
3.510870472245163909e-01 9.282516707494212610e-09 3.151506905636497463e-09 1.243402361313070966e-08
3.509201556086619656e-01 8.310921615632063117e-09 2.864179730309688734e-09 1.117510134594175185e-08
3.507671464947198503e-01 7.117775394386480204e-09 2.435013244889391198e-09 9.552788639275870576e-09
3.506280264370912336e-01 5.779722198867147460e-09 1.925560701017172349e-09 7.705282899884319809e-09
3.505028013952162236e-01 4.406588243793123343e-09 1.407446583316655112e-09 5.814034827109778663e-09
3.503914767333189406e-01 3.116812333976639312e-09 9.430017043992906819e-10 4.059814038375930201e-09
3.502940572201773684e-01 2.012030079786626356e-09 5.720564339577368445e-10 2.584086513744363200e-09
3.502105470289191835e-01 1.157179309525408181e-09 3.080458077854933996e-10 1.465225117310901684e-09
3.501409497368430657e-01 5.705122381785430988e-10 1.423277040974065988e-10 7.128399422759497492e-10
3.500852683252653752e-01 2.252792303188591312e-10 5.296464925640363575e-11 2.782438795752627928e-10
3.500435051793923669e-01 6.207163468957548422e-11 1.389225903439940624e-11 7.596389372397489692e-11
3.500156620882183822e-01 8.354234877165710733e-12 1.804952659113972130e-12 1.015918753627968266e-11
3.500017402444486336e-01 1.051019062362288779e-13 2.229321400384765101e-14 1.273951202400765384e-13
