9.999982597555513442e-01 3.095431426933301039e-07
9.999843379117816511e-01 2.785907199390848365e-06
9.999564948206076664e-01 7.738600701308595079e-06
9.999147316747345471e-01 1.516587678978865576e-05
9.998590502631569121e-01 2.505751266038422768e-05
9.997894529710807943e-01 3.738079741885997243e-05
9.997059427798226094e-01 5.206345836475852207e-05
9.996085232666810372e-01 6.898387085243653627e-05
9.994971986047838097e-01 8.797752214495710139e-05
9.993719735629087442e-01 1.088581626312842333e-04
9.992328535052801275e-01 1.314406516963673372e-04
9.990798443913380122e-01 1.555515495858633928e-04
9.989129527754836424e-01 1.810246418307937335e-04
9.987321858067983449e-01 2.076906272898794491e-04
9.985375512287374411e-01 2.353716946690879118e-04
9.983290573787985123e-01 2.638837405238871319e-04
9.981067131881641297e-01 2.930418634188842564e-04
9.978705281813193828e-01 3.226646162791762498e-04
9.976205124756439835e-01 3.525761583432692760e-04
9.973566767809785016e-01 3.826075781323424866e-04
9.970790323991659543e-01 4.125982781091459242e-04
9.967875912235678593e-01 4.423974274480966932e-04
9.964823657385538658e-01 4.718652657867026742e-04
9.961633690189680701e-01 5.008741848774227266e-04
9.958306147295681310e-01 5.293096013406293609e-04
9.954841171244402931e-01 5.570706307709852529e-04
9.951238910463889864e-01 5.840705638495822692e-04
9.947499519263001133e-01 6.102371472475144392e-04
9.943623157824813541e-01 6.355126758443201476e-04
9.939609992199746058e-01 6.598539050297955308e-04
9.935460194298461056e-01 6.832317935422303713e-04
9.931173941884484657e-01 7.056310887274111271e-04
9.926751418566609475e-01 7.270497672403556776e-04
9.922192813791009813e-01 7.474983450839842603e-04
9.917498322833145918e-01 7.669990715403183536e-04
9.912668146789385126e-01 7.855850220529799876e-04
9.907702492568392083e-01 8.032991055136582976e-04
9.902601572882268055e-01 8.201930017318697329e-04
9.897365606237433777e-01 8.363260451565851517e-04
9.891994816925273604e-01 8.517640711843155752e-04
9.886489435012528748e-01 8.665782416262521109e-04
9.880849696331434062e-01 8.808438660922847732e-04
9.875075842469626108e-01 8.946392361374317899e-04
9.869168120759785889e-01 9.080444889453777790e-04
9.863126784269051761e-01 9.211405170219097481e-04
9.856952091788168113e-01 9.340079397623467618e-04
9.850644307820410894e-01 9.467261517719570375e-04
9.844203702570253345e-01 9.593724614036804564e-04
9.837630551931787481e-01 9.720213311069693125e-04
9.830925137476909104e-01 9.847437288636256506e-04
9.824087746443255220e-01 9.976065972696057920e-04
9.817118671721903889e-01 1.010672443794050340e-03
9.810018211844817593e-01 1.023999052532603531e-03
9.802786670972067906e-01 1.037639314521900200e-03
9.795424358878795923e-01 1.051641170560204275e-03
9.787931590941949533e-01 1.066047657647669050e-03
9.780308688126769789e-01 1.080897047763656679e-03
9.772555976973039682e-01 1.096223065852377273e-03
9.764673789581103103e-01 1.112055172666027558e-03
9.756662463597635115e-01 1.128418897545284795e-03
9.748522342201175750e-01 1.145336206283952864e-03
9.740253774087433980e-01 1.162825889870808694e-03
9.731857113454347452e-01 1.180903961038139551e-03
9.723332719986910178e-01 1.199584047062575041e-03
9.714680958841769298e-01 1.218877769038593378e-03
9.705902200631576493e-01 1.238795099757764332e-03
9.696996821409115119e-01 1.259344694265525193e-03
9.687965202651190877e-01 1.280534189036242011e-03
9.678807731242292656e-01 1.302370467429689533e-03
9.669524799458016906e-01 1.324859890612789092e-03
9.660116804948264413e-01 1.348008494414722636e-03
9.650584150720210586e-01 1.371822153616258791e-03
9.640927245121032607e-01 1.396306715955852266e-03
9.631146501820426753e-01 1.421468108679324605e-03
9.621242339792881459e-01 1.447312420789285438e-03
9.611215183299737230e-01 1.473845964293796391e-03
9.601065461871003404e-01 1.501075317742970542e-03
9.590793610286966198e-01 1.529007355209748746e-03
9.580400068559559168e-01 1.557649263648335511e-03
9.569885281913518282e-01 1.587008551279303235e-03
9.559249700767306068e-01 1.617093049329970883e-03
9.548493780713823709e-01 1.647910909123383606e-03
9.537617982500884439e-01 1.679470596176518490e-03
9.526622772011488216e-01 1.711780882651250035e-03
9.515508620243856575e-01 1.744850839209709150e-03
9.504276003291262098e-01 1.778689827065423924e-03
9.492925402321628070e-01 1.813307490795961494e-03
9.481457303556923844e-01 1.848713752292940708e-03
9.469872198252330397e-01 1.884918806070258902e-03
9.458170582675201610e-01 1.921933116028941681e-03
9.446352958083801266e-01 1.959767413684299336e-03
9.434419830705838006e-01 1.998432697793860093e-03
9.422371711716768239e-01 2.037940235279387356e-03
9.410209117217913644e-01 2.078301563309055931e-03
9.397932568214339977e-01 2.119528492393056747e-03
9.385542590592549361e-01 2.161633110343865599e-03
9.373039715097942759e-01 2.204627786958307783e-03
9.360424477312095926e-01 2.248525179289644245e-03
9.347697417629807770e-01 2.293338237392419758e-03
9.334859081235957756e-01 2.339080210438914450e-03
9.321910018082145699e-01 2.385764653122485635e-03
9.308850782863140605e-01 2.433405432278978701e-03
9.295681934993114126e-01 2.482016733672051147e-03
9.282404038581678618e-01 2.531613068901388333e-03
9.269017662409726466e-01 2.582209282404204428e-03
9.255523379905058468e-01 2.633820558530099599e-03
9.241921769117824592e-01 2.686462428677203248e-03
9.228213412695761564e-01 2.740150778483812794e-03
9.214398897859232829e-01 2.794901855074669733e-03
9.200478816376075342e-01 2.850732274364820278e-03
9.186453764536252065e-01 2.907659028426625575e-03
9.172324343126304624e-01 2.965699492927305770e-03
9.158091157403617233e-01 3.024871434645524156e-03
9.143754817070496310e-01 3.085193019076500325e-03
9.129315936248048047e-01 3.146682818135460025e-03
9.114775133449868338e-01 3.209359817969098007e-03
9.100133031555555085e-01 3.273243426884590076e-03
9.085390257784018431e-01 3.338353483405615083e-03
9.070547443666621135e-01 3.404710264464529297e-03
9.055605225020120219e-01 3.472334493739422275e-03
9.040564241919427646e-01 3.541247350144288968e-03
9.025425138670202241e-01 3.611470476480372824e-03
9.010188563781238447e-01 3.683025988256499132e-03
8.994855169936692985e-01 3.755936482685988051e-03
8.979425613968127218e-01 3.830225047867129133e-03
8.963900556826361887e-01 3.905915272154248611e-03
8.948280663553176417e-01 3.983031253726205569e-03
8.932566603252809490e-01 4.061597610359162641e-03
8.916759049063306408e-01 4.141639489409949110e-03
8.900858678127674395e-01 4.223182578016467827e-03
8.884866171564884674e-01 4.306253113521538861e-03
8.868782214440691369e-01 4.390877894126619593e-03
8.852607495738287202e-01 4.477084289781563427e-03
8.836342708328785989e-01 4.564900253316522480e-03
8.819988548941546380e-01 4.654354331822351150e-03
8.803545718134329068e-01 4.745475678285798055e-03
8.787014920263275242e-01 4.838294063485803348e-03
8.770396863452751823e-01 4.932839888156954726e-03
8.753692259565000189e-01 5.029144195426531010e-03
8.736901824169653885e-01 5.127238683531485861e-03
8.720026276513083152e-01 5.227155718821928886e-03
8.703066339487582903e-01 5.328928349057434136e-03
8.686022739600407494e-01 5.432590317002705498e-03
8.668896206942653393e-01 5.538176074329296747e-03
8.651687475157975316e-01 5.645720795829997293e-03
8.634397281411170244e-01 5.755260393952844195e-03
8.617026366356589362e-01 5.866831533661596987e-03
8.599575474106418982e-01 5.980471647629777288e-03
8.582045352198803823e-01 6.096218951775277985e-03
8.564436751565821515e-01 6.214112461142806167e-03
8.546750426501316111e-01 6.334192006141457776e-03
8.528987134628589484e-01 6.456498249145068910e-03
8.511147636867942845e-01 6.581072701462887219e-03
8.493232697404087261e-01 6.707957740688254289e-03
8.475243083653405396e-01 6.837196628433397580e-03
8.457179566231074475e-01 6.968833528458277804e-03
8.439042918918060465e-01 7.102913525201611129e-03
8.420833918627970149e-01 7.239482642722380734e-03
8.402553345373774407e-01 7.378587864060467093e-03
8.384201982234387174e-01 7.520277151025067143e-03
8.365780615321126712e-01 7.664599464419759832e-03
8.347290033744041438e-01 7.811604784713062528e-03
8.328731029578104739e-01 7.961344133163850145e-03
8.310104397829285450e-01 8.113869593410986264e-03
8.291410936400493981e-01 8.269234333536830406e-03
8.272651446057402991e-01 8.427492628614087836e-03
8.253826730394138167e-01 8.588699883745991304e-03
8.234937595798866861e-01 8.752912657610009695e-03
8.215984851419249058e-01 8.920188686515550039e-03
8.196969309127772885e-01 9.090586908985955408e-03
8.177891783486979094e-01 9.264167490875645922e-03
8.158753091714574524e-01 9.440991851033244883e-03
8.139554053648416776e-01 9.621122687521951877e-03
8.120295491711394531e-01 9.804624004408580770e-03
8.100978230876205721e-01 9.991561139132574751e-03
8.081603098630009141e-01 1.018200079046703566e-02
8.062170924938987238e-01 1.037601104708394707e-02
8.042682542212786778e-01 1.057366141673570133e-02
8.023138785268857376e-01 1.077502285606558516e-02
8.003540491296702308e-01 1.098016780105978175e-02
7.983888499822007212e-01 1.118917019815403660e-02
7.964183652670677738e-01 1.140210553600813984e-02
7.944426793932786168e-01 1.161905087796169522e-02
7.924618769926403683e-01 1.184008489518501538e-02
7.904760429161352686e-01 1.206528790053910428e-02
7.884852622302856995e-01 1.229474188315895535e-02
7.864896202135104319e-01 1.252853054377481984e-02
7.844892023524714375e-01 1.276673933078621009e-02
7.824840943384121505e-01 1.300945547710400697e-02
7.804743820634862939e-01 1.325676803777578634e-02
7.784601516170785995e-01 1.350876792840990590e-02
7.764414892821179803e-01 1.376554796441456334e-02
7.744184815313799319e-01 1.402720290106770733e-02
7.723912150237833840e-01 1.429382947443464009e-02
7.703597766006784475e-01 1.456552644315010220e-02
7.683242532821258353e-01 1.484239463108207209e-02
7.662847322631699543e-01 1.512453697089467287e-02
7.642413009101030053e-01 1.541205854852802613e-02
7.621940467567231980e-01 1.570506664861313559e-02
7.601430575005846402e-01 1.600367080084023896e-02
7.580884209992408973e-01 1.630798282729940471e-02
7.560302252664813372e-01 1.661811689081224563e-02
7.539685584685608122e-01 1.693418954427436049e-02
7.519035089204231248e-01 1.725631978102848754e-02
7.498351650819182757e-01 1.758462908628861260e-02
7.477636155540119400e-01 1.791924148963544919e-02
7.456889490749913918e-01 1.826028361860399657e-02
7.436112545166637666e-01 1.860788475338484224e-02
7.415306208805484411e-01 1.896217688266077506e-02
7.394471372940656373e-01 1.932329476060058032e-02
7.373608930067179212e-01 1.969137596503271054e-02
7.352719773862670394e-01 2.006656095682157748e-02
7.331804799149057583e-01 2.044899314047032499e-02
7.310864901854243758e-01 2.083881892597310923e-02
7.289900978973737899e-01 2.123618779194137371e-02
7.268913928532223512e-01 2.164125235002883896e-02
7.247904649545090505e-01 2.205416841068040534e-02
7.226874041979924890e-01 2.247509505023061877e-02
7.205823006717961832e-01 2.290419467937762632e-02
7.184752445515489860e-01 2.334163311305929162e-02
7.163663260965218438e-01 2.378757964175867712e-02
7.142556356457625544e-01 2.424220710426670117e-02
7.121432636142250860e-01 2.470569196192966624e-02
7.100293004888968973e-01 2.517821437441033344e-02
7.079138368249220381e-01 2.565995827699286969e-02
7.057969632417235850e-01 2.615111145946115087e-02
7.036787704191200810e-01 2.665186564658166349e-02
7.015593490934421972e-01 2.716241658022117839e-02
6.994387900536455094e-01 2.768296410313219463e-02
6.973171841374214974e-01 2.821371224443846443e-02
6.951946222273064357e-01 2.875486930685420758e-02
6.930711952467880632e-01 2.930664795567056169e-02
6.909469941564108098e-01 2.986926530954462505e-02
6.888221099498798017e-01 3.044294303312790329e-02
6.866966336501620916e-01 3.102790743157000583e-02
6.845706563055879990e-01 3.162438954693579801e-02
6.824442689859515632e-01 3.223262525657435290e-02
6.803175627786082202e-01 3.285285537348019147e-02
6.781906287845737014e-01 3.348532574868705314e-02
6.760635581146212658e-01 3.413028737573539639e-02
6.739364418853788230e-01 3.478799649725761167e-02
6.718093712154263875e-01 3.545871471372542827e-02
6.696824372213918686e-01 3.614270909440540913e-02
6.675557310140485257e-01 3.684025229056984291e-02
6.654293436944120899e-01 3.755162265101114061e-02
6.633033663498379973e-01 3.827710433991123040e-02
6.611778900501201761e-01 3.901698745711647959e-02
6.590530058435891680e-01 3.977156816087287772e-02
6.569288047532120256e-01 4.054114879307622876e-02
6.548053777726936531e-01 4.132603800709688108e-02
6.526828158625785914e-01 4.212655089823803128e-02
6.505612099463544684e-01 4.294300913689064886e-02
6.484406509065578916e-01 4.377574110444951844e-02
6.463212295808800079e-01 4.462508203205840102e-02
6.442030367582765038e-01 4.549137414225394582e-02
6.420861631750778287e-01 4.637496679358107943e-02
6.399706995111031915e-01 4.727621662825769872e-02
6.378567363857750028e-01 4.819548772296853439e-02
6.357443643542375344e-01 4.913315174287295056e-02
6.336336739034782450e-01 5.008958809891379121e-02
6.315247554484511028e-01 5.106518410852130263e-02
6.294176993282036836e-01 5.206033515980783288e-02
6.273125958020073778e-01 5.307544487935551836e-02
6.252095350454909273e-01 5.411092530370419096e-02
6.231086071467777376e-01 5.516719705465308876e-02
6.210099021026262989e-01 5.624468951849584397e-02
6.189135098145757130e-01 5.734384102931532057e-02
6.168195200850943305e-01 5.846509905647082062e-02
6.147280226137328274e-01 5.960892039641994128e-02
6.126391069932820566e-01 6.077577136902402588e-02
6.105528627059343405e-01 6.196612801849665092e-02
6.084693791194516477e-01 6.318047631916280660e-02
6.063887454833363222e-01 6.441931238621004252e-02
6.043110509250085860e-01 6.568314269162148222e-02
6.022363844459880378e-01 6.697248428549411325e-02
6.001648349180817021e-01 6.828786502295904060e-02
5.980964910795768530e-01 6.962982379693387347e-02
5.960314415314392766e-01 7.099891077695472119e-02
5.939697747335187517e-01 7.239568765435064335e-02
5.919115790007589695e-01 7.382072789404546531e-02
5.898569424994153376e-01 7.527461699328735767e-02
5.878059532432767798e-01 7.675795274763259901e-02
5.857586990898969725e-01 7.827134552453060556e-02
5.837152677368300235e-01 7.981541854488405363e-02
5.816757467178741425e-01 8.139080817298499637e-02
5.796402233993216413e-01 8.299816421525987864e-02
5.776087849762165938e-01 8.463815022828717616e-02
5.755815184686201569e-01 8.631144383659179742e-02
5.735585107178819975e-01 8.801873706075478976e-02
5.715398483829212672e-01 8.976073665642425592e-02
5.695256179365137950e-01 9.153816446485708858e-02
5.675159056615878272e-01 9.335175777567365774e-02
5.655107976475284293e-01 9.520226970256363830e-02
5.635103797864895459e-01 9.709046957274375389e-02
5.615147377697142783e-01 9.901714333103421584e-02
5.595239570838648202e-01 1.009830939594979216e-01
5.575381230073596095e-01 1.029891419136652331e-01
5.555573206067213610e-01 1.050361255764587082e-01
5.535816347329322040e-01 1.071249017310283019e-01
5.516111500177993676e-01 1.092563460538202164e-01
5.496459508703298580e-01 1.114313536293191353e-01
5.476861214731143512e-01 1.136508394880411249e-01
5.457317457787214110e-01 1.159157391694981831e-01
5.437829075061012540e-01 1.182270093120220411e-01
5.418396901369990637e-01 1.205856282715148525e-01
5.399021769123795167e-01 1.229925967713926538e-01
5.379704508288605247e-01 1.254489385862156969e-01
5.360445946351584112e-01 1.279557012617426881e-01
5.341246908285424144e-01 1.305139568744277667e-01
5.322108216513020684e-01 1.331248028336835809e-01
5.303030690872229114e-01 1.357893627305807871e-01
5.284015148580751831e-01 1.385087872370354689e-01
5.265062404201132917e-01 1.412842550599649194e-01
5.246173269605862721e-01 1.441169739553669893e-01
5.227348553942597897e-01 1.470081818078131375e-01
5.208589063599504687e-01 1.499591477814374574e-01
5.189895602170713218e-01 1.529711735491657842e-01
5.171268970421896150e-01 1.560455946076706180e-01
5.152709966255959451e-01 1.591837816863570509e-01
5.134219384678874176e-01 1.623871422596000480e-01
5.115798017765612604e-01 1.656571221724721932e-01
5.097446654626225371e-01 1.689952073913177089e-01
5.079166081372029629e-01 1.724029258917818275e-01
5.060957081081940423e-01 1.758818496982496871e-01
5.042820433768926414e-01 1.794335970901638211e-01
5.024756916346594382e-01 1.830598349922969992e-01
5.006767302595911406e-01 1.867622815678362247e-01
4.988852363132056933e-01 1.905427090350345909e-01
4.971012865371410294e-01 1.944029467302443581e-01
4.953249573498684777e-01 1.983448844423498503e-01
4.935563248434178263e-01 2.023704760459827667e-01
4.917954647801195955e-01 2.064817434634078630e-01
4.900424525893581351e-01 2.106807809876410642e-01
4.882973633643411526e-01 2.149697600021041322e-01
4.865602718588830644e-01 2.193509341349717257e-01
4.848312524842024462e-01 2.238266448891338967e-01
4.831103793057346385e-01 2.283993277912743092e-01
4.813977260399591174e-01 2.330715191057057822e-01
4.796933660512416875e-01 2.378458631600130213e-01
4.779973723486916626e-01 2.427251203298718962e-01
4.763098175830347003e-01 2.477121757292261306e-01
4.746307740434999589e-01 2.528100486489083254e-01
4.729603136547249065e-01 2.580219027814526500e-01
4.712985079736723426e-01 2.633510572621153845e-01
4.696454281865671820e-01 2.688009985459474116e-01
4.680011451058453398e-01 2.743753931285854430e-01
4.663657291671214900e-01 2.800781011047723812e-01
4.647392504261713686e-01 2.859131905445588817e-01
4.631217785559308409e-01 2.918849526536541061e-01
4.615133828435115659e-01 2.979979176725428003e-01
4.599141321872325938e-01 3.042568714592491785e-01
4.583240950936695035e-01 3.106668726926129498e-01
4.567433396747189733e-01 3.172332706247439904e-01
4.551719336446824471e-01 3.239617232988534767e-01
4.536099443173637891e-01 3.308582161254356446e-01
4.520574386031873670e-01 3.379290806662428315e-01
4.505144830063307348e-01 3.451810133996902064e-01
4.489811436218761331e-01 3.526210941186294634e-01
4.474574861329798092e-01 3.602568034264683750e-01
4.459435758080572132e-01 3.680960385353481135e-01
4.444394774979880114e-01 3.761471262185769326e-01
4.429452556333378088e-01 3.844188313225857523e-01
4.414609742215981347e-01 3.929203587037017886e-01
4.399866968444445248e-01 4.016613458362731093e-01
4.385224866550132550e-01 4.106518426695215385e-01
4.370684063751951731e-01 4.199022746350601909e-01
4.356245182929503468e-01 4.294233840850223971e-01
4.341908842596383655e-01 4.392261449458160216e-01
4.327675656873695709e-01 4.493216450878715906e-01
4.313546235463747713e-01 4.597209309245983699e-01
4.299521183623923326e-01 4.704348091461123538e-01
4.285601102140767504e-01 4.814736013327395869e-01
4.271786587304238769e-01 4.928468485220733886e-01
4.258078230882175186e-01 5.045629646285266778e-01
4.244476620094941310e-01 5.166288399002347820e-01
4.230982337590273312e-01 5.290493982612165524e-01
4.217595961418320605e-01 5.418271152963340942e-01
4.204318065006886762e-01 5.549615066208516412e-01
4.191149217136860283e-01 5.684485992344721073e-01
4.178089981917854079e-01 5.822804009782558410e-01
4.165140918764042577e-01 5.964443851867122781e-01
4.152302582370190898e-01 6.109230088797696911e-01
4.139575522687903852e-01 6.256932832420808444e-01
4.126960284902057019e-01 6.407264146245434944e-01
4.114457409407450972e-01 6.559875328790433224e-01
4.102067431785659246e-01 6.714355215756480089e-01
4.089790882782086689e-01 6.870229616852097099e-01
4.077628288283230984e-01 7.026961968190016394e-01
4.065580169294162882e-01 7.183955243070130336e-01
4.053647041916197957e-01 7.340555124812884191e-01
4.041829417324798168e-01 7.496054407113780238e-01
4.030127801747669936e-01 7.649698551904033916e-01
4.018542696443075934e-01 7.800692303300817976e-01
4.007074597678371708e-01 7.948207229883237357e-01
3.995723996708737680e-01 8.091390046795547963e-01
3.984491379756142648e-01 8.229371554239164333e-01
3.973377227988512117e-01 8.361276019654446667e-01
3.962382017499116449e-01 8.486230826959276774e-01
3.951506219286177179e-01 8.603376217113937185e-01
3.940750299232693710e-01 8.711874949435787219e-01
3.930114718086481496e-01 8.810921721875271118e-01
3.919599931440440610e-01 8.899752200252309953e-01
3.909206389713034135e-01 8.977651520615967939e-01
3.898934538128995819e-01 9.043962144809158943e-01
3.888784816700262548e-01 9.098090966388061585e-01
3.878757660207118318e-01 9.139515581675143885e-01
3.868853498179574135e-01 9.167789658380774975e-01
3.859072754878967726e-01 9.182547351470203845e-01
3.849415849279789192e-01 9.183506732475157364e-01
3.839883195051734810e-01 9.170472214103648767e-01
3.830475200541983427e-01 9.143335966795012038e-01
3.821192268757707122e-01 9.102078337930146201e-01
3.812034797348808901e-01 9.046767297922418960e-01
3.803003178590885769e-01 8.977556950522256329e-01
3.794097799368422730e-01 8.894685157358127592e-01
3.785319041158229925e-01 8.798470338773273225e-01
3.776667280013088490e-01 8.689307523922721321e-01
3.768142886545653436e-01 8.567663732210255567e-01
3.759746225912566908e-01 8.434072774731659061e-01
3.751477657798824028e-01 8.289129567799389253e-01
3.743337536402364663e-01 8.133484050440039637e-01
3.735326210418896675e-01 7.967834793955821393e-01
3.727444023026960651e-01 7.792922384672188452e-01
3.719691311873230544e-01 7.609522651771145618e-01
3.712068409058050245e-01 7.418439801918145227e-01
3.704575641121203300e-01 7.220499512685292220e-01
3.697213329027932427e-01 7.016542028977662548e-01
3.689981788155182185e-01 6.807415301932390195e-01
3.682881328278097000e-01 6.593968208801657127e-01
3.675912253556744558e-01 6.377043895285320341e-01
3.669074862523091229e-01 6.157473288182466753e-01
3.662369448068212296e-01 5.936068835047255687e-01
3.655796297429745878e-01 5.713618537326727864e-01
3.649355692179588329e-01 5.490880352574829537e-01
3.643047908211832220e-01 5.268577048145981490e-01
3.636873215730948572e-01 5.047391591845564740e-01
3.630831879240213333e-01 4.827963163308344186e-01
3.624924157530373670e-01 4.610883862838441871e-01
3.619150303668565161e-01 4.396696182078216886e-01
3.613510564987471030e-01 4.185891283718165545e-01
3.608005183074725064e-01 3.978908116495310510e-01
3.602634393762566001e-01 3.776133368247429622e-01
3.597398427117731723e-01 3.577902235249127427e-01
3.592297507431607140e-01 3.384499961945214297e-01
3.587331853210614652e-01 3.196164082903076298e-01
3.582501677166853304e-01 3.013087279515581085e-01
3.577807186208989965e-01 2.835420748593751594e-01
3.573248581433390858e-01 2.663277969073872820e-01
3.568826058115515121e-01 2.496738746901938366e-01
3.564539805701539277e-01 2.335853416749944789e-01
3.560390007800253165e-01 2.180647082342284659e-01
3.556376842175186792e-01 2.031123784405733934e-01
3.552500480736998090e-01 1.887270496060540481e-01
3.548761089536110469e-01 1.749060859198537099e-01
3.545158828755596292e-01 1.616458591354555385e-01
3.541693852704319023e-01 1.489420509974599127e-01
3.538366309810319632e-01 1.367899138817032789e-01
3.535176342614461675e-01 1.251844878164301289e-01
3.532124087764321740e-01 1.141207735022787828e-01
3.529209676008340235e-01 1.035938620518597891e-01
3.526433232190215317e-01 9.359902300789178786e-02
3.523794875243560498e-01 8.413175313982212966e-02
3.521294718186805395e-01 7.518779011426758585e-02
3.518932868118357926e-01 6.676309775748794084e-02
3.516709426212014655e-01 5.885383302609881878e-02
3.514624487712624812e-01 5.145630792703159706e-02
3.512678141932016329e-01 4.456696096778322430e-02
3.510870472245163909e-01 3.818235101607130033e-02
3.509201556086619656e-01 3.229918138816271350e-02
3.507671464947198503e-01 2.691435445542623636e-02
3.506280264370912336e-01 2.202504887852426915e-02
3.505028013952162236e-01 1.762880486980391778e-02
3.503914767333189406e-01 1.372359939597186419e-02
3.502940572201773684e-01 1.030789385912403260e-02
3.502105470289191835e-01 7.380641394279694248e-03
3.501409497368430657e-01 4.941248431737999165e-03
3.500852683252653752e-01 2.989493930105405640e-03
3.500435051793923669e-01 1.525417854132263230e-03
3.500156620882183822e-01 5.491964505485776721e-04
3.500017402444486336e-01 6.102459956722934429e-05
