9.999976988550509649e-01 1.793481691168651497e-09 5.417260089356156471e-12 1.798898951258007645e-09
9.999792901842503579e-01 3.877126335820945574e-10 4.376505874572367936e-10 8.253632210393313509e-10
9.999424754494581347e-01 2.366129942232068423e-09 3.321010828170774104e-09 5.687140770402842527e-09
9.998872598639227949e-01 6.271648225541723687e-09 1.214114990161531082e-08 1.841279812715703533e-08
9.998136512465947146e-01 1.015456640213624822e-08 2.993967278773979069e-08 4.009423918987603561e-08
9.997216600210184767e-01 1.119957721120887989e-08 5.622985660129372888e-08 6.742943381250261373e-08
9.996112992138567188e-01 8.673871131136754839e-09 8.530202325708279363e-08 9.397589438821954516e-08
9.994825844530459413e-01 4.639166200603220889e-09 1.087362707454509478e-07 1.133754369460541704e-07
9.993355339655831671e-01 1.635564609973369486e-09 1.208901020102963922e-07 1.225256666202697609e-07
9.991701685749445616e-01 4.064155624954294245e-10 1.222493010419904987e-07 1.226557166044859218e-07
9.989865116981373472e-01 1.879647231048909564e-10 1.177142137002772591e-07 1.179021784233821557e-07
9.987845893423834553e-01 1.928730200480687712e-10 1.124088245846032749e-07 1.126016976046513500e-07
9.985644301014363622e-01 1.842764666627842799e-10 1.090423773965532136e-07 1.092266538632160026e-07
9.983260651515324380e-01 1.755650028302758622e-10 1.078720408884335628e-07 1.080476058912638420e-07
9.980695282469761453e-01 1.767681470891356876e-10 1.079610313939575546e-07 1.081377995410466864e-07
9.977948557153598630e-01 1.804065621702080432e-10 1.083696519265693425e-07 1.085500584887395470e-07
9.975020864524200004e-01 1.834323346361753519e-10 1.086646794134645227e-07 1.088481117481006921e-07
9.971912619165286262e-01 1.863946161974242479e-10 1.088185332225736199e-07 1.090049278387710430e-07
9.968624261228229422e-01 1.895646353684189645e-10 1.089242765749412270e-07 1.091138412103096508e-07
9.965156256369724908e-01 1.930787302882984972e-10 1.090374572843310559e-07 1.092305360146193567e-07
9.961509095685847637e-01 1.969453912580349185e-10 1.091659112405360168e-07 1.093628566317940453e-07
9.957683295642514310e-01 2.011909206274059416e-10 1.093034503919138338e-07 1.095046413125412426e-07
9.953679398002339695e-01 2.057207195743132794e-10 1.094468470971663537e-07 1.096525678167406670e-07
9.949497969747925774e-01 2.106779893415585256e-10 1.095959499766719199e-07 1.098066279660134770e-07
9.945139603001571516e-01 2.160305963640593622e-10 1.097510809265790159e-07 1.099671115229430806e-07
9.940604914941422177e-01 2.217671133472697123e-10 1.099122946997007440e-07 1.101340618130480084e-07
9.935894547714074765e-01 2.279933557371639593e-10 1.100795750731976861e-07 1.103075684289348561e-07
9.931009168343637450e-01 2.347071878721422938e-10 1.102528917000635356e-07 1.104875988879356793e-07
9.925949468637285111e-01 2.418842259576494828e-10 1.104322447542561489e-07 1.106741289802137938e-07
9.920716165087288818e-01 2.496427374859411579e-10 1.106176123384554534e-07 1.108672550759413953e-07
9.915309998769550326e-01 2.579403285244483010e-10 1.108089986517362556e-07 1.110669389802607061e-07
9.909731735238667127e-01 2.668599370042583313e-10 1.110063814482502862e-07 1.112732413852545468e-07
9.903982164419524725e-01 2.764129332343689977e-10 1.112097573781985763e-07 1.114861703114329492e-07
9.898062100495427229e-01 2.866163210550479170e-10 1.114191060602193713e-07 1.117057223812744163e-07
9.891972381792815128e-01 2.975208192808264850e-10 1.116344125477543740e-07 1.119319333670351995e-07
9.885713870662544700e-01 3.091802530333842045e-10 1.118556561979022754e-07 1.121648364509356576e-07
9.879287453357772364e-01 3.216460053752968681e-10 1.120828166478505220e-07 1.124044626532258138e-07
9.872694039908458397e-01 3.348798585652149877e-10 1.123158683200788175e-07 1.126507481786440328e-07
9.865934563992494466e-01 3.490184521252052743e-10 1.125547854363031559e-07 1.129038038884283637e-07
9.859009982803494943e-01 3.640580592646082844e-10 1.127995380205754056e-07 1.131635960798400124e-07
9.851921276915243109e-01 3.800549616581897943e-10 1.130500934981684681e-07 1.134301484598266566e-07
9.844669450142840006e-01 3.970453620274027743e-10 1.133064112631293864e-07 1.137034566251567916e-07
9.837255529400552589e-01 4.150992789727598540e-10 1.135684584399011567e-07 1.139835577188739154e-07
9.829680564556397826e-01 4.342626069120671537e-10 1.138361842296010058e-07 1.142704468365130694e-07
9.821945628283471619e-01 4.545330129021747586e-10 1.141095584928897215e-07 1.145640915057918992e-07
9.814051815908051424e-01 4.760805421754410675e-10 1.143885239721390216e-07 1.148646045143144576e-07
9.806000245254490322e-01 4.988455789616542870e-10 1.146730353027124280e-07 1.151718808816740888e-07
9.797792056486918089e-01 5.229453455326856857e-10 1.149630383779384123e-07 1.154859837234711000e-07
9.789428411947794784e-01 5.484310611084612128e-10 1.152584813535264555e-07 1.158069124146349206e-07
9.780910495993309084e-01 5.753499526494294837e-10 1.155593086289190532e-07 1.161346585815684847e-07
9.772239514825661333e-01 6.038070253264829034e-10 1.158654572341761837e-07 1.164692642595026653e-07
9.763416696322263499e-01 6.338145115979377224e-10 1.161768707904966482e-07 1.168106853020945869e-07
9.754443289861857158e-01 6.654727314334649588e-10 1.164934835236653494e-07 1.171589562550988179e-07
9.745320566147591679e-01 6.988577481585521411e-10 1.168152285157384404e-07 1.175140862638969895e-07
9.736049817027085940e-01 7.340357059039934070e-10 1.171420381027525311e-07 1.178760738086565211e-07
9.726632355309490219e-01 7.710528259356319637e-10 1.174738441242492515e-07 1.182448969501848885e-07
9.717069514579584899e-01 8.100282066166957734e-10 1.178105657018226138e-07 1.186205939084393087e-07
9.707362649008931532e-01 8.510013179403850480e-10 1.181521379898054514e-07 1.190031393077458351e-07
9.697513133164112897e-01 8.941064236917305484e-10 1.184984767713255258e-07 1.193925831950172512e-07
9.687522361812086480e-01 9.394073076685523347e-10 1.188494980514516938e-07 1.197889053591202522e-07
9.677391749722670244e-01 9.869695214354336968e-10 1.192051204071186830e-07 1.201920899285541249e-07
9.667122731468204000e-01 1.036894615487662579e-09 1.195652574782100840e-07 1.206021520936977580e-07
9.656716761220400791e-01 1.089269030596874426e-09 1.199298213439837344e-07 1.210190903745806163e-07
9.646175312544427172e-01 1.144243190187998419e-09 1.202987127825266220e-07 1.214429559727146172e-07
9.635499878190232348e-01 1.201837377193565989e-09 1.206718443291511271e-07 1.218736817063446964e-07
9.624691969881165043e-01 1.262247565568641454e-09 1.210491085021855939e-07 1.223113560677542285e-07
9.613753118099901407e-01 1.325472071437114120e-09 1.214304060730253969e-07 1.227558781444624998e-07
9.602684871871718375e-01 1.391696183110022298e-09 1.218156309841420562e-07 1.232073271672520762e-07
9.591488798545139138e-01 1.460981813266982351e-09 1.222046760807851493e-07 1.236656578940521335e-07
9.580166483569980684e-01 1.533505123774029109e-09 1.225974243482196638e-07 1.241309294719936999e-07
9.568719530272848939e-01 1.609318033299775555e-09 1.229937620276407560e-07 1.246030800609405197e-07
9.557149559630089275e-01 1.688629368977389774e-09 1.233935667234061463e-07 1.250821960923835320e-07
9.545458210038247904e-01 1.771466943232271834e-09 1.237967145398579328e-07 1.255681814830902046e-07
9.533647137082059686e-01 1.858005742213192168e-09 1.242030769751671697e-07 1.260610827173803530e-07
9.521718013300005667e-01 1.948374728233532788e-09 1.246125231876698331e-07 1.265608979159033576e-07
9.509672527947470311e-01 2.042782937286345201e-09 1.250249158287879690e-07 1.270676987660743055e-07
9.497512386757527292e-01 2.141208860964103592e-09 1.254401123193484672e-07 1.275813211803125712e-07
9.485239311699396048e-01 2.243962280830815241e-09 1.258579722654139810e-07 1.281019345462447880e-07
9.472855040734599052e-01 2.351076700884560782e-09 1.262783405314056311e-07 1.286294172322901935e-07
9.460361327570848688e-01 2.462847928628351439e-09 1.267010700080461313e-07 1.291639179366744915e-07
9.447759941413714779e-01 2.579299288261600034e-09 1.271259902050577957e-07 1.297052894933193986e-07
9.435052666716086112e-01 2.700570206468490738e-09 1.275529563720682780e-07 1.302535265785367617e-07
9.422241302925482564e-01 2.827046246658259102e-09 1.279817827037096430e-07 1.308088289503678980e-07
9.409327664229236721e-01 2.958654811875103095e-09 1.284123003964506492e-07 1.313709552083257560e-07
9.396313579297590479e-01 3.095670315562600875e-09 1.288443423149062914e-07 1.319400126304689030e-07
9.383200891024746637e-01 3.238315429641800346e-09 1.292777169730552802e-07 1.325160324026970693e-07
9.369991456267892094e-01 3.386790714358072717e-09 1.297122314525444594e-07 1.330990221669025416e-07
9.356687145584262622e-01 3.541210569821814824e-09 1.301476972140927071e-07 1.336889077839145207e-07
9.343289842966248093e-01 3.701818091342245211e-09 1.305839156303523465e-07 1.342857337216945966e-07
9.329801445574611440e-01 3.868770556193583740e-09 1.310206853264846818e-07 1.348894558826782581e-07
9.316223863469834665e-01 4.042369233042206152e-09 1.314577924086271414e-07 1.355001616416693500e-07
9.302559019341637425e-01 4.222809790217028944e-09 1.318950128942078861e-07 1.361178226844249266e-07
9.288808848236710380e-01 4.410303237041121513e-09 1.323321370920323704e-07 1.367424403290734936e-07
9.274975297284702158e-01 4.605058515811319342e-09 1.327689341433552058e-07 1.373739926591665127e-07
9.261060325422481032e-01 4.807350047027875916e-09 1.332051723905199570e-07 1.380125224375478321e-07
9.247065903116744590e-01 5.017390425031959272e-09 1.336405988935839685e-07 1.386579893186159261e-07
9.232994012084981827e-01 5.235456415147629289e-09 1.340749753730265633e-07 1.393104317881741860e-07
9.218846645014846519e-01 5.461838958934013327e-09 1.345080576405812370e-07 1.399698965995152511e-07
9.204625805281977380e-01 5.696725452383045958e-09 1.349395864039473884e-07 1.406363118563304369e-07
9.190333506666307217e-01 5.940463239802022114e-09 1.353692752933427473e-07 1.413097385331447603e-07
9.175971773066893267e-01 6.193281868774568935e-09 1.357968625567709398e-07 1.419901444255454972e-07
9.161542638215318668e-01 6.455603135340496002e-09 1.362220747489357233e-07 1.426776778842762135e-07
9.147048145387701723e-01 6.727484041188115311e-09 1.366446352948677760e-07 1.433721193360558781e-07
9.132490347115351792e-01 7.009485282566236470e-09 1.370642335132841656e-07 1.440737187958504054e-07
9.117871304894109574e-01 7.301768799749815641e-09 1.374805547354463708e-07 1.447823235351961922e-07
9.103193088892436169e-01 7.604800883949043617e-09 1.378933156881198326e-07 1.454981165720688679e-07
9.088457777658247583e-01 7.918783240777340691e-09 1.383022109755051713e-07 1.462209942162825054e-07
9.073667457824585725e-01 8.244140341790826477e-09 1.387069051949795187e-07 1.469510455367703452e-07
9.058824223814129217e-01 8.581185939674469611e-09 1.391070453673460998e-07 1.476882313070205743e-07
9.043930177542612858e-01 8.930366465218561297e-09 1.395023115654090678e-07 1.484326780306276390e-07
9.028987428121174608e-01 9.291968963280625231e-09 1.398923701761386337e-07 1.491843391394192473e-07
9.013998091557693382e-01 9.666530390519375948e-09 1.402768770997744029e-07 1.499434074902937739e-07
8.998964290457145410e-01 1.005427885897774087e-08 1.406554330024466748e-07 1.507097118614244223e-07
8.983888153721022451e-01 1.045577009820968399e-08 1.410276733836621331e-07 1.514834434818718287e-07
8.968771816245870721e-01 1.087131069537902001e-08 1.413932398848681564e-07 1.522645505802471648e-07
8.953617418620967161e-01 1.130151215601643537e-08 1.417517635968528972e-07 1.530532757528693325e-07
8.938427106825198587e-01 1.174680150969171011e-08 1.421028196894844920e-07 1.538496211991761906e-07
8.923203031923174766e-01 1.220743915299661389e-08 1.424459958469165982e-07 1.546534349999132237e-07
8.907947349760618749e-01 1.268414663141380011e-08 1.427808877756868594e-07 1.554650344071006711e-07
8.892662220659083294e-01 1.317739597113394266e-08 1.431071036707453156e-07 1.562844996418792467e-07
8.877349809110033352e-01 1.368766740713139346e-08 1.434242071214893376e-07 1.571118745286207195e-07
8.862012283468341245e-01 1.421553571061142588e-08 1.437317290601045605e-07 1.579472647707159764e-07
8.846651815645224515e-01 1.476147059517614911e-08 1.440292172806412509e-07 1.587906878758173884e-07
8.831270580800687497e-01 1.532609906013357167e-08 1.443162476839554436e-07 1.596423467440890153e-07
8.815870757035508820e-01 1.591014652876981840e-08 1.445923659001144135e-07 1.605025124288842219e-07
8.800454525082797019e-01 1.651405058043597191e-08 1.448570764197702545e-07 1.613711270002062330e-07
8.785024067999185338e-01 1.713861794835205964e-08 1.451098509180497700e-07 1.622484688664018263e-07
8.769581570855700114e-01 1.778430866815392007e-08 1.453502333210016504e-07 1.631345419891555605e-07
8.754129220428324976e-01 1.845192652246875342e-08 1.455777450723019480e-07 1.640296715947706981e-07
8.738669204888349640e-01 1.914232508447592394e-08 1.457918573833229572e-07 1.649341824677988911e-07
8.723203713492500011e-01 1.985590940179896248e-08 1.459920019668455508e-07 1.658479113686445265e-07
8.707734936272926163e-01 2.059368599891366847e-08 1.461776596745482476e-07 1.667713456734619061e-07
8.692265063727073748e-01 2.135650992178771718e-08 1.463483108615949731e-07 1.677048207833826969e-07
8.676796286507499900e-01 2.214506531024801017e-08 1.465034097986162525e-07 1.686484751088642660e-07
8.661330795111650271e-01 2.296017940861845377e-08 1.466423477254894751e-07 1.696025271341079388e-07
8.645870779571674936e-01 2.380288412923916300e-08 1.467645379719998661e-07 1.705674221012390357e-07
8.630418429144299797e-01 2.467396702200746365e-08 1.468694186070573934e-07 1.715433856290648570e-07
8.614975932000813463e-01 2.557445762523460194e-08 1.469564091869908715e-07 1.725308668122254668e-07
8.599545474917204002e-01 2.650553083294475280e-08 1.470248638209169766e-07 1.735303946538617294e-07
8.584129242964491091e-01 2.746807474759104296e-08 1.470741453623663136e-07 1.745422201099573499e-07
8.568729419199312414e-01 2.846311651005419894e-08 1.471036298211265727e-07 1.755667463311807816e-07
8.553348184354775396e-01 2.949202153642295495e-08 1.471126855270867894e-07 1.766047070635097443e-07
8.537987716531658666e-01 3.055584117639459610e-08 1.471006339249557766e-07 1.776564751013503661e-07
8.522650190889966559e-01 3.165594073348543752e-08 1.470667910764448415e-07 1.787227318099302657e-07
8.507337779340917727e-01 3.279363172165620296e-08 1.470104679348520700e-07 1.798040996565082664e-07
8.492052650239381162e-01 3.397031988863307611e-08 1.469309686236022493e-07 1.809012885122353387e-07
8.476796968076825145e-01 3.518732004876569728e-08 1.468275709029846068e-07 1.820148909517503107e-07
8.461572893174801324e-01 3.644634955993203273e-08 1.466995361932030481e-07 1.831458857531350808e-07
8.446382581379032750e-01 3.774903032168951356e-08 1.465461153895248969e-07 1.842951457112144105e-07
8.431228183754130301e-01 3.909701315780590758e-08 1.463665449558927646e-07 1.854635581136986721e-07
8.416111846278978570e-01 4.049235804641211604e-08 1.461600268105242339e-07 1.866523848569363632e-07
8.401035709542855612e-01 4.193659389227818444e-08 1.459257694345529043e-07 1.878623633268310888e-07
8.386001908442306529e-01 4.343213957249752799e-08 1.456629492241797358e-07 1.890950887966772506e-07
8.371012571878825304e-01 4.498103944862229867e-08 1.453707227359313770e-07 1.903517621845536757e-07
8.356069822457387053e-01 4.658570789662520460e-08 1.450482147017003295e-07 1.916339225983255341e-07
8.341175776185870694e-01 4.824847837170481472e-08 1.446945462059415628e-07 1.929430245776463908e-07
8.326332542175415297e-01 4.997257482902217806e-08 1.443088040138786372e-07 1.942813788429008153e-07
8.311542222341752328e-01 5.176002501098706251e-08 1.438900420745274315e-07 1.956500670855145007e-07
8.296806911107563742e-01 5.361458169249161673e-08 1.434372987459519379e-07 1.970518804384435480e-07
8.282128695105890337e-01 5.553990515207338287e-08 1.429495577024348153e-07 1.984894628545082047e-07
8.267509652884649229e-01 5.753864418362486690e-08 1.424258002639454158e-07 1.999644444475702761e-07
8.252951854612298188e-01 5.961587085577652511e-08 1.418649431320098054e-07 2.014808139877863305e-07
8.238457361784681243e-01 6.177520198058706412e-08 1.412658707575462928e-07 2.030410727381333569e-07
8.224028226933106644e-01 6.402181340087714817e-08 1.406274308738289973e-07 2.046492442747061587e-07
8.209666493333692694e-01 6.636090581944345025e-08 1.399483994613667447e-07 2.063093052808101818e-07
8.195374194718022531e-01 6.879834986715936373e-08 1.392275130077286079e-07 2.080258628748879584e-07
8.181153354985153392e-01 7.134014262315711119e-08 1.384634359994434006e-07 2.098035786226004986e-07
8.167005987915018084e-01 7.399371811896186337e-08 1.376547703934781015e-07 2.116484885124399648e-07
8.152934096883255322e-01 7.676626790356963343e-08 1.368000248784886425e-07 2.135662927820582892e-07
8.138939674577518879e-01 7.966733174450412630e-08 1.358976391356318433e-07 2.155649708801359828e-07
8.125024702715298863e-01 8.270506329969656410e-08 1.349459276211942131e-07 2.176509909208907640e-07
8.111191151763289531e-01 8.589085399321194189e-08 1.339431314141870103e-07 2.198339854073989522e-07
8.097440980658362486e-01 8.923554039859487644e-08 1.328873303303757481e-07 2.221228707289706245e-07
8.083776136530165246e-01 9.275112647475062627e-08 1.317764938398868114e-07 2.245276203146374377e-07
8.070198554425388471e-01 9.645108989921582791e-08 1.306084490538607222e-07 2.270595389530765369e-07
8.056710157033752928e-01 1.003493767810369392e-07 1.293808626417202222e-07 2.297302394227571614e-07
8.043312854415737290e-01 1.044613139886015825e-07 1.280912198031208591e-07 2.325525337917224416e-07
8.030008543732107817e-01 1.088011504596861279e-07 1.267368730702339283e-07 2.355380235299200430e-07
8.016799108975253274e-01 1.133856599794001632e-07 1.253149672909885541e-07 2.387006272703887305e-07
8.003686420702409432e-01 1.182296096386420287e-07 1.238224972743697591e-07 2.420521069130117745e-07
7.990672335770763191e-01 1.233479798325233295e-07 1.222562997964283988e-07 2.456042796289517019e-07
7.977758697074517347e-01 1.287549101286209819e-07 1.206130738831223969e-07 2.493679840117433788e-07
7.964947333283913800e-01 1.344618782561878520e-07 1.188894096812005206e-07 2.533512879373883725e-07
7.952240058586285132e-01 1.404782136111755121e-07 1.170818312190073415e-07 2.575600448301828536e-07
7.939638672429151223e-01 1.468090132120580555e-07 1.151868702408796424e-07 2.619958834529377244e-07
7.927144959265400859e-01 1.534555289028008582e-07 1.132011053839410622e-07 2.666566342867419336e-07
7.914760688300603864e-01 1.604128040082675169e-07 1.111212902552796360e-07 2.715340942635471794e-07
7.902487613242472619e-01 1.676696418560169889e-07 1.089444069788688375e-07 2.766140488348858132e-07
7.890327472052529600e-01 1.752063517305815243e-07 1.066678232483824914e-07 2.818741749789640157e-07
7.878281986699994244e-01 1.829971292033736418e-07 1.042893941809232083e-07 2.872865233842968501e-07
7.866352862917940225e-01 1.910042191196367413e-07 1.018075974119973431e-07 2.928118165316340976e-07
7.854541789961752007e-01 1.991816172446704730e-07 9.922170345920834559e-08 2.984033207038788186e-07
7.842850440369910636e-01 2.074727154607296150e-07 9.653186975912624839e-08 3.040045852198558501e-07
7.831280469727150972e-01 2.158115711016938552e-07 9.373933211533081805e-08 3.095509032170246732e-07
7.819833516430019227e-01 2.241225084138504677e-07 9.084647531887062944e-08 3.149689837327210707e-07
7.808511201454860773e-01 2.323198239652006591e-07 8.785699191329699409e-08 3.201768158784976664e-07
7.797315128128281536e-01 2.403116653038985509e-07 8.477595724988171450e-08 3.250876225537802521e-07
7.786246881900098504e-01 2.479995215335104318e-07 8.160986091704445146e-08 3.296093824505548568e-07
7.775308030118835978e-01 2.552800331377875981e-07 7.836666795209784129e-08 3.336467010898854129e-07
7.764500121809768673e-01 2.620477337448413629e-07 7.505579049540626399e-08 3.371035242402476534e-07
7.753824687455572739e-01 2.681976711507582077e-07 7.168804349549248645e-08 3.398857146462506942e-07
7.743283238779599120e-01 2.736270358799810336e-07 6.827554447160778394e-08 3.419025803515888176e-07
7.732877268531795911e-01 2.782392123656679174e-07 6.483157678145544964e-08 3.430707891471233406e-07
7.722608250277328557e-01 2.819444669216274824e-07 6.137044466256940307e-08 3.433149115841968722e-07
7.712477638187913431e-01 2.846643242330743747e-07 5.790722021176719780e-08 3.425715444448415526e-07
7.702486866835887014e-01 2.863328427650806928e-07 5.445755630542464336e-08 3.407903990705053163e-07
7.692637350991068379e-01 2.868978262621073145e-07 5.103740565159743477e-08 3.379352319137047426e-07
7.682930485420415012e-01 2.863250066366947478e-07 4.766274058764513250e-08 3.339877472243398737e-07
7.673367644690509692e-01 2.845954725993072893e-07 4.434930726294537504e-08 3.289447798622526511e-07
7.663950182972913971e-01 2.817100676545425171e-07 4.111232697111347607e-08 3.228223946256559932e-07
7.654679433852408232e-01 2.776858456568387492e-07 3.796624823430381561e-08 3.156520938911425781e-07
7.645556710138142753e-01 2.725598401307277319e-07 3.492449926945783581e-08 3.074843394001855479e-07
7.636583303677736412e-01 2.663837908984547996e-07 3.199926954562227227e-08 2.983830604440770719e-07
7.627760485174338578e-01 2.592276390169529783e-07 2.920132186239932365e-08 2.884289608793523185e-07
7.619089504006690827e-01 2.511736968310525114e-07 2.653985083007096682e-08 2.777135476611234749e-07
7.610571588052204017e-01 2.423165063116790541e-07 2.402236479483243608e-08 2.663388711065115034e-07
7.602207943513081823e-01 2.327619475665528327e-07 2.165462088675758379e-08 2.544165684533103966e-07
7.593999754745509589e-01 2.226210543063323798e-07 1.944059869388062169e-08 2.420616530002130279e-07
7.585948184091948487e-01 2.120119838071458455e-07 1.738250704449898099e-08 2.293944908516448298e-07
7.578054371716528292e-01 2.010530058240565553e-07 1.548084431262518138e-08 2.165338501366817466e-07
7.570319435443603195e-01 1.898641822912682241e-07 1.373448811991299269e-08 2.035986704111812283e-07
7.562744470599448432e-01 1.785598407516182401e-07 1.214081656181277235e-08 1.907006573134310240e-07
7.555330549857159905e-01 1.672518735447482332e-07 1.069585132719358501e-08 1.779477248719418083e-07
7.548078723084756803e-01 1.560438865741007478e-07 9.394432049465614054e-09 1.654383186235663503e-07
7.540990017196504969e-01 1.450321032291430861e-07 8.230405660609169735e-09 1.532625088897522625e-07
7.534065436007505445e-01 1.342972595683853537e-07 7.196822267665125505e-09 1.414940818360504891e-07
7.527305960091541515e-01 1.239182104347675385e-07 6.286129170925325084e-09 1.302043396056928570e-07
7.520712546642227547e-01 1.139538264341006069e-07 5.490375225939910384e-09 1.194442016600405065e-07
7.514286129337455211e-01 1.044563338416180867e-07 4.801394304881748895e-09 1.092577281464998314e-07
7.508027618207184783e-01 9.546400988673248808e-08 4.210986028688775264e-09 9.967499591542126831e-08
7.501937899504572682e-01 8.700531888470956104e-08 3.711076123488274465e-09 9.071639500819782972e-08
7.496017835580475186e-01 7.909840033683802354e-08 3.293859874353174125e-09 8.239226021119119229e-08
7.490268264761332784e-01 7.175002851024756482e-08 2.951924712906228740e-09 7.470195322315379894e-08
7.484690001230450696e-01 6.496261128823826025e-08 2.678352592356341557e-09 6.764096388059460429e-08
7.479283834912712203e-01 5.872661753432862660e-08 2.466806883377303005e-09 6.119342441770593374e-08
7.474050531362713690e-01 5.303147901346090601e-08 2.311609734181396218e-09 5.534308874764230264e-08
7.468990831656362461e-01 4.785695354538580513e-08 2.207804429797893567e-09 5.006475797518369580e-08
7.464105452285926257e-01 4.318369798197363121e-08 2.151156766486375945e-09 4.533485474846000592e-08
7.459395085058576624e-01 3.898645648375575841e-08 2.138064419788649770e-09 4.112452090354440983e-08
7.454860396998428396e-01 3.523918727710380334e-08 2.165502867525180021e-09 3.740469014462898006e-08
7.450502030252074137e-01 3.191693583088578909e-08 2.231461414273406888e-09 3.414839724515919432e-08
7.446320601997661326e-01 2.899148426422629655e-08 2.336394611830500336e-09 3.132787887605679771e-08
7.442316704357485602e-01 2.644436348667203930e-08 2.485428119757782149e-09 2.892979160642982186e-08
7.438490904314152274e-01 2.425687849683754234e-08 2.689436983547521179e-09 2.694631548038506435e-08
7.434843743630275004e-01 2.241661787768361381e-08 2.961974381095697015e-09 2.537859225877930959e-08
7.431375738771771600e-01 2.090120672985529194e-08 3.310179068514949445e-09 2.421138579837024056e-08
7.428087380834714759e-01 1.966742852536659128e-08 3.721735642279211835e-09 2.338916416764580435e-08
7.424979135475799907e-01 1.864469383041221259e-08 4.154438029508098530e-09 2.279913185992031195e-08
7.422051442846401281e-01 1.771466378003170666e-08 4.536235414106461706e-09 2.225089919413816754e-08
7.419304717530238458e-01 1.675134516305200241e-08 4.779709986576440052e-09 2.153105514962844328e-08
7.416739348484675531e-01 1.561839336331764768e-08 4.807450835211101121e-09 2.042584419852875045e-08
7.414355698985636289e-01 1.422450315089696779e-08 4.578291716708332904e-09 1.880279486760529987e-08
7.412154106576165358e-01 1.253960308972915575e-08 4.103008767105963437e-09 1.664261185683512084e-08
7.410134883018626439e-01 1.060087455127951174e-08 3.442716887379483423e-09 1.404359143865899599e-08
7.408298314250554295e-01 8.518913183897090232e-09 2.691048519633780002e-09 1.120996170353087023e-08
7.406644660344169351e-01 6.443606309859555222e-09 1.947912264125397336e-09 8.391518573984953385e-09
7.405174155469540498e-01 4.526842843323502812e-09 1.295024117468779237e-09 5.821866960792282256e-09
7.403887007861432723e-01 2.908247968723187598e-09 7.810255786049260837e-10 3.689273547328113475e-09
7.402783399789815144e-01 1.666775922071939089e-09 4.188538693812840281e-10 2.085629791453223221e-09
7.401863487534052766e-01 8.192663322656220483e-10 1.930204602385460189e-10 1.012286792504168119e-09
7.401127401360771962e-01 3.225679690787751121e-10 7.172472050382314482e-11 3.942926895825982310e-10
7.400575245505418565e-01 8.894636526353709594e-11 1.880050822947822095e-11 1.077468734930153234e-10
7.400207098157495222e-01 1.226406591030197990e-11 2.442149559693754430e-12 1.470621546999573554e-11
7.400023011449489152e-01 3.979306086434183534e-12 3.016309106060312816e-14 4.009469177494787035e-12
