9.999962754992426373e-01 2.816853057287959082e-11 2.800468507914832802e-11 5.617321565202792207e-11
9.999664802015317822e-01 2.201528147421480930e-09 2.267817624796082815e-09 4.469345772217563745e-09
9.999068933838712869e-01 1.580052691383325910e-08 1.746831850767913975e-08 3.326884542151239885e-08
9.998175226013041872e-01 5.436765183668504231e-08 6.673624335178111191e-08 1.211038951884661410e-07
9.996983791851974388e-01 1.279009929187195151e-07 1.801094570744172758e-07 3.080104499931367644e-07
9.995494782418056223e-01 2.355881007201062484e-07 3.928086200875169314e-07 6.283967208076232063e-07
9.993708386503554753e-01 3.625819028200036749e-07 7.383682218387731242e-07 1.100950124658776746e-06
9.991624830606518071e-01 4.828096022655427699e-07 1.239029652861117735e-06 1.721839255126660611e-06
9.989244378902062405e-01 5.672193710068225469e-07 1.895542498758543945e-06 2.462761869765366280e-06
9.986567333208873354e-01 5.942357176960984860e-07 2.680012963770998905e-06 3.274248681467097391e-06
9.983594032950944275e-01 5.578492425284686061e-07 3.535604107460478712e-06 4.093453349988947318e-06
9.980324855114528493e-01 4.696164364684840578e-07 4.385084850725728988e-06 4.854701287194213205e-06
9.976760214200354193e-01 3.536816275564730652e-07 5.146841183073930305e-06 5.500522810630403052e-06
9.972900562171062022e-01 2.373271960276182383e-07 5.753529307844612721e-06 5.990856503872231303e-06
9.968746388393903146e-01 1.416004417646109330e-07 6.166973925749797545e-06 6.308574367514408107e-06
9.964298219578688887e-01 7.608526221248927274e-08 6.384264881889036456e-06 6.460350144101525795e-06
9.959556619711016356e-01 3.928513243081982971e-08 6.433687599970102103e-06 6.472972732400922171e-06
9.954522189980751223e-01 2.307753994721445077e-08 6.363162059550113199e-06 6.386239599497327895e-06
9.949195568705809789e-01 1.810033923665506182e-08 6.226184039875292519e-06 6.244284379111947961e-06
9.943577431251221510e-01 1.740132911709272994e-08 6.070003888885650906e-06 6.087405218002743987e-06
9.937668489943500827e-01 1.744903448688938153e-08 5.928669105401063892e-06 5.946118139887953495e-06
9.931469493980333851e-01 1.725468177946856570e-08 5.821134035969286013e-06 5.838388717748754595e-06
9.924981229335579913e-01 1.695983204032755663e-08 5.753095494619360641e-06 5.770055326659687867e-06
9.918204518659627933e-01 1.684594980525143022e-08 5.720801255832725218e-06 5.737647205637976695e-06
9.911140221175080978e-01 1.698810229929337352e-08 5.715361020292921782e-06 5.732349122592215202e-06
9.903789232567825618e-01 1.730344542936442787e-08 5.726550459129488799e-06 5.743853904558853538e-06
9.896152484873455002e-01 1.768545860737768656e-08 5.745512052974989530e-06 5.763197511582367459e-06
9.888230946359111151e-01 1.807325683223325473e-08 5.766129257256477641e-06 5.784202514088710654e-06
9.880025621400702063e-01 1.845208667214891967e-08 5.785202673186631809e-06 5.803654759858780358e-06
9.871537550355569124e-01 1.882988714125911973e-08 5.801822266246704450e-06 5.820652153387963530e-06
9.862767809430572630e-01 1.921933498093229160e-08 5.816423821985376963e-06 5.835643156966309516e-06
9.853717510545638714e-01 1.963058819350732369e-08 5.829931604532609819e-06 5.849562192726117235e-06
9.844387801192784337e-01 2.007007855268037433e-08 5.843199953472982728e-06 5.863270032025663374e-06
9.834779864290618123e-01 2.054128775248051614e-08 5.856778590750242524e-06 5.877319878502723309e-06
9.824894918034365876e-01 2.104590281309557350e-08 5.870909396286932172e-06 5.891955299100028060e-06
9.814734215741405254e-01 2.158487332422248409e-08 5.885630521550109881e-06 5.907215394874332501e-06
9.804299045692369541e-01 2.215914482159429760e-08 5.900891131790797398e-06 5.923050276612391828e-06
9.793590730967793867e-01 2.277000094708982066e-08 5.916628797382857607e-06 5.939398798329947630e-06
9.782610629280366066e-01 2.341910187441282925e-08 5.932802569177628396e-06 5.956221671052041050e-06
9.771360132802786591e-01 2.410838393716242723e-08 5.949396012928106378e-06 5.973504396865268639e-06
9.759840667991243057e-01 2.483994385763705970e-08 5.966407963514553395e-06 5.991247907372190250e-06
9.748053695404559349e-01 2.561596863081989842e-08 5.983842879020441023e-06 6.009458847651260895e-06
9.736000709519005980e-01 2.643871212181253297e-08 6.001705297203589993e-06 6.028144009325402758e-06
9.723683238538816109e-01 2.731049878480154676e-08 6.019998136486856726e-06 6.047308635271658484e-06
9.711102844202418316e-01 2.823373726477739935e-08 6.038722984872633496e-06 6.066956722137410793e-06
9.698261121584434985e-01 2.921093131931134758e-08 6.057880837315054644e-06 6.087091768634366183e-06
9.685159698893430757e-01 3.024468610089953381e-08 6.077472588924793036e-06 6.107717275025692279e-06
9.671800237265475442e-01 3.133771279252649616e-08 6.097499202960059253e-06 6.128836915752586080e-06
9.658184430553524713e-01 3.249283095202222836e-08 6.117961699537116927e-06 6.150454530489139334e-06
9.644314005112664123e-01 3.371297234241033248e-08 6.138861100474670197e-06 6.172574072817080125e-06
9.630190719581215308e-01 3.500118401101157652e-08 6.160198389890960808e-06 6.195199573901972808e-06
9.615816364657755466e-01 3.636063306498456222e-08 6.181974496931673645e-06 6.218335129996658022e-06
9.601192762874084519e-01 3.779461018417880769e-08 6.204190289673671204e-06 6.241984899857849641e-06
9.586321768364136631e-01 3.930653488910711146e-08 6.226846571269852724e-06 6.266153106158959465e-06
9.571205266628893815e-01 4.089995956280610432e-08 6.249944075213603900e-06 6.290844034776410137e-06
9.555845174297328271e-01 4.257857472217330628e-08 6.273483459790565898e-06 6.316062034512739217e-06
9.540243438883384552e-01 4.434621367280469943e-08 6.297465302461377973e-06 6.341811516134182567e-06
9.524402038539061532e-01 4.620685792487513169e-08 6.321890094529921013e-06 6.368096952454795728e-06
9.508322981803591922e-01 4.816464271153610410e-08 6.346758236164788211e-06 6.394922878876323925e-06
9.492008307348785978e-01 5.022386224379059026e-08 6.372070031681981559e-06 6.422293893925772374e-06
9.475460083720546045e-01 5.238897603126996736e-08 6.397825685012596088e-06 6.450214661043866373e-06
9.458680409076590800e-01 5.466461492689946168e-08 6.424025295294083690e-06 6.478689910220982787e-06
9.441671410920433605e-01 5.705558685322081267e-08 6.450668852560221671e-06 6.507724439413442497e-06
9.424435245831630503e-01 5.956688476574516337e-08 6.477756233467649429e-06 6.537323118233394288e-06
9.406974099192351169e-01 6.220369212402386126e-08 6.505287197002900489e-06 6.567490889126924178e-06
9.389290184910290549e-01 6.497139084715954409e-08 6.533261380141242607e-06 6.598232770988401754e-06
9.371385745137964518e-01 6.787556865313884677e-08 6.561678293419329728e-06 6.629553862072468482e-06
9.353263049988431721e-01 7.092202695692739200e-08 6.590537316362391284e-06 6.661459343319318809e-06
9.334924397247459371e-01 7.411678859779168915e-08 6.619837692726599747e-06 6.693954481324391741e-06
9.316372112082189627e-01 7.746610666168743543e-08 6.649578525530339782e-06 6.727044632192026860e-06
9.297608546746324309e-01 8.097647318545655870e-08 6.679758771840322357e-06 6.760735245025778783e-06
9.278636080281891241e-01 8.465462808150284679e-08 6.710377237254666029e-06 6.795031865336168770e-06
9.259457118217596650e-01 8.850756898021766373e-08 6.741432570130478372e-06 6.829940139110695824e-06
9.240074092263830252e-01 9.254256107913806915e-08 6.772923255414998879e-06 6.865465816494137253e-06
9.220489460004344107e-01 9.676714744859013060e-08 6.804847608158315919e-06 6.901614755606906275e-06
9.200705704584659639e-01 1.011891598513325673e-07 6.837203766656421578e-06 6.938392926507754211e-06
9.180725334397221715e-01 1.058167300479587015e-07 6.869989685198072764e-06 6.975806415246031161e-06
9.160550882763367486e-01 1.106583016501007556e-07 6.903203126393454366e-06 7.013861428043555426e-06
9.140184907612114440e-01 1.157226420432729364e-07 6.936841653133626671e-06 7.052564295176899237e-06
9.119629991155846493e-01 1.210188557168332465e-07 6.970902620062553608e-06 7.091921475779387093e-06
9.098888739562913663e-01 1.265563970308856495e-07 7.005383164690270233e-06 7.131939561721155486e-06
9.077963782627189726e-01 1.323450846214905977e-07 7.040280198006038199e-06 7.172625282627529193e-06
9.056857773434645598e-01 1.383951156361840894e-07 7.075590394677441868e-06 7.213985510313625852e-06
9.035573388026958419e-01 1.447170814177975859e-07 7.111310182782892947e-06 7.256027264200690348e-06
9.014113325062218518e-01 1.513219826471081818e-07 7.147435733110719365e-06 7.298757715757827176e-06
8.992480305472762003e-01 1.582212466984201863e-07 7.183962947961725137e-06 7.342184194660145112e-06
8.970677072120183393e-01 1.654267445296616537e-07 7.220887449503522414e-06 7.386314194033183724e-06
8.948706389447567133e-01 1.729508094379268797e-07 7.258204567641422866e-06 7.431155377079349534e-06
8.926571043128983529e-01 1.808062549217202687e-07 7.295909327417220003e-06 7.476715582338940140e-06
8.904273839716291272e-01 1.890063962734163846e-07 7.333996435892935660e-06 7.523002832166352098e-06
8.881817606283289868e-01 1.975650699718799075e-07 7.372460268553525451e-06 7.570025338525404962e-06
8.859205190067278579e-01 2.064966563856218828e-07 7.411294855182970296e-06 7.617791511568592417e-06
8.836439458108048539e-01 2.158161020771289982e-07 7.450493865244607178e-06 7.666309967321735330e-06
8.813523296884377967e-01 2.255389448036061247e-07 7.490050592685705360e-06 7.715589537489311379e-06
8.790459611948040486e-01 2.356813375571905376e-07 7.529957940212024425e-06 7.765639277769214221e-06
8.767251327555423135e-01 2.462600758864954615e-07 7.570208403012222738e-06 7.816468478898717882e-06
8.743901386296750733e-01 2.572926256198801937e-07 7.610794051848247338e-06 7.868086677468127108e-06
8.720412748722989882e-01 2.687971516354668942e-07 7.651706515595173592e-06 7.920503667230640804e-06
8.696788392970489223e-01 2.807925492127659912e-07 7.692936963123770154e-06 7.973729512336535404e-06
8.673031314383371493e-01 2.932984761046162351e-07 7.734476084544182544e-06 8.027774560648798938e-06
8.649144525133756201e-01 3.063353864672013711e-07 7.776314071768449776e-06 8.082649458235651306e-06
8.625131053839842910e-01 3.199245673303514442e-07 7.818440598396095967e-06 8.138365165726447253e-06
8.600993945181916178e-01 3.340881757615550870e-07 7.860844798833047017e-06 8.194932974594602368e-06
8.576736259516299921e-01 3.488492792698163984e-07 7.903515246686235860e-06 8.252364525956052787e-06
8.552361072487340010e-01 3.642318980745264876e-07 7.946439932352613320e-06 8.310671830427139649e-06
8.527871474637440663e-01 3.802610489183188512e-07 7.989606239779916593e-06 8.369867288698234703e-06
8.503270571015215662e-01 3.969627934231855974e-07 8.033000922370596140e-06 8.429963715793782056e-06
8.478561480781787729e-01 4.143642869797136132e-07 8.076610077962756196e-06 8.490974364942469280e-06
8.453747336815322644e-01 4.324938317373036444e-07 8.120419122892901385e-06 8.552912954630204447e-06
8.428831285313793664e-01 4.513809335604639190e-07 8.164412765059113325e-06 8.615793698619577033e-06
8.403816485396092828e-01 4.710563601140437899e-07 8.208574975921107696e-06 8.679631336035151910e-06
8.378706108701465816e-01 4.915522053858097787e-07 8.252888961471402087e-06 8.744441166857212712e-06
8.353503338987391391e-01 5.129019564136376293e-07 8.297337131982758401e-06 8.810239088396396454e-06
8.328211371725904311e-01 5.351405650764862787e-07 8.341901070619281441e-06 8.877041635695767508e-06
8.302833413698442744e-01 5.583045243972183399e-07 8.386561500770984621e-06 8.944866025168203384e-06
8.277372682589256847e-01 5.824319505785888182e-07 8.431298252018147758e-06 9.013730202596737106e-06
8.251832406577439549e-01 6.075626695012167276e-07 8.476090224733005528e-06 9.083652894234221938e-06
8.226215823927622850e-01 6.337383105858200760e-07 8.520915353179834539e-06 9.154653663765655039e-06
8.200526182579392920e-01 6.610024057372234292e-07 8.565750567017536276e-06 9.226752972754759282e-06
8.174766739735490617e-01 6.894004966987852591e-07 8.610571751131786364e-06 9.299972247830572258e-06
8.148940761448820735e-01 7.189802484928176881e-07 8.655353703695585623e-06 9.374333952188402676e-06
8.123051522208351027e-01 7.497915722770068035e-07 8.700070092311271340e-06 9.449861664588278567e-06
8.097102304523939864e-01 7.818867544350678852e-07 8.744693408093840361e-06 9.526580162528908776e-06
8.071096398510139158e-01 8.153205988461275979e-07 8.789194917575207097e-06 9.604515516421334589e-06
8.045037101469048046e-01 8.501505727802202420e-07 8.833544612280835303e-06 9.683695185061055757e-06
8.018927717472237315e-01 8.864369687451527259e-07 8.877711155756661790e-06 9.764148124501815257e-06
7.992771556941831168e-01 9.242430731882651955e-07 8.921661827932526710e-06 9.845904901120792753e-06
7.966571936230774087e-01 9.636353469351123801e-07 8.965362466611582104e-06 9.928997813546695120e-06
7.940332177202344965e-01 1.004683619123009162e-06 9.008777405875936388e-06 1.001346102499894576e-05
7.914055606808985122e-01 1.047461291997436149e-06 9.051869411281312133e-06 1.009933070327874765e-05
7.887745556670465730e-01 1.092045559437006398e-06 9.094599611601887737e-06 1.018664517103889456e-05
7.861405362651472384e-01 1.138517641086512689e-06 9.136927427086459402e-06 1.027544506817297209e-05
7.835038364438651204e-01 1.186963032061567195e-06 9.178810493944754241e-06 1.036577352600632122e-05
7.808647905117158672e-01 1.237471770089047188e-06 9.220204585053437031e-06 1.045767635514248422e-05
7.782237330746805126e-01 1.290138725415748670e-06 9.261063526842958909e-06 1.055120225225870758e-05
7.755809989937791915e-01 1.345063910988487235e-06 9.301339112283477147e-06 1.064640302327196438e-05
7.729369233426149899e-01 1.402352823614516028e-06 9.340981009921958144e-06 1.074333383353647460e-05
7.702918413648893736e-01 1.462116815294864722e-06 9.379936669145103205e-06 1.084205348443996772e-05
7.676460884318960787e-01 1.524473499971222673e-06 9.418151221581872533e-06 1.094262472155309499e-05
7.650000000000000133e-01 1.589547209852376272e-06 9.455567378692926079e-06 1.104511458854530235e-05
7.623539115681039480e-01 1.657469493184062157e-06 9.492125325561340168e-06 1.114959481874540211e-05
7.597081586351106530e-01 1.728379677829567673e-06 9.527762610731761256e-06 1.125614228856132851e-05
7.570630766573849257e-01 1.802425492970270133e-06 9.562414031831781159e-06 1.136483952480205108e-05
7.544190010062208351e-01 1.879763767374855859e-06 9.596011516565666348e-06 1.147577528394052221e-05
7.517762669253196250e-01 1.960561200871187561e-06 9.628483998276849318e-06 1.158904519914803730e-05
7.491352094882841595e-01 2.044995220676725889e-06 9.659757285092756236e-06 1.170475250576948213e-05
7.464961635561350173e-01 2.133254919821384390e-06 9.689753921139342840e-06 1.182300884096072765e-05
7.438594637348526772e-01 2.225542077617582918e-06 9.718393037963417853e-06 1.194393511558100162e-05
7.412254443329534537e-01 2.322072253160781895e-06 9.745590193752890976e-06 1.206766244691367245e-05
7.385944393191015145e-01 2.423075941919233198e-06 9.771257197541127420e-06 1.219433313946036104e-05
7.359667822797656411e-01 2.528799773044462622e-06 9.795301915108075802e-06 1.232410168815253842e-05
7.333428063769227290e-01 2.639507717899318841e-06 9.817628052926551064e-06 1.245713577082586948e-05
7.307228443058167988e-01 2.755482273825230837e-06 9.838134916296518187e-06 1.259361719012174987e-05
7.281072282527761841e-01 2.877025568354511391e-06 9.856717137893650059e-06 1.273374270624816145e-05
7.254962898530952220e-01 3.004460332159907841e-06 9.873264373114137924e-06 1.287772470527404619e-05
7.228903601489861108e-01 3.138130659792299384e-06 9.887660959347311192e-06 1.302579161913961058e-05
7.202897695476061513e-01 3.278402474692272089e-06 9.899785537284682703e-06 1.317818801197695522e-05
7.176948477791649239e-01 3.425663616875783177e-06 9.909510633931280200e-06 1.333517425080706338e-05
7.151059238551179531e-01 3.580323431337082081e-06 9.916702209066918282e-06 1.349702564040400121e-05
7.125233260264509649e-01 3.742811762344067405e-06 9.921219169476638521e-06 1.366403093182070677e-05
7.099473817420607347e-01 3.913577236106449285e-06 9.922912858335882608e-06 1.383649009444233189e-05
7.073784176072378527e-01 4.093084709101612769e-06 9.921626531009267183e-06 1.401471124011087910e-05
7.048167593422560717e-01 4.281811788610317108e-06 9.917194832350812662e-06 1.419900662096112977e-05
7.022627317410743419e-01 4.480244307800273977e-06 9.909443295098277395e-06 1.438968760289855137e-05
6.997166586301557523e-01 4.688870680716253240e-06 9.898187883667485399e-06 1.458705856438373779e-05
6.971788628274095956e-01 4.908175065717633782e-06 9.883234612006283574e-06 1.479140967772391736e-05
6.946496661012608875e-01 5.138629291518970177e-06 9.864379268616466049e-06 1.500300856013543623e-05
6.921293891298534451e-01 5.380683550567804980e-06 9.841407285626773441e-06 1.522209083619457842e-05
6.896183514603908549e-01 5.634755866734598243e-06 9.814093791872893508e-06 1.544884965860749090e-05
6.871168714686206602e-01 5.901220421121604070e-06 9.782203891921811503e-06 1.568342431304341642e-05
6.846252663184679843e-01 6.180394837488584650e-06 9.745493213531633412e-06 1.592588805102021976e-05
6.821438519218212537e-01 6.472526587437534297e-06 9.703708765266632713e-06 1.617623535270416532e-05
6.796729428984784604e-01 6.777778722475847264e-06 9.656590143125453558e-06 1.643436886560130082e-05
6.772128525362559603e-01 7.096215179110994383e-06 9.603871120376609400e-06 1.670008629948760209e-05
6.747638927512661366e-01 7.427785957002009209e-06 9.545281648090884341e-06 1.697306760509289186e-05
6.723263740483702566e-01 7.772312505342532547e-06 9.480550285086668719e-06 1.725286279042919957e-05
6.699006054818085198e-01 8.129473678440072014e-06 9.409407065264780562e-06 1.753888074370485258e-05
6.674868946160157357e-01 8.498792665439495561e-06 9.331586798057162351e-06 1.783037946349665961e-05
6.650855474866245176e-01 8.879625287214439527e-06 9.246832783781797164e-06 1.812645807099623669e-05
6.626968685616628774e-01 9.271150084661326102e-06 9.154900911000378441e-06 1.842605099566170285e-05
6.603211607029512153e-01 9.672360594749685906e-06 9.055564087664752325e-06 1.872792468241443823e-05
6.579587251277010385e-01 1.008206017741372081e-05 8.948616942753231685e-06 1.903067712016695250e-05
6.556098613703249534e-01 1.049885976331863285e-05 8.833880720429059219e-06 1.933274048374769376e-05
6.532748672444576021e-01 1.092117877036441009e-05 8.711208275591660321e-06 1.963238704595607041e-05
6.509540388051959781e-01 1.134724945092408413e-05 8.580489068279373484e-06 1.992773851920345761e-05
6.486476703115623410e-01 1.177512478698725507e-05 8.441654045351526354e-06 2.021677883233878142e-05
6.463560541891951727e-01 1.220269003011176569e-05 8.294680291782483261e-06 2.049737032189424726e-05
6.440794809932722798e-01 1.262767785158214758e-05 8.139595330966584622e-06 2.076727318254873220e-05
6.418182393716710399e-01 1.304768700171256498e-05 7.976480954184210118e-06 2.102416795589677679e-05
6.395726160283708994e-01 1.346020429902227435e-05 7.805476463553050594e-06 2.126568076257532664e-05
6.373428956871016737e-01 1.386262966978846147e-05 7.626781221005217658e-06 2.148941089079367997e-05
6.351293610552433133e-01 1.425230389384800316e-05 7.440656407383349874e-06 2.169296030123135134e-05
6.329322927879816874e-01 1.462653864851794547e-05 7.247425910759890648e-06 2.187396455927783612e-05
6.307519694527237153e-01 1.498264838457958451e-05 7.047476281217686312e-06 2.203012466579727167e-05
6.285886674937781748e-01 1.531798350333360954e-05 6.841255709653601323e-06 2.215923921298721002e-05
6.264426611973041847e-01 1.562996429631978833e-05 6.629272010666312646e-06 2.225923630698610267e-05
6.243142226565354669e-01 1.591611503242805600e-05 6.412089612944111388e-06 2.232820464537216824e-05
6.222036217372810540e-01 1.617409761565742060e-05 6.190325584376631823e-06 2.236442320003405242e-05
6.201111260437087713e-01 1.640174415061802264e-05 5.964644742426496675e-06 2.236638889304451932e-05
6.180370008844153773e-01 1.659708782966824514e-05 5.735753922224880186e-06 2.233284175189312532e-05
6.159815092387886937e-01 1.675839150300766366e-05 5.504395494745986299e-06 2.226278699775364911e-05
6.139449117236633890e-01 1.688417334772807484e-05 5.271340244667557376e-06 2.215551359239563306e-05
6.119274665602778551e-01 1.697322910485674088e-05 5.037379731458137778e-06 2.201060883631487781e-05
6.099294295415340628e-01 1.702465036888002931e-05 4.803318267869917780e-06 2.182796863674994794e-05
6.079510539995656160e-01 1.703783853427762773e-05 4.569964656793541105e-06 2.160780319107116968e-05
6.059925907736170014e-01 1.701251406215924022e-05 4.338123830809751918e-06 2.135063789296899383e-05
6.040542881782403617e-01 1.694872085525641803e-05 4.108588538704486265e-06 2.105730939396090260e-05
6.021363919718109026e-01 1.684682562398970854e-05 3.882131220057939410e-06 2.072895684404764795e-05
6.002391453253677067e-01 1.670751228806326936e-05 3.659496203161932539e-06 2.036700849122520274e-05
5.983627887917812860e-01 1.653177151807860897e-05 3.441392353412293597e-06 1.997316387149090087e-05
5.965075602752540895e-01 1.632088573131920087e-05 3.228486289135316701e-06 1.954937202045451715e-05
5.946736950011568545e-01 1.607640986697916918e-05 3.021396270089291472e-06 1.909780613706845895e-05
5.928614254862036859e-01 1.580014845713933401e-05 2.820686850665626756e-06 1.862083530780496161e-05
5.910709815089709718e-01 1.549412951037823253e-05 2.626864375297510417e-06 1.812099388567574125e-05
5.893025900807649098e-01 1.516057583424039341e-05 2.440373377985312190e-06 1.760094921222570433e-05
5.875564754168369763e-01 1.480187443243117207e-05 2.261593931056793331e-06 1.706346836348796625e-05
5.858328589079566662e-01 1.442054462176519116e-05 2.090839970586216148e-06 1.651138459235140603e-05
5.841319590923409466e-01 1.401920552436622707e-05 1.928358607316189266e-06 1.594756413168241634e-05
5.824539916279454221e-01 1.360054353668252391e-05 1.774330412853526612e-06 1.537487394953605010e-05
5.807991692651214288e-01 1.316728036228127406e-05 1.628870651593692942e-06 1.479615101387496721e-05
5.791677018196409454e-01 1.272214211447006158e-05 1.492031409827048028e-06 1.421417352429710897e-05
5.775597961460939844e-01 1.226782996252997130e-05 1.363804555344445183e-06 1.363163451787441564e-05
5.759756561116615714e-01 1.180699271241899207e-05 1.244125444274883845e-06 1.305111815669387549e-05
5.744154825702673106e-01 1.134220165194585773e-05 1.132877277480759423e-06 1.247507892942661694e-05
5.728794733371106451e-01 1.087592793611075807e-05 1.029895997272151542e-06 1.190582393338290961e-05
5.713678231635863636e-01 1.041052271452229292e-05 9.349756070020564614e-07 1.134549832152435002e-05
5.698807237125915748e-01 9.948200149348318061e-06 8.478737913774227096e-07 1.079607394072574098e-05
5.684183635342244800e-01 9.491023411454465960e-06 7.683177140610521294e-07 1.025934112551551798e-05
5.669809280418786068e-01 9.040893698745643026e-06 6.960098713203092201e-07 9.736903570065951610e-06
5.655685994887336143e-01 8.599542242109789998e-06 6.306338873860178432e-07 9.230176129495807629e-06
5.641815569446475553e-01 8.168525253738988636e-06 5.718601516169378817e-07 8.740385405355927153e-06
5.628199762734525935e-01 7.749221703666089682e-06 5.193512226026424891e-07 8.268572926268731536e-06
5.614840301106569509e-01 7.342833811535909449e-06 4.727669570286079459e-07 7.815600768564516548e-06
5.601738878415565281e-01 6.950390090818558907e-06 4.317693445887020964e-07 7.382159435407260791e-06
5.588897155797581950e-01 6.572750722146451740e-06 3.960270121786685708e-07 6.968777734325120046e-06
5.576316761461185267e-01 6.210614927616602640e-06 3.652192723615385867e-07 6.575834199978141650e-06
5.563999290480994286e-01 5.864529780552558086e-06 3.390394521720620058e-07 6.203569232724620145e-06
5.551946304595440917e-01 5.534899801837953347e-06 3.171971667630503697e-07 5.852096968601004034e-06
5.540159332008757209e-01 5.221996759845404881e-06 2.994194178970957376e-07 5.521416177742500513e-06
5.528639867197213675e-01 4.925969742685272174e-06 2.854511194917510534e-07 5.211420862177023386e-06
5.517389370719634201e-01 4.646856551407447382e-06 2.750568856992121510e-07 4.921913437106659851e-06
5.506409269032206399e-01 4.384598860740205166e-06 2.680272171994681741e-07 4.652626077939673552e-06
5.495700954307630726e-01 4.139063977068447866e-06 2.641926350823615810e-07 4.403256612150809553e-06
5.485265784258595012e-01 3.910074785179500217e-06 2.634476707772466555e-07 4.173522455956747190e-06
5.475105081965635501e-01 3.697445518047498331e-06 2.657822081375411081e-07 3.963227726185039016e-06
5.465220135709382143e-01 3.501014757696517818e-06 2.713110029060017339e-07 3.772325760602519658e-06
5.455612198807215929e-01 3.320660488924404385e-06 2.802854335330391379e-07 3.600945922457443576e-06
5.446282489454361553e-01 3.156278212490710660e-06 2.930680791107429234e-07 3.449346291601453584e-06
5.437232190569427637e-01 3.007705510533739490e-06 3.100539544832021177e-07 3.317759465016941555e-06
5.428462449644431143e-01 2.874586787093711072e-06 3.315337482252001154e-07 3.206120535318911029e-06
5.419974378599298204e-01 2.756189304533965046e-06 3.575126146214435980e-07 3.113701919155408750e-06
5.411769053640890226e-01 2.651201594043917582e-06 3.875180015904814045e-07 3.038719595634399145e-06
5.403847515126545265e-01 2.557561552858092820e-06 4.204446729680308942e-07 2.978006225826123662e-06
5.396210767432175759e-01 2.472367536440982940e-06 4.544880269991858740e-07 2.926855563440168867e-06
5.388859778824919289e-01 2.391917701762239515e-06 4.872047144333559481e-07 2.879122416195595251e-06
5.381795481340372334e-01 2.311901263964639526e-06 5.157139370665574580e-07 2.827615201031196878e-06
5.375018770664420353e-01 2.227735026366304558e-06 5.370198895309247461e-07 2.764754915897229198e-06
5.368530506019667525e-01 2.135006958927138899e-06 5.484046364504997630e-07 2.683411595377638874e-06
5.362331510056499440e-01 2.029964335695618134e-06 5.478202087030118340e-07 2.577784544398629757e-06
5.356422568748778756e-01 1.909971867193945179e-06 5.342047764777948407e-07 2.444176643671739808e-06
5.350804431294190477e-01 1.773868756803180810e-06 5.076615664712170783e-07 2.281530323274398100e-06
5.345477810019249043e-01 1.622169530312719180e-06 4.694669740029544668e-07 2.091636504315673805e-06
5.340443380288983910e-01 1.457078586760723706e-06 4.219087756605900378e-07 1.878987362421313796e-06
5.335701780421311380e-01 1.282316010382546379e-06 3.679879296881051148e-07 1.650303940070651441e-06
5.331253611606098231e-01 1.102777650947091127e-06 3.110407840098314549e-07 1.413818434956922635e-06
5.327099437828938244e-01 9.240723365636331855e-07 2.543481909993447673e-07 1.178420527562977953e-06
5.323239785799646073e-01 7.519912607131164200e-07 2.007933928685948155e-07 9.527846535817112354e-07
5.319675144885471774e-01 5.919693983412558759e-07 1.526143572943872709e-07 7.445837556356431467e-07
5.316405967049055992e-01 4.485968238511684764e-07 1.112735482075239679e-07 5.598703720586924178e-07
5.313432666791125802e-01 3.252299908758991135e-07 7.744466670528274690e-08 4.026746575811818604e-07
5.310755621097937862e-01 2.237410548540696227e-07 5.109667385372866581e-08 2.748377287077982620e-07
5.308375169393482196e-01 1.444278609501587285e-07 3.164357060520773137e-08 1.760714315553664599e-07
5.306291613496446624e-01 8.609016117071341603e-08 1.812488767758159961e-08 1.042150488482950123e-07
5.304505217581944043e-01 4.626008314686975783e-08 9.385547105119263673e-09 5.564563025198902151e-08
5.303016208148025878e-01 2.155907983136487596e-08 4.232281425050198519e-09 2.579136125641507282e-08
5.301824773986958395e-01 8.140582573628963458e-09 1.554248934128908087e-09 9.694831507757871545e-09
5.300931066161287397e-01 2.169377018926787511e-09 4.052810352053097741e-10 2.574658054132097285e-09
5.300335197984682445e-01 2.855808552546140961e-10 5.256120992559260090e-11 3.381420651802067034e-10
5.300037245007575004e-01 3.553321320818100774e-12 6.490418391647552863e-13 4.202363159982856364e-12
