3.597108904673534772e-03 -5.072379028058641898e-24
7.194217809347069545e-03 -5.317334838523509690e-23
1.079132671402060345e-02 -3.447749034659058476e-22
1.438843561869413909e-02 3.903225349812530594e-20
1.798554452336767473e-02 8.673972755595435896e-18
2.158265342804120690e-02 1.519393540707905413e-15
2.517976233271474254e-02 2.813152477946920937e-14
2.877687123738827818e-02 2.027789209506557345e-13
3.237398014206181035e-02 5.383854248698983590e-13
3.597108904673534946e-02 1.235330389227287788e-12
3.956819795140888163e-02 1.690121436797727793e-12
4.316530685608241380e-02 2.458530339103329896e-12
4.676241576075595291e-02 2.736536244307607401e-12
5.035952466542948508e-02 2.990073311465833085e-12
5.395663357010302419e-02 3.255374706591457352e-12
5.755374247477655636e-02 3.426312461315611432e-12
6.115085137945008853e-02 3.517551897201479136e-12
6.474796028412362070e-02 3.763484488760151300e-12
6.834506918879716675e-02 3.691975924685613869e-12
7.194217809347069892e-02 3.460370920606922784e-12
7.553928699814423109e-02 3.302606922824317930e-12
7.913639590281776326e-02 3.192287334265227415e-12
8.273350480749129543e-02 7.367107114147408998e-12
8.633061371216482760e-02 2.847999044649642154e-12
8.992772261683837365e-02 3.074608290966418884e-12
9.352483152151190582e-02 2.976271074705430820e-12
9.712194042618543799e-02 2.773458643897236132e-12
1.007190493308589702e-01 2.551049307875911466e-12
1.043161582355325023e-01 2.617478428297645349e-12
1.079132671402060484e-01 2.493499088905319383e-12
1.115103760448795805e-01 2.523695388268315891e-12
1.151074849495531127e-01 2.528828292963963812e-12
1.187045938542266449e-01 7.231936208674714379e-12
1.223017027589001771e-01 2.314782104494758447e-12
1.258988116635737231e-01 2.348195191463323702e-12
1.294959205682472414e-01 2.231292548038317888e-12
1.330930294729207874e-01 2.155258878107753916e-12
1.366901383775943335e-01 2.108406170025001888e-12
1.402872472822678518e-01 2.246225675869460669e-12
1.438843561869413978e-01 2.540610187345327447e-12
1.474814650916149161e-01 2.040310261866565006e-12
1.510785739962884622e-01 2.237973280286051132e-12
1.546756829009620082e-01 1.976175676731679281e-12
1.582727918056355265e-01 2.082651497035479877e-12
1.618699007103090726e-01 1.957768012473893840e-12
1.654670096149825909e-01 2.011835503830443464e-12
1.690641185196561369e-01 1.956660018825352272e-12
1.726612274243296552e-01 1.832134058884587930e-12
1.762583363290032012e-01 1.894108462647032379e-12
1.798554452336767473e-01 1.817121018200900928e-12
1.834525541383502656e-01 2.206357736025060437e-12
1.870496630430238116e-01 2.041884846165452559e-12
1.906467719476973299e-01 1.825606879703243694e-12
1.942438808523708760e-01 1.837846953914383596e-12
1.978409897570444220e-01 1.749505887209013303e-12
2.014380986617179403e-01 1.700776261055098245e-12
2.050352075663914864e-01 1.767787122893675083e-12
2.086323164710650047e-01 1.647929341700096245e-12
2.122294253757385507e-01 1.659981964097690955e-12
2.158265342804120968e-01 1.598898841151734134e-12
2.194236431850856150e-01 1.804208158895460105e-12
2.230207520897591611e-01 1.610920936351016748e-12
2.266178609944326794e-01 1.595866997157378709e-12
2.302149698991062254e-01 1.522752082122428704e-12
2.338120788037797715e-01 1.721835599284780330e-12
2.374091877084532898e-01 2.887621095359697707e-12
2.410062966131268358e-01 1.545277957290484650e-12
2.446034055178003541e-01 1.632755287795893277e-12
2.482005144224739002e-01 1.649780135415975540e-12
2.517976233271474462e-01 2.148957448691644937e-12
2.553947322318209645e-01 1.401968558757491305e-12
2.589918411364944828e-01 1.510063405767396736e-12
2.625889500411680566e-01 1.512805245288023173e-12
2.661860589458415749e-01 1.498356459105625650e-12
2.697831678505150932e-01 1.342195180090095802e-12
2.733802767551886670e-01 1.484991574337082207e-12
2.769773856598621853e-01 1.571550065953714468e-12
2.805744945645357036e-01 1.440375993255881235e-12
2.841716034692092219e-01 1.543904918484540381e-12
2.877687123738827957e-01 1.562668361593839904e-12
2.913658212785563140e-01 1.734274865530404467e-12
2.949629301832298323e-01 1.923728162603542649e-12
2.985600390879034061e-01 2.418440764424089534e-12
3.021571479925769244e-01 2.898476924911522196e-12
3.057542568972504426e-01 4.000844214830080294e-12
3.093513658019240165e-01 5.322975036185237984e-12
3.129484747065975347e-01 6.483166437863330293e-12
3.165455836112710530e-01 1.049652546669821597e-11
3.201426925159445713e-01 1.487127146635986661e-11
3.237398014206181451e-01 4.049963053068615087e-11
3.273369103252916634e-01 3.031907423200486551e-11
3.309340192299651817e-01 4.253024817366663595e-11
3.345311281346387555e-01 5.838494860406549248e-11
3.381282370393122738e-01 7.858720320643095247e-11
3.417253459439857921e-01 1.043438913567480077e-10
3.453224548486593104e-01 1.374311685625783167e-10
3.489195637533328842e-01 1.825177750866420204e-10
3.525166726580064025e-01 2.462816356645185907e-10
3.561137815626799208e-01 3.403824651438455579e-10
3.597108904673534946e-01 4.791480360324250905e-10
3.633079993720270129e-01 6.765104345807725072e-10
3.669051082767005312e-01 9.498592055202971643e-10
3.705022171813741050e-01 1.303304295049986981e-09
3.740993260860476233e-01 1.738030321179199133e-09
3.776964349907211416e-01 2.253672993793033820e-09
3.812935438953946599e-01 2.839554906603945408e-09
3.848906528000682337e-01 3.558277649803121414e-09
3.884877617047417520e-01 4.508765438976593831e-09
3.920848706094152702e-01 5.952062312447359397e-09
3.956819795140888441e-01 8.214633559437744587e-09
3.992790884187623623e-01 1.163583063609990864e-08
4.028761973234358806e-01 1.653503944648320755e-08
4.064733062281094544e-01 2.290705717040379825e-08
4.100704151327829727e-01 3.070462155204253090e-08
4.136675240374564910e-01 3.925215225904156990e-08
4.172646329421300093e-01 4.819736077882717461e-08
4.208617418468035831e-01 5.708627446838684668e-08
4.244588507514771014e-01 6.710704372812176749e-08
4.280559596561506197e-01 8.332075209057175981e-08
4.316530685608241935e-01 1.119073759945943134e-07
4.352501774654977118e-01 1.598210324910857965e-07
4.388472863701712301e-01 2.306812550756863094e-07
4.424443952748448039e-01 3.251860839695466754e-07
4.460415041795183222e-01 4.371652803132178225e-07
4.496386130841918405e-01 5.556825951639907669e-07
4.532357219888653588e-01 6.644890426131757354e-07
4.568328308935389326e-01 7.537928922575372284e-07
4.604299397982124509e-01 8.120429528281683312e-07
4.640270487028859692e-01 8.994675964003310724e-07
4.676241576075595430e-01 1.229876249831523560e-06
4.712212665122330613e-01 1.965846543694143339e-06
4.748183754169065796e-01 3.081790727842855599e-06
4.784154843215800978e-01 4.615038157012027970e-06
4.820125932262536717e-01 6.529524207141513107e-06
4.856097021309271899e-01 8.532015536425513179e-06
4.892068110356007082e-01 1.027357176578579601e-05
4.928039199402742820e-01 1.115391600639875673e-05
4.964010288449478003e-01 1.059944697170903088e-05
4.999981377496213186e-01 9.180967215674641451e-06
5.035952466542948924e-01 1.267312464200329758e-05
5.071923555589683552e-01 2.500916975334732507e-05
5.107894644636419290e-01 4.666740430165424065e-05
5.143865733683155028e-01 7.816564805729541647e-05
5.179836822729889656e-01 1.197178641805555718e-04
5.215807911776625394e-01 1.716253310463109534e-04
5.251779000823361132e-01 2.336805363373588827e-04
5.287750089870095760e-01 3.031884288721689775e-04
5.323721178916831498e-01 3.895377888404264323e-04
5.359692267963567236e-01 4.751483197262474289e-04
5.395663357010301864e-01 5.521504742497682040e-04
5.431634446057037602e-01 6.280228452310899784e-04
5.467605535103773340e-01 7.002322702008905927e-04
5.503576624150507968e-01 7.677225839087978114e-04
5.539547713197243706e-01 8.315623227275779428e-04
5.575518802243979444e-01 8.881080491461963104e-04
5.611489891290714072e-01 9.376733193190513226e-04
5.647460980337449810e-01 9.828249147984535489e-04
5.683432069384184437e-01 1.019977524074588450e-03
5.719403158430920175e-01 1.049775833730073014e-03
5.755374247477655913e-01 1.075407885646619856e-03
5.791345336524390541e-01 1.093909839607373324e-03
5.827316425571126279e-01 1.105519998546620293e-03
5.863287514617862017e-01 1.112288592801609789e-03
5.899258603664596645e-01 1.114596682702277339e-03
5.935229692711332383e-01 1.110574535330761947e-03
5.971200781758068121e-01 1.100884697759218784e-03
6.007171870804802749e-01 1.087536771436040106e-03
6.043142959851538487e-01 1.069318152055031635e-03
6.079114048898274225e-01 1.045509996262213156e-03
6.115085137945008853e-01 1.016821925656985958e-03
6.151056226991744591e-01 9.848036763186649410e-04
6.187027316038480329e-01 9.499983470782090217e-04
6.222998405085214957e-01 9.113529818130945140e-04
6.258969494131950695e-01 8.697206938705932941e-04
6.294940583178685323e-01 8.258207761366752244e-04
6.330911672225421061e-01 7.810316654088427825e-04
6.366882761272156799e-01 7.356630675456538645e-04
6.402853850318891427e-01 6.893430674480411063e-04
6.438824939365627165e-01 6.427322786935728022e-04
6.474796028412362903e-01 5.963921556563500648e-04
6.510767117459097530e-01 5.508095232721186467e-04
6.546738206505833269e-01 5.065255586668913597e-04
6.582709295552569007e-01 4.642433452806140302e-04
6.618680384599303634e-01 4.235217657383528794e-04
6.654651473646039372e-01 3.846788554851370543e-04
6.690622562692775110e-01 3.479493505626580162e-04
6.726593651739509738e-01 3.135070342479408332e-04
6.762564740786245476e-01 2.814681577110115097e-04
6.798535829832981214e-01 2.518967258557379711e-04
6.834506918879715842e-01 2.248091105334351560e-04
6.870478007926451580e-01 2.001832592253692967e-04
6.906449096973186208e-01 1.779580253591577324e-04
6.942420186019921946e-01 1.580393303730072809e-04
6.978391275066657684e-01 1.403080190871589493e-04
7.014362364113392312e-01 1.246185521876741172e-04
7.050333453160128050e-01 1.108114396802212476e-04
7.086304542206863788e-01 9.869971225920595877e-05
7.122275631253598416e-01 8.810349435353446036e-05
7.158246720300334154e-01 7.884225830723423287e-05
7.194217809347069892e-01 7.073360356370840009e-05
7.230188898393804520e-01 6.360993349012804504e-05
7.266159987440540258e-01 5.732006672977021488e-05
7.302131076487275996e-01 5.173102376489448131e-05
7.338102165534010624e-01 4.673069712189223710e-05
7.374073254580746362e-01 4.222587054916279617e-05
7.410044343627482100e-01 3.814218618221473442e-05
7.446015432674216727e-01 3.442139517054445467e-05
7.481986521720952465e-01 3.101836585089810626e-05
7.517957610767688204e-01 2.789864123306083049e-05
7.553928699814422831e-01 2.503803605180859231e-05
7.589899788861158569e-01 2.245636203776056622e-05
7.625870877907893197e-01 2.009783351264559295e-05
7.661841966954628935e-01 1.794863011172118762e-05
7.697813056001364673e-01 1.599520573664776869e-05
7.733784145048099301e-01 1.422441933121481820e-05
7.769755234094835039e-01 1.264992576563791489e-05
7.805726323141570777e-01 1.124290925622215904e-05
7.841697412188305405e-01 9.981401727984038694e-06
7.877668501235041143e-01 8.851253412436729605e-06
7.913639590281776881e-01 7.860534804936912461e-06
7.949610679328511509e-01 6.980739458699163565e-06
7.985581768375247247e-01 6.193927705702207383e-06
8.021552857421982985e-01 5.499984693073881731e-06
8.057523946468717613e-01 4.886220308073832779e-06
8.093495035515453351e-01 4.333829540563450468e-06
8.129466124562189089e-01 3.848162681151875019e-06
8.165437213608923717e-01 3.412675294762848790e-06
8.201408302655659455e-01 3.021989973013734618e-06
8.237379391702394082e-01 2.676339084421458615e-06
8.273350480749129821e-01 2.363271521993888367e-06
8.309321569795865559e-01 2.088237673943163080e-06
8.345292658842600186e-01 1.838946295804573508e-06
8.381263747889335924e-01 1.620599979367096690e-06
8.417234836936071662e-01 1.423886628268917950e-06
8.453205925982806290e-01 1.251267341486369280e-06
8.489177015029542028e-01 1.097702741774923741e-06
8.525148104076277766e-01 9.616443254882342304e-07
8.561119193123012394e-01 8.430143927532805084e-07
8.597090282169748132e-01 7.375617889773255892e-07
8.633061371216483870e-01 6.447247119601537821e-07
8.669032460263218498e-01 5.639323322685993193e-07
8.705003549309954236e-01 4.924479245815255258e-07
8.740974638356689974e-01 4.294200649801432323e-07
8.776945727403424602e-01 3.739554604592185321e-07
8.812916816450160340e-01 3.255598001757024007e-07
8.848887905496896078e-01 2.830125711673961039e-07
8.884858994543630706e-01 2.455934054052648535e-07
8.920830083590366444e-01 2.127424164112523766e-07
8.956801172637101072e-01 1.839593110832314720e-07
8.992772261683836810e-01 1.587836609690566047e-07
9.028743350730572548e-01 1.367956945214948438e-07
9.064714439777307176e-01 1.176197361550502799e-07
9.100685528824042914e-01 1.009815816961395857e-07
9.136656617870778652e-01 8.661637064592825906e-08
9.172627706917513279e-01 7.413128043134927892e-08
9.208598795964249017e-01 6.326470211476061159e-08
9.244569885010984756e-01 5.395522149837740767e-08
9.280540974057719383e-01 4.588552595510675668e-08
9.316512063104455121e-01 3.893397250653436546e-08
9.352483152151190859e-01 3.292756735141986115e-08
9.388454241197925487e-01 2.779927499211417086e-08
9.424425330244661225e-01 2.337469119803585305e-08
9.460396419291396963e-01 1.958166189092794561e-08
9.496367508338131591e-01 1.634418615996176880e-08
9.532338597384867329e-01 1.358998058211170147e-08
9.568309686431601957e-01 1.125164216357174390e-08
9.604280775478337695e-01 9.263447609889687401e-09
9.640251864525073433e-01 7.597940664667031981e-09
9.676222953571808061e-01 6.183392303502012220e-09
9.712194042618543799e-01 4.990796838859411983e-09
9.748165131665279537e-01 3.988435177182990066e-09
9.784136220712014165e-01 3.149171375619350468e-09
9.820107309758749903e-01 2.469640780281713650e-09
9.856078398805485641e-01 1.933414142789538074e-09
9.892049487852220269e-01 1.501251656897501445e-09
9.928020576898956007e-01 1.096056655611891893e-09
9.963991665945691745e-01 6.191114291645609260e-10
