1.538452126102838768e+00 4.781275979455948169e-06
1.538376829359449971e+00 4.654301153125986735e-06
1.538226247212084896e+00 4.405966958865253085e-06
1.538000402337861061e+00 4.046446744978998213e-06
1.537699328748185712e+00 3.590496021654515529e-06
1.537323071783634143e+00 3.058995060083131766e-06
1.536871688107121159e+00 2.481533062104759503e-06
1.536345245695368122e+00 1.897434213532787907e-06
1.535743823828666033e+00 1.352073402069114304e-06
1.535067513078935519e+00 8.877943212430917211e-07
1.534316415296087976e+00 5.326315568587803465e-07
1.533490643592686720e+00 2.926015421149671944e-07
1.532590322326913057e+00 1.521020981734570804e-07
1.531615587083837493e+00 8.236742653907366719e-08
1.530566584655002726e+00 5.322054199284627422e-08
1.529443473016316002e+00 4.203198422515124745e-08
1.528246421304258584e+00 3.654212494524148458e-08
1.526975609790415467e+00 3.247353622800904811e-08
1.525631229854326198e+00 2.934381858059871000e-08
1.524213483954664161e+00 2.739524541309948722e-08
1.522722585598746958e+00 2.648326098137105893e-08
1.521158759310383024e+00 2.618378973769279298e-08
1.519522240596059115e+00 2.613183932846984482e-08
1.517813275909474013e+00 2.614430270497632974e-08
1.516032122614423550e+00 2.616454705924390389e-08
1.514179048946042494e+00 2.618261092880501666e-08
1.512254333970408871e+00 2.619716709660506044e-08
1.510258267542518462e+00 2.620800986126598437e-08
1.508191150262633284e+00 2.621615098962189735e-08
1.506053293431012019e+00 2.622317895413061830e-08
1.503845019001030181e+00 2.623029460311540561e-08
1.501566659530694015e+00 2.623800836050090396e-08
1.499218558132559220e+00 2.624634405295743561e-08
1.496801068422059622e+00 2.625513572101953064e-08
1.494314554464253320e+00 2.626421937831530465e-08
1.491759390718995881e+00 2.627350234507705467e-08
1.489135961984549228e+00 2.628295547358985867e-08
1.486444663339630878e+00 2.629258162440979702e-08
1.483685900083917097e+00 2.630238992336647563e-08
1.480860087677007275e+00 2.631238527278720015e-08
1.477967651675855087e+00 2.632256749979138138e-08
1.475009027670683315e+00 2.633293395688478594e-08
1.471984661219384538e+00 2.634348149105801810e-08
1.468895007780421924e+00 2.635420719500655100e-08
1.465740532644238536e+00 2.636510830452623102e-08
1.462521710863186941e+00 2.637618203791183403e-08
1.459239027179987547e+00 2.638742546552706760e-08
1.455892975954728330e+00 2.639883548548123575e-08
1.452484061090416168e+00 2.641040877766134321e-08
1.449012795957090649e+00 2.642214187318623621e-08
1.445479703314512587e+00 2.643403106702276271e-08
1.441885315233437881e+00 2.644607249482753605e-08
1.438230173015490720e+00 2.645826203740707786e-08
1.434514827111644575e+00 2.647059542853406440e-08
1.430739837039325835e+00 2.648306812704945769e-08
1.426905771298154546e+00 2.649567542696680952e-08
1.423013207284328008e+00 2.650841240951456953e-08
1.419062731203669214e+00 2.652127393022800789e-08
1.415054937983344585e+00 2.653425468140956045e-08
1.410990431182271188e+00 2.654734913424179644e-08
1.406869822900223221e+00 2.656055158864182890e-08
1.402693733685650868e+00 2.657385616203930269e-08
1.398462792442229041e+00 2.658725679786287391e-08
1.394177636334146486e+00 2.660074728169516963e-08
1.389838910690150975e+00 2.661432122725085890e-08
1.385447268906365270e+00 2.662797211920037872e-08
1.381003372347888503e+00 2.664169328693270140e-08
1.376507890249196286e+00 2.665547792335661052e-08
1.371961499613357116e+00 2.666931910207288112e-08
1.367364885110077477e+00 2.668320977739093915e-08
1.362718738972594545e+00 2.669714277510762401e-08
1.358023760893426246e+00 2.671111082674049167e-08
1.353280657919001762e+00 2.672510656393361867e-08
1.348490144343182928e+00 2.673912250614968726e-08
1.343652941599692952e+00 2.675315109633570397e-08
1.338769778153472867e+00 2.676718468420324752e-08
1.333841389390975518e+00 2.678121554475324147e-08
1.328868517509420588e+00 2.679523586905452492e-08
1.323851911405022008e+00 2.680923778073813502e-08
1.318792326560206174e+00 2.682321333958025635e-08
1.313690524929840731e+00 2.683715453294679105e-08
1.308547274826484808e+00 2.685105330600544587e-08
1.303363350804685794e+00 2.686490153434120654e-08
1.298139533544333091e+00 2.687869106083733356e-08
1.292876609733091708e+00 2.689241367871054624e-08
1.287575371947929259e+00 2.690606114716307986e-08
1.282236618535756323e+00 2.691962519425241673e-08
1.276861153493199508e+00 2.693309753075139219e-08
1.271449786345521415e+00 2.694646984501254124e-08
1.266003332024710160e+00 2.695973382780819991e-08
1.260522610746752870e+00 2.697288115671023179e-08
1.255008447888114276e+00 2.698590354173354980e-08
1.249461673861438138e+00 2.699879269723436879e-08
1.243883123990490169e+00 2.701154037503691302e-08
1.238273638384361774e+00 2.702413838024398429e-08
1.232634061810951476e+00 2.703657856085119647e-08
1.226965243569747344e+00 2.704885284874794944e-08
1.221268037363925307e+00 2.706095325137931282e-08
1.215543301171783552e+00 2.707287188009024985e-08
1.209791897117535431e+00 2.708460096213734522e-08
1.204014691341476428e+00 2.709613285788507940e-08
1.198212553869546060e+00 2.710746007096258417e-08
1.192386358482305786e+00 2.711857529458193203e-08
1.186536982583350275e+00 2.712947138957134920e-08
1.180665307067174208e+00 2.714014146547390535e-08
1.174772216186512841e+00 2.715057885737553110e-08
1.168858597419176082e+00 2.716077719949433384e-08
1.162925341334398510e+00 2.717073043832560943e-08
1.156973341458721993e+00 2.718043290165720661e-08
1.151003494141434658e+00 2.718987932658027457e-08
1.145016698419583978e+00 2.719906495172530777e-08
1.139013855882584192e+00 2.720798555311965779e-08
1.132995870536441352e+00 2.721663754677141900e-08
1.126963648667612672e+00 2.722501805435005076e-08
1.120918098706523258e+00 2.723312499198121176e-08
1.114860131090759987e+00 2.724095714002762066e-08
1.108790658127962958e+00 2.724851424203283078e-08
1.102710593858434951e+00 2.725579702661854389e-08
1.096620853917490646e+00 2.726280728934777698e-08
1.090522355397565590e+00 2.726954786545480861e-08
1.084416016710104680e+00 2.727602263635018677e-08
1.078302757447253457e+00 2.728223645275096033e-08
1.072183498243370448e+00 2.728819501085248906e-08
1.066059160636383396e+00 2.729390475789898722e-08
1.059930666929008725e+00 2.729937262315024238e-08
1.053798940049856636e+00 2.730460591474635103e-08
1.047664903414440740e+00 2.730961203081215664e-08
1.041529480786115514e+00 2.731439834403665912e-08
1.035393596136961136e+00 2.731897212688985238e-08
1.029258173508635910e+00 2.732334053201237301e-08
1.023124136873220014e+00 2.732751091108543404e-08
1.016992409994067925e+00 2.733149124349786436e-08
1.010863916286693476e+00 2.733529097374146550e-08
1.004739578679706424e+00 2.733892217475613103e-08
9.986203194758234147e-01 2.734240117779905115e-08
9.925070602129721919e-01 2.734575058447342160e-08
9.864007215255110594e-01 2.734900175864878077e-08
9.803022230055860042e-01 2.735219764325474245e-08
9.742124830646419209e-01 2.735539586732847801e-08
9.681324187951139137e-01 2.735867194338816089e-08
9.620629458323166627e-01 2.736212227414134942e-08
9.560049782165533916e-01 2.736586679392079381e-08
9.499594282554639779e-01 2.737005069442609392e-08
9.439272063866352980e-01 2.737484500583240964e-08
9.379092210404924579e-01 2.738044539182771102e-08
9.319063785034926717e-01 2.738706883908241229e-08
9.259195827816419921e-01 2.739494762937272163e-08
9.199497354643548785e-01 2.740432030928102895e-08
9.139977355886783617e-01 2.741541919472600124e-08
9.080644795039005679e-01 2.742845429122858015e-08
9.021508607365640309e-01 2.744359355356244463e-08
8.962577698559024419e-01 2.746093962859271958e-08
8.903860943397263750e-01 2.748050349659664008e-08
8.845367184407708638e-01 2.750217568134654626e-08
8.787105230535305900e-01 2.752569587620401071e-08
8.729083855816002213e-01 2.755062221481953791e-08
8.671311798055412190e-01 2.757630159813326686e-08
8.613797757512930975e-01 2.760184253058604442e-08
8.556550395591515645e-01 2.762609237226327585e-08
8.499578333533293062e-01 2.764762053899184844e-08
8.442890151121253961e-01 2.766470951921700534e-08
8.386494385387150974e-01 2.767535514846492935e-08
8.330399529325864805e-01 2.767727753081200903e-08
8.274614030616385119e-01 2.766794351091284842e-08
8.219146290349623740e-01 2.764460131564785904e-08
8.164004661763237802e-01 2.760432726847822506e-08
8.109197448983664902e-01 2.754408428446015529e-08
8.054732905775554563e-01 2.746079067815522012e-08
8.000619234298773641e-01 2.735139805489406690e-08
7.946864583873205490e-01 2.721297557189318601e-08
7.893477049751476127e-01 2.704279813192659698e-08
7.840464671899848303e-01 2.683843527591615667e-08
7.787835433787435591e-01 2.659783727890829439e-08
7.735597261183910778e-01 2.631941506096199244e-08
7.683758020965919533e-01 2.600211043945192498e-08
7.632325519932360303e-01 2.564545348478212631e-08
7.581307503628704758e-01 2.524960445725164254e-08
7.530711655180548636e-01 2.481537816919666648e-08
7.480545594136561727e-01 2.434424962304195932e-08
7.430816875321013537e-01 2.383834058547026234e-08
7.381532987696040049e-01 2.330038755823694260e-08
7.332701353233835873e-01 2.273369270423166073e-08
7.284329325798937216e-01 2.214205959699060425e-08
7.236424190040748883e-01 2.152971661464659317e-08
7.188993160296505147e-01 2.090123061985595815e-08
7.142043379504821043e-01 2.026141410231622803e-08
7.095581918129990617e-01 1.961522831985647947e-08
7.049615773097197557e-01 1.896768510869128138e-08
7.004151866738804744e-01 1.832374933592997989e-08
6.959197045751882582e-01 1.768824370543388103e-08
6.914758080167114906e-01 1.706575756833405136e-08
6.870841662329258970e-01 1.646056066481709510e-08
6.827454405889301636e-01 1.587652349519160155e-08
6.784602844808476085e-01 1.531704551956833751e-08
6.742293432374257822e-01 1.478499290925642974e-08
6.700532540228534284e-01 1.428264800849590743e-08
6.659326457408054623e-01 1.381167222563453523e-08
6.618681389397321757e-01 1.337308489304711414e-08
6.578603457194075466e-01 1.296725970593368878e-08
6.539098696387486420e-01 1.259394012095383247e-08
6.500173056249222148e-01 1.225227447777460252e-08
6.461832398837508151e-01 1.194087040586488349e-08
6.424082498114322970e-01 1.165786696640775181e-08
6.386929039075858183e-01 1.140102226555283215e-08
6.350377616896387689e-01 1.116781286140270315e-08
6.314433736085641735e-01 1.095554066455426996e-08
6.279102809659860007e-01 1.076144290007908188e-08
6.244390158326604823e-01 1.058280000935480423e-08
6.210301009683483198e-01 1.041703719532329140e-08
6.176840497430892141e-01 1.026181566173220981e-08
6.144013660598898197e-01 1.011511032432316187e-08
6.111825442788381135e-01 9.975272224674078753e-09
6.080280691426548367e-01 9.841074227424628003e-09
6.049384157036920007e-01 9.711741293720315906e-09
6.019140492523933350e-01 9.586967890103668832e-09
5.989554252472215623e-01 9.466928103872464149e-09
5.960629892460694856e-01 9.352280374040301336e-09
5.932371768391594413e-01 9.244157914035723684e-09
5.904784135834457715e-01 9.144117829821373353e-09
5.877871149385274219e-01 9.054024131071711870e-09
5.851636862040807685e-01 8.975897969502695549e-09
5.826085224588235523e-01 8.911902896606041034e-09
5.801220085010170280e-01 8.864779898610402370e-09
5.777045187905174295e-01 8.839031666597777627e-09
5.753564173923826353e-01 8.842777747085723224e-09
5.730780579220464688e-01 8.889426392885978385e-09
5.708697834920646308e-01 8.997465404291234898e-09
5.687319266604433654e-01 9.186439505907406109e-09
5.666648093805581876e-01 9.468218255383334507e-09
5.646687429526677793e-01 9.835058903202647096e-09
5.627440279770341558e-01 1.024887764083155279e-08
5.608909543086531002e-01 1.063796400961377677e-08
5.591098010136026364e-01 1.090657516474633479e-08
5.574008363270176458e-01 1.095898314186573530e-08
5.557643176126937368e-01 1.073377016055323218e-08
5.542004913243296915e-01 1.023889153875928474e-08
5.527095929684124886e-01 9.575743643121992572e-09
5.512918470687504513e-01 8.942543620423937521e-09
5.499474671326611830e-01 8.613174003721551728e-09
5.486766556188180655e-01 8.895126994680565621e-09
5.474796039067607589e-01 1.007649185087989599e-08
5.463564922680739233e-01 1.237490687637046422e-08
5.453074898392391567e-01 1.590026119237992020e-08
5.443327545961635927e-01 2.063844010430065651e-08
5.434324333303899301e-01 2.645736893935253207e-08
5.426066616269886733e-01 3.313100550950511996e-08
5.418555638441411304e-01 4.037341489263101372e-08
5.411792530944106172e-01 4.787418552555193369e-08
5.405778312277085274e-01 5.532814363600395298e-08
5.400513888159554909e-01 6.245544146377648963e-08
5.396000051394425068e-01 6.901166780110493411e-08
5.392237481748909378e-01 7.479022232889558245e-08
5.389226745852156997e-01 7.962065400602692822e-08
5.386968297109917536e-01 8.336615054829995958e-08
5.385462475636266788e-01 8.592254998783598815e-08
5.384709508202378814e-01 8.721899061769407688e-08
