1.999999999999998224e+01 3.977984988252751352e-12 1.550542656662182261e-09 1.554520641650435717e-09
1.999999669469308117e+01 3.969170955711320120e-12 1.550542733363946129e-09 1.554511904319658162e-09
1.999997025250005578e+01 3.899200386711476356e-12 1.550475304254868961e-09 1.554374504641580561e-09
1.999991736951240284e+01 3.762119761509340945e-12 1.549981056335248906e-09 1.553743176096759014e-09
1.999983804852681502e+01 3.563513925649912206e-12 1.548358225624914552e-09 1.551921739550563873e-09
1.999973229373816608e+01 3.311423664864946261e-12 1.544597495780032899e-09 1.547908919444898147e-09
1.999960011073926935e+01 3.015954288015812886e-12 1.537435834481465262e-09 1.540451788769482090e-09
1.999944150652058639e+01 2.688775526251125642e-12 1.525430290994171859e-09 1.528119066520422656e-09
1.999925648946986456e+01 2.342533282453363404e-12 1.507051589155477889e-09 1.509394122437931683e-09
1.999904506937167525e+01 1.990200588086592705e-12 1.480795387679260247e-09 1.482785588267346135e-09
1.999880725740692000e+01 1.644401745540971979e-12 1.445306460623773586e-09 1.446950862369314891e-09
1.999854306615221589e+01 1.316749357489268676e-12 1.399508147787984510e-09 1.400824897145472744e-09
1.999825250957925249e+01 1.017237580241982511e-12 1.342726744599097663e-09 1.343743982179339157e-09
1.999793560305403517e+01 7.537354367942414324e-13 1.274798610216363765e-09 1.275552345653158570e-09
1.999759236333608214e+01 5.316204462957711847e-13 1.196147200805436089e-09 1.196678821251731024e-09
1.999722280857753276e+01 3.535846925616954524e-13 1.107818370719317278e-09 1.108171955411879524e-09
1.999682695832219892e+01 2.196328619725188592e-13 1.011465280072349236e-09 1.011684912934323050e-09
1.999640483350450992e+01 1.272755646253519811e-13 9.092789534770789995e-10 9.094062290417050808e-10
1.999595645644842890e+01 7.190295269318140515e-14 8.038664810393713315e-10 8.039383839920651819e-10
1.999548185086625907e+01 4.730539775285606096e-14 6.980852864090281428e-10 6.981325918067809430e-10
1.999498104185738612e+01 4.629221969664884820e-14 5.948478714262384520e-10 5.948941636459351615e-10
1.999445405590696723e+01 6.134854607221339543e-14 4.969160100540052639e-10 4.969773586000773603e-10
1.999390092088451354e+01 8.526620393169411296e-14 4.067056702487981746e-10 4.067909364527296711e-10
1.999332166604242289e+01 1.116881152372798248e-13 3.261234597575056068e-10 3.262351478727429866e-10
1.999271632201443438e+01 1.355168488627693204e-13 2.564520188552341769e-10 2.565875357040968820e-10
1.999208492081400834e+01 1.531554283909437034e-13 1.982959010186856047e-10 1.984490564470768989e-10
1.999142749583263168e+01 1.625697916262071029e-13 1.515919180257167858e-10 1.517544878173429840e-10
1.999074408183804863e+01 1.631843361966441105e-13 1.156798223080944654e-10 1.158430066442909671e-10
1.999003471497243112e+01 1.556414905694051813e-13 8.942181763039340963e-11 8.957745912096272063e-11
1.998929943275044963e+01 1.414703649169268435e-13 7.135387672300086502e-11 7.149534708791780358e-11
1.998853827405731920e+01 1.227163475316566453e-13 5.984901932992552510e-11 5.997173567745714830e-11
1.998775127914671401e+01 1.015823927374450525e-13 5.327290176778131065e-11 5.337448416051878183e-11
1.998693848963864994e+01 8.012444555964672106e-14 5.011508690746459548e-11 5.019521135302420636e-11
1.998609994851728544e+01 6.002990565615295142e-14 4.908451527866926642e-11 4.914454518432539703e-11
1.998523570012864425e+01 4.249195331451080205e-14 4.916396625896029993e-11 4.920645821227479938e-11
1.998434579017827772e+01 2.817685303122912078e-14 4.962454885363306728e-11 4.965272570666436574e-11
1.998343026572883829e+01 1.726855728689868605e-14 5.000647087986548563e-11 5.002373943715235103e-11
1.998248917519759260e+01 9.566773137905166528e-15 5.007577953837066600e-11 5.008534631150854803e-11
1.998152256835386353e+01 4.611777050283759487e-15 4.976813178098539946e-11 4.977274355803562208e-11
1.998053049631640121e+01 1.811253275173843446e-15 4.913004973337372191e-11 4.913186098664889536e-11
1.997951301155067227e+01 5.500352152492952648e-16 4.826600070371231563e-11 4.826655073892754711e-11
1.997847016786608521e+01 2.711352525104021377e-16 4.729667276678839412e-11 4.729694390204091714e-11
1.997740202041316238e+01 5.241070604457577737e-16 4.633069310734938275e-11 4.633121721440984307e-11
1.997630862568058774e+01 9.831733160158630797e-16 4.544934409357324106e-11 4.545032726688927872e-11
1.997519004149226163e+01 1.441806068262582934e-15 4.470194847669628178e-11 4.470339028276455496e-11
1.997404632700420990e+01 1.792323429111803439e-15 4.410865276983541894e-11 4.411044509326452527e-11
1.997287754270147175e+01 1.998855691197043067e-15 4.366725145637916295e-11 4.366925031207038077e-11
1.997168375039489518e+01 2.070372989790326697e-15 4.336123078476295090e-11 4.336330115775273118e-11
1.997046501321786849e+01 2.038113163087998501e-15 4.316707530437035019e-11 4.316911341753342752e-11
1.996922139562299137e+01 1.939384294991914951e-15 4.305979800154293500e-11 4.306173738583790450e-11
1.996795296337864656e+01 1.807817967591895422e-15 4.301642509523378360e-11 4.301823291320138395e-11
1.996665978356553595e+01 1.668941625940706139e-15 4.301768524144764104e-11 4.301935418307356393e-11
1.996534192457313850e+01 1.539422187027481859e-15 4.304840609088839563e-11 4.304994551307541860e-11
1.996399945609607585e+01 1.428356618093421424e-15 4.309715857213486334e-11 4.309858692875297284e-11
1.996263244913043522e+01 1.339331816425991990e-15 4.315559089625201274e-11 4.315693022806844313e-11
1.996124097597002489e+01 1.272437830643442306e-15 4.321774043559462362e-11 4.321901287342525499e-11
1.995982511020253014e+01 1.225842882741381862e-15 4.327946337433381848e-11 4.328068921721657071e-11
1.995838492670563724e+01 1.196844876977286218e-15 4.333801343725898005e-11 4.333921028213596398e-11
1.995692050164307219e+01 1.182484381105363179e-15 4.339174133203702036e-11 4.339292381641811932e-11
1.995543191246056836e+01 1.179862324247927606e-15 4.343986809184277665e-11 4.344104795416698675e-11
1.995391923788177024e+01 1.186293394175089901e-15 4.348229291750081871e-11 4.348347921089500907e-11
1.995238255790407322e+01 1.199383677126579975e-15 4.351941393142919557e-11 4.352061331510631220e-11
1.995082195379438872e+01 1.217077167560043325e-15 4.355195731113822909e-11 4.355317438830577086e-11
1.994923750808485607e+01 1.237684875942427015e-15 4.358082097750225957e-11 4.358205866237821888e-11
1.994762930456846917e+01 1.259895338885283998e-15 4.360694243934322152e-11 4.360820233468207197e-11
1.994599742829463906e+01 1.282762643834916419e-15 4.363119838763833747e-11 4.363248115028215396e-11
1.994434196556471761e+01 1.305671720778734160e-15 4.365433896291395479e-11 4.365564463463475724e-11
1.994266300392741087e+01 1.328285580247614703e-15 4.367695470954832139e-11 4.367828299512854806e-11
1.994096063217416059e+01 1.350482442578198165e-15 4.369947057436481952e-11 4.370082105680736906e-11
1.993923494033444754e+01 1.372291411504878988e-15 4.372215944418480685e-11 4.372353173559628157e-11
1.993748601967103085e+01 1.393833938710784631e-15 4.374516750586274888e-11 4.374656133980142983e-11
1.993571396267511275e+01 1.415275798318188349e-15 4.376854467005029530e-11 4.376995994584857336e-11
1.993391886306146432e+01 1.436791594003521881e-15 4.379227487717856144e-11 4.379371166877255395e-11
1.993210081576344805e+01 1.458541593849672319e-15 4.381630284380021046e-11 4.381776138539408144e-11
1.993025991692802279e+01 1.480659201978155721e-15 4.384055540157228750e-11 4.384203606077425831e-11
1.992839626391062779e+01 1.503246633948413443e-15 4.386495686400890581e-11 4.386646011064284960e-11
1.992650995527006685e+01 1.526376214532919260e-15 4.388943876982895768e-11 4.389096514604349775e-11
1.992460109076327157e+01 1.550094965360753392e-15 4.391394490886665176e-11 4.391549500383202967e-11
1.992266977134003625e+01 1.574430611811154741e-15 4.393843278987165062e-11 4.394000722048346371e-11
1.992071609913767816e+01 1.599397670936897499e-15 4.396287273070567136e-11 4.396447212837657548e-11
1.991874017747563741e+01 1.625002788684800320e-15 4.398724561631651996e-11 4.398887061910521824e-11
1.991674211085000223e+01 1.651248918231370062e-15 4.401154014875392085e-11 4.401319139767218349e-11
1.991472200492800937e+01 1.678138248022558039e-15 4.403575016466674079e-11 4.403742830291479296e-11
1.991267996654241301e+01 1.705673995022496771e-15 4.405987236191847052e-11 4.406157803591355263e-11
1.991061610368588575e+01 1.733861289707728514e-15 4.408390458459477228e-11 4.408563844588446047e-11
1.990853052550525959e+01 1.762707414727657283e-15 4.410784467638415818e-11 4.410960738379890799e-11
1.990642334229578836e+01 1.792221643274049117e-15 4.413168982614484628e-11 4.413348204778813101e-11
1.990429466549530346e+01 1.822414877971085521e-15 4.415543628872832463e-11 4.415725870360627812e-11
1.990214460767830928e+01 1.853299234821096700e-15 4.417907935726697841e-11 4.418093265650182375e-11
1.989997328255004660e+01 1.884887662265350734e-15 4.420261347781165515e-11 4.420449836547393238e-11
1.989778080494047074e+01 1.917193640214801336e-15 4.422603242254557913e-11 4.422794961618581559e-11
1.989556729079818354e+01 1.950230971216437284e-15 4.424932946550808039e-11 4.425127969647928775e-11
1.989333285718429067e+01 1.984013655591112212e-15 4.427249752947030295e-11 4.427448154312590602e-11
1.989107762226622711e+01 2.018555832297918062e-15 4.429552929160907904e-11 4.429754784744133930e-11
1.988880170531149005e+01 2.053871764842809270e-15 4.431841724825093076e-11 4.432047112001576012e-11
1.988650522668135068e+01 2.089975853548438396e-15 4.434115374587855410e-11 4.434324372173206437e-11
1.988418830782447344e+01 2.126882659838830860e-15 4.436373098814258988e-11 4.436585787080242526e-11
1.988185107127049633e+01 2.164606932939345081e-15 4.438614102831505466e-11 4.438830563524796788e-11
1.987949364062356494e+01 2.203163633641068590e-15 4.440837575479222505e-11 4.441057891842587441e-11
1.987711614055576348e+01 2.242567952889593598e-15 4.443042687493208430e-11 4.443266944288497690e-11
1.987471869680056713e+01 2.282835325056815230e-15 4.445228590032677861e-11 4.445456873565185571e-11
1.987230143614614519e+01 2.323981436812340173e-15 4.447394413490830924e-11 4.447626811634512645e-11
1.986986448642869263e+01 2.366022232904916514e-15 4.449539266614236120e-11 4.449775868837525934e-11
1.986740797652565504e+01 2.408973920102752150e-15 4.451662235893176250e-11 4.451903133285184469e-11
1.986493203634890037e+01 2.452852970302163573e-15 4.453762385160082593e-11 4.454007670457112072e-11
1.986243679683787633e+01 2.497676123450079125e-15 4.455838755332242316e-11 4.456088522944585875e-11
1.985992238995266490e+01 2.543460390697973130e-15 4.457890364246724895e-11 4.458144710285794898e-11
1.985738894866700477e+01 2.590223057906459352e-15 4.459916206551173588e-11 4.460175228856966284e-11
1.985483660696127473e+01 2.637981689578468245e-15 4.461915253628504214e-11 4.462179051797462151e-11
1.985226549981538824e+01 2.686754133140048379e-15 4.463886453544328779e-11 4.464155128957642659e-11
1.984967576320166671e+01 2.736558523533523659e-15 4.465828731013268543e-11 4.466102386865621747e-11
1.984706753407764523e+01 2.787413288026268700e-15 4.467740987383576862e-11 4.468019728712381765e-11
1.984444095037883571e+01 2.839337151243659950e-15 4.469622100641002384e-11 4.469906034356127799e-11
1.984179615101141891e+01 2.892349140326920830e-15 4.471470925432591165e-11 4.471760160346623586e-11
1.983913327584491171e+01 2.946468590275779254e-15 4.473286293110432894e-11 4.473580939969459249e-11
1.983645246570475962e+01 3.001715149422322561e-15 4.475067011794617095e-11 4.475367183309559376e-11
1.983375386236490456e+01 3.058108785070585035e-15 4.476811866453714564e-11 4.477117677332218937e-11
1.983103760854027087e+01 3.115669789305340169e-15 4.478519619001041164e-11 4.478831185979971300e-11
1.982830384787921574e+01 3.174418784973163189e-15 4.480189008404366529e-11 4.480506450282864336e-11
1.982555272495595844e+01 3.234376731856925429e-15 4.481818750806889875e-11 4.482142188480073412e-11
1.982278438526289932e+01 3.295564933054352822e-15 4.483407539657378772e-11 4.483737096150683171e-11
1.981999897520295661e+01 3.358005041554476067e-15 4.484954045847372565e-11 4.485289846351527492e-11
1.981719664208180376e+01 3.421719067043130895e-15 4.486456917853581511e-11 4.486799089760287204e-11
1.981437753410008895e+01 3.486729382937930483e-15 4.487914781883721305e-11 4.488263454822014802e-11
1.981154180034558721e+01 3.553058733658073078e-15 4.489326242024162887e-11 4.489681547897527407e-11
1.980868959078533464e+01 3.620730242141498536e-15 4.490689880387900829e-11 4.491051953412117692e-11
1.980582105625767753e+01 3.689767417639986595e-15 4.492004257261457386e-11 4.492373234003221776e-11
1.980293634846430351e+01 3.760194163766214552e-15 4.493267911249385131e-11 4.493643930665765840e-11
1.980003561996222317e+01 3.832034786844303938e-15 4.494479359415245672e-11 4.494862562893931316e-11
1.979711902415569824e+01 3.905314004550479858e-15 4.495637097417916094e-11 4.496027628818373811e-11
1.979418671528812368e+01 3.980056954881610898e-15 4.496739599642266694e-11 4.497137605337757101e-11
1.979123884843388481e+01 4.056289205427249072e-15 4.497785319323227730e-11 4.498190948243770497e-11
1.978827557949013283e+01 4.134036763028970494e-15 4.498772688662476175e-11 4.499186092338779775e-11
1.978529706516856734e+01 4.213326083756973025e-15 4.499700118936943070e-11 4.500121451545316811e-11
1.978230346298713371e+01 4.294184083309921469e-15 4.500566000598524334e-11 4.500995419006855380e-11
1.977929493126168481e+01 4.376638147790395473e-15 4.501368703364285451e-11 4.501806367179063397e-11
1.977627162909762859e+01 4.460716144910238219e-15 4.502106576296749691e-11 4.502552647911238201e-11
1.977323371638150462e+01 4.546446435646822753e-15 4.502777947873633960e-11 4.503232592517196582e-11
1.977018135377251795e+01 4.633857886364018909e-15 4.503381126046786064e-11 4.503844511835423085e-11
1.976711470269406234e+01 4.722979881414780325e-15 4.503914398289717868e-11 4.504386696277860099e-11
1.976403392532516534e+01 4.813842336299179478e-15 4.504376031633631595e-11 4.504857415867262172e-11
1.976093918459192977e+01 4.906475711328410987e-15 4.504764272691389969e-11 4.505254920262524534e-11
1.975783064415889356e+01 5.000911025902000180e-15 4.505077347669400479e-11 4.505577438771988432e-11
1.975470846842040373e+01 5.097179873399583993e-15 4.505313462366910976e-11 4.505823180354254090e-11
1.975157282249189095e+01 5.195314436696063170e-15 4.505470802162697239e-11 4.505990333606371415e-11
1.974842387220116890e+01 5.295347504400410498e-15 4.505547531988763800e-11 4.506077066739208754e-11
1.974526178407963783e+01 5.397312487803107261e-15 4.505541796290903588e-11 4.506081527539684994e-11
1.974208672535348796e+01 5.501243438601335812e-15 4.505451718975901182e-11 4.506001843319760300e-11
1.973889886393486748e+01 5.607175067460839596e-15 4.505275403345144463e-11 4.505836120851889539e-11
1.973569836841297942e+01 5.715142763427242008e-15 4.505010932014375812e-11 4.505582446290716059e-11
1.973248540804518925e+01 5.825182614299672211e-15 4.504656366819366384e-11 4.505238885080798399e-11
1.972926015274805067e+01 5.937331427953307798e-15 4.504209748707242018e-11 4.504803481850037120e-11
1.972602277308834218e+01 6.051626754759939251e-15 4.503669097613133809e-11 4.504274260288611098e-11
1.972277344027402890e+01 6.168106911095346503e-15 4.503032412321788852e-11 4.503649223012895980e-11
1.971951232614521743e+01 6.286811004059641424e-15 4.502297670313865220e-11 4.502926351414269783e-11
1.971623960316506441e+01 6.407778957483021302e-15 4.501462827596360587e-11 4.502103605492109005e-11
1.971295544441066383e+01 6.531051539272863529e-15 4.500525818516838443e-11 4.501178923670767806e-11
1.970966002356388458e+01 6.656670390247905141e-15 4.499484555560792117e-11 4.500150222599819063e-11
1.970635351490217957e+01 6.784678054502754141e-15 4.498336929131692921e-11 4.499015396937143051e-11
1.970303609328939132e+01 6.915118011461856883e-15 4.497080807312987025e-11 4.497772319114133523e-11
1.969970793416648291e+01 7.048034709696359751e-15 4.495714035611369617e-11 4.496418839082338103e-11
1.969636921354226899e+01 7.183473602661664120e-15 4.494234436680495590e-11 4.494952784040764626e-11
1.969302010798410763e+01 7.321481186467268450e-15 4.492639810024301521e-11 4.493371958142948695e-11
1.968966079460856378e+01 7.462105039830838429e-15 4.490927931678952144e-11 4.491674142182935242e-11
1.968629145107203371e+01 7.605393866370166598e-15 4.489096553872334031e-11 4.489857093258970153e-11
1.968291225556136226e+01 7.751397539384907149e-15 4.487143404659943616e-11 4.487918544413882854e-11
1.967952338678440682e+01 7.900167149330804229e-15 4.485066187535967547e-11 4.485856204250901625e-11
1.967612502396059782e+01 8.051755054114563400e-15 4.482862581018096180e-11 4.483667756523508376e-11
1.967271734681146000e+01 8.206214932487004288e-15 4.480530238204620708e-11 4.481350859697867854e-11
1.966930053555109126e+01 8.363601840638758154e-15 4.478066786302209965e-11 4.478903146486272579e-11
1.966587477087665903e+01 8.523972272337313539e-15 4.475469826122635000e-11 4.476322223349870287e-11
1.966244023395881513e+01 8.687384222696078476e-15 4.472736931546518228e-11 4.473605669968788839e-11
1.965899710643214249e+01 8.853897255948200812e-15 4.469865648952186538e-11 4.470751038677777381e-11
1.965554557038552730e+01 9.023572577377082795e-15 4.466853496607387235e-11 4.467755853865127797e-11
1.965208580835254182e+01 9.196473109706455743e-15 4.463697964021670882e-11 4.464617611332641127e-11
1.964861800330178454e+01 9.372663574203412677e-15 4.460396511256882626e-11 4.461333777614298927e-11
1.964514233862721326e+01 9.552210576784493059e-15 4.456946568193308887e-11 4.457901789250988078e-11
1.964165899813843197e+01 9.735182699356091560e-15 4.453345533748654063e-11 4.454319052018588765e-11
1.963816816605098126e+01 9.921650596738418001e-15 4.449590775046941802e-11 4.450582940106617730e-11
1.963467002697659680e+01 1.011168709937752698e-14 4.445679626534382354e-11 4.446690795244322297e-11
1.963116476591343229e+01 1.030536732219261537e-14 4.441609389039030421e-11 4.442639925771252477e-11
1.962765256823630011e+01 1.050276877975348836e-14 4.437377328770809099e-11 4.438427605648784666e-11
1.962413361968684100e+01 1.070397150813714362e-14 4.432980676258595071e-11 4.434051073409407744e-11
1.962060810636371855e+01 1.090905819358999410e-14 4.428416625220761638e-11 4.429507531040119079e-11
1.961707621471277818e+01 1.111811430834135954e-14 4.423682331365536130e-11 4.424794142796371603e-11
1.961353813151716707e+01 1.133122825364167426e-14 4.418774911117444196e-11 4.419908033942812177e-11
1.960999404388748957e+01 1.154849151026675071e-14 4.413691440266031434e-11 4.414846289417054676e-11
1.960644413925187735e+01 1.176999879655077371e-14 4.408428952533103208e-11 4.409605952412759017e-11
1.960288860534609867e+01 1.199584823400822493e-14 4.402984438054654350e-11 4.404184022878056013e-11
1.959932763020362856e+01 1.222614152058025219e-14 4.397354841773677268e-11 4.398577455925737253e-11
1.959576140214569051e+01 1.246098411134190530e-14 4.391537061740215308e-11 4.392783160151348117e-11
1.959219010977131248e+01 1.270048540661393117e-14 4.385527947315120671e-11 4.386797995855779556e-11
1.958861394194735439e+01 1.294475894711198765e-14 4.379324297274072438e-11 4.380618773168784963e-11
1.958503308779850016e+01 1.319392261581046302e-14 4.372922857808918864e-11 4.374242250070495332e-11
1.958144773669727812e+01 1.344809884603338053e-14 4.366320320423329895e-11 4.367665130307930952e-11
1.957785807825402813e+01 1.370741483505832989e-14 4.359513319720659015e-11 4.360884061204163143e-11
1.957426430230689363e+01 1.397200276252085565e-14 4.352498431081923832e-11 4.353895631358175715e-11
1.957066659891176741e+01 1.424200001254626224e-14 4.345272168232704714e-11 4.346696368233959186e-11
1.956706515833223392e+01 1.451754939853382027e-14 4.337830980698380499e-11 4.339282735638235464e-11
1.956346017102953283e+01 1.479879938913577832e-14 4.330171251147854454e-11 4.331651131086768419e-11
1.955985182765246222e+01 1.508590433387807735e-14 4.322289292626968578e-11 4.323797883060355698e-11
1.955624031902731019e+01 1.537902468653521909e-14 4.314181345683717515e-11 4.315719248152374571e-11
1.955262583614775451e+01 1.567832722420403285e-14 4.305843575388740114e-11 4.307411408111160825e-11
1.954900857016476223e+01 1.598398525960594553e-14 4.297272068255762843e-11 4.298870466781723638e-11
1.954538871237649644e+01 1.629617884403515358e-14 4.288462829068157556e-11 4.290092446952560873e-11
1.954176645421817327e+01 1.661509495786379214e-14 4.279411777619677984e-11 4.281073287115464668e-11
1.953814198725195794e+01 1.694092768540363584e-14 4.270114745378790580e-11 4.271808838147330995e-11
1.953451550315683249e+01 1.727387837037850736e-14 4.260567472088534398e-11 4.262294859925573117e-11
1.953088719371844562e+01 1.761415574813361330e-14 4.250765602315555886e-11 4.252527017890371240e-11
1.952725725081898389e+01 1.796197605020557002e-14 4.240704681964607603e-11 4.242500879569627954e-11
1.952362586642702169e+01 1.831756307660730294e-14 4.230380154777056491e-11 4.232211911084717570e-11
1.951999323258735686e+01 1.868114823087663172e-14 4.219787358834869646e-11 4.221655473657956385e-11
1.951635954141087126e+01 1.905297051249342362e-14 4.208921523094136241e-11 4.210826820145383378e-11
1.951272498506436293e+01 1.943327646110086718e-14 4.197777763975310785e-11 4.199721091621419348e-11
1.950908975576038173e+01 1.982232004653235817e-14 4.186351082040550736e-11 4.188333314045202384e-11
1.950545404574707220e+01 2.022036249847738704e-14 4.174636358791583385e-11 4.176658395041432923e-11
1.950181804729799495e+01 2.062767206930478379e-14 4.162628353625155165e-11 4.164691120832084908e-11
1.949818195270196952e+01 2.104452372342892351e-14 4.150321700986392324e-11 4.152426153358739440e-11
1.949454595425289227e+01 2.147119874635487504e-14 4.137710907764143594e-11 4.139858027638779182e-11
1.949091024423958274e+01 2.190798426657767832e-14 4.124790350975726859e-11 4.126981149402382796e-11
1.948727501493560155e+01 2.235517268330544420e-14 4.111554275792321077e-11 4.113789793060651412e-11
1.948364045858909321e+01 2.281306099316056392e-14 4.097996793959721460e-11 4.100278100059035176e-11
1.948000676741260762e+01 2.328195000901918122e-14 4.084111882672589951e-11 4.086440077673490781e-11
1.947637413357294278e+01 2.376214346440657088e-14 4.069893383963948118e-11 4.072269598310389396e-11
1.947274274918098058e+01 2.425394699710711153e-14 4.055335004674676801e-11 4.057760399374385549e-11
1.946911280628151886e+01 2.475766700611521856e-14 4.040430317071041343e-11 4.042906083771652490e-11
1.946548449684313198e+01 2.527360937645325870e-14 4.025172760180790542e-11 4.027700121118438946e-11
1.946185801274800653e+01 2.580207806709342083e-14 4.009555641921133071e-11 4.012135849727841276e-11
1.945823354578179121e+01 2.634337355791159143e-14 3.993572142093725821e-11 3.996206479449520330e-11
1.945461128762346803e+01 2.689779115242921450e-14 3.977215316323678905e-11 3.979905095438925043e-11
1.945099142983520224e+01 2.746561913419749747e-14 3.960478101020604982e-11 3.963224662934023298e-11
1.944737416385220996e+01 2.804713677561470863e-14 3.943353319440370040e-11 3.946158033117930953e-11
1.944375968097265428e+01 2.864261219942668253e-14 3.925833688926326829e-11 3.928697950146268675e-11
1.944014817234750225e+01 2.925230009431926199e-14 3.907911829407910643e-11 3.910837059417340200e-11
1.943653982897043164e+01 2.987643928768222895e-14 3.889580273233195031e-11 3.892567917161966758e-11
1.943293484166773055e+01 3.051525018007957927e-14 3.870831476409793584e-11 3.873883001427798075e-11
1.942933340108819706e+01 3.116893204785524126e-14 3.851657831325218191e-11 3.854774724530005229e-11
1.942573569769307085e+01 3.183766022188746163e-14 3.832051681014132897e-11 3.835235447036325040e-11
1.942214192174593634e+01 3.252158315270164392e-14 3.812005335034806859e-11 3.815257493350076520e-11
1.941855226330268636e+01 3.322081937380574764e-14 3.791511087011200810e-11 3.794833168948580285e-11
1.941496691220146431e+01 3.393545437746894259e-14 3.770561233890417368e-11 3.773954779328164656e-11
1.941138605805261008e+01 3.466553741889090349e-14 3.749148096957130155e-11 3.752614650699016772e-11
1.940780989022865199e+01 3.541107826714164203e-14 3.727264044637773900e-11 3.730805152464483944e-11
1.940423859785427396e+01 3.617204392293724790e-14 3.704901517117386480e-11 3.708518721509678150e-11
1.940067236979633591e+01 3.694835532573190355e-14 3.682053052780891505e-11 3.685747888313463181e-11
1.939711139465386580e+01 3.773988407415107037e-14 3.658711316478807225e-11 3.662485304886223925e-11
1.939355586074808713e+01 3.854644918608878422e-14 3.634869129604379529e-11 3.638723774522989485e-11
1.939000595611247491e+01 3.936781392607847256e-14 3.610519501955419144e-11 3.614456283348024639e-11
1.938646186848279385e+01 4.020368272954151369e-14 3.585655665339520859e-11 3.589676033612475529e-11
1.938292378528718629e+01 4.105369825450528010e-14 3.560271108865946012e-11 3.564376478691397799e-11
1.937939189363624592e+01 4.191743859291311981e-14 3.534359615851488168e-11 3.538551359710779692e-11
1.937586638031312347e+01 4.279441467419771375e-14 3.507915302251138972e-11 3.512194743718559780e-11
1.937234743176366436e+01 4.368406789470885063e-14 3.480932656507271821e-11 3.485301063296745202e-11
1.936883523408653218e+01 4.458576800665695173e-14 3.453406580693984227e-11 3.457865157494647841e-11
1.936532997302336767e+01 4.549881130034264136e-14 3.425332432815582022e-11 3.429882313945618203e-11
1.936183183394898322e+01 4.642241911296997380e-14 3.396706070100987087e-11 3.401348312012284049e-11
1.935834100186153250e+01 4.735573669656460586e-14 3.367523893118429709e-11 3.372259466788086387e-11
1.935485766137275121e+01 4.829783247638292649e-14 3.337782890517890262e-11 3.342612673765528216e-11
1.935138199669817993e+01 4.924769772951723718e-14 3.307480684192281669e-11 3.312405453965235243e-11
1.934791419164742265e+01 5.020424671151142974e-14 3.276615574632716881e-11 3.281635999303868882e-11
1.934445442961443717e+01 5.116631725627781507e-14 3.245186586238042956e-11 3.250303217963672935e-11
1.934100289356782199e+01 5.213267187194279520e-14 3.213193512325190374e-11 3.218406779512383627e-11
1.933755976604114935e+01 5.310199935176359990e-14 3.180636959574157978e-11 3.185947159509333169e-11
1.933412522912330545e+01 5.407291691606037384e-14 3.147518391630069844e-11 3.152925683321675325e-11
1.933069946444887321e+01 5.504397289683697622e-14 3.113840171575311844e-11 3.119344568864993783e-11
1.932728265318850447e+01 5.601364997267262619e-14 3.079605602976518725e-11 3.085206967973786643e-11
1.932387497603936666e+01 5.698036895700445888e-14 3.044818969205379361e-11 3.050517006101080327e-11
1.932047661321555765e+01 5.794249313800269843e-14 3.009485570728089990e-11 3.015279820041888326e-11
1.931708774443860221e+01 5.889833316348394792e-14 2.973611760056452507e-11 2.979501593372801004e-11
1.931370854892793076e+01 5.984615245906523804e-14 2.937204974054201697e-11 2.943189589300109669e-11
1.931033920539140070e+01 6.078417316276206751e-14 2.900273763294910503e-11 2.906352180611185818e-11
1.930697989201585685e+01 6.171058255394570608e-14 2.862827818173313490e-11 2.868998876428706505e-11
1.930363078645769548e+01 6.262353994947769595e-14 2.824877991479700369e-11 2.831140345474648623e-11
1.930029206583348156e+01 6.352118403487467460e-14 2.786436317157831291e-11 2.792788435561319516e-11
1.929696390671057316e+01 6.440164059324587084e-14 2.747516024979792031e-11 2.753956189039115832e-11
1.929364648509778490e+01 6.526303059043531521e-14 2.708131550887219889e-11 2.714657853946262251e-11
1.929033997643607989e+01 6.610347856996034290e-14 2.668298542766842868e-11 2.674908890623837853e-11
1.928704455558930064e+01 6.692112130761785033e-14 2.628033861449252450e-11 2.634725973580013739e-11
1.928376039683490006e+01 6.771411667169557264e-14 2.587355576743511851e-11 2.594126988410682569e-11
1.928048767385474704e+01 6.848065263143383961e-14 2.546282958346148354e-11 2.553131023609289663e-11
1.927722655972593557e+01 6.921895635352437258e-14 2.504836461491423723e-11 2.511758357126778181e-11
1.927397722691162230e+01 6.992730332413887976e-14 2.463037707240079680e-11 2.470030437572492180e-11
1.927073984725191380e+01 7.060402643175720921e-14 2.420909457336297848e-11 2.427969859979471990e-11
1.926751459195477523e+01 7.124752494514040069e-14 2.378475583596405822e-11 2.385600336090920087e-11
1.926430163158698505e+01 7.185627331957908098e-14 2.335761031828781713e-11 2.342946659160741499e-11
1.926110113606509699e+01 7.242882976439522652e-14 2.292791780320878410e-11 2.300034663297317162e-11
1.925791327464647651e+01 7.296384450509768026e-14 2.249594792967181846e-11 2.256891177417691210e-11
1.925473821592032664e+01 7.346006767409351182e-14 2.206197967150298640e-11 2.213543973917705890e-11
1.925157612779879557e+01 7.391635676560304088e-14 2.162630076525780450e-11 2.170021712202342465e-11
1.924842717750807353e+01 7.433168359206329910e-14 2.118920708900087709e-11 2.126353877259292803e-11
1.924529153157956074e+01 7.470514068208894348e-14 2.075100199428971644e-11 2.082570713497180454e-11
1.924216935584107091e+01 7.503594706268500067e-14 2.031199559401093183e-11 2.038703154107362007e-11
1.923906081540803470e+01 7.532345337248487660e-14 1.987250400907559251e-11 1.994782746244808996e-11
1.923596607467479913e+01 7.556714625624949607e-14 1.943284857732761347e-11 1.950841572358387138e-11
1.923288529730590213e+01 7.576665199590973598e-14 1.899335502834450540e-11 1.906912168034040041e-11
1.922981864622744652e+01 7.592173933809778410e-14 1.855435262811084322e-11 1.863027436744894813e-11
1.922676628361845985e+01 7.603232148385423300e-14 1.811617329782316338e-11 1.819220561930700051e-11
1.922372837090233588e+01 7.609845721180080273e-14 1.767915071132769712e-11 1.775524916853949346e-11
1.922070506873827966e+01 7.612035111267294144e-14 1.724361937590720350e-11 1.731973972701988025e-11
1.921769653701283076e+01 7.609835291958725414e-14 1.680991370130829915e-11 1.688601205422788756e-11
1.921470293483139713e+01 7.603295592540876167e-14 1.637836706203862359e-11 1.645440001796401934e-11
1.921172442050983165e+01 7.592479448601854296e-14 1.594931085806197216e-11 1.602523565254799053e-11
1.920876115156607966e+01 7.577464061571930240e-14 1.552307357907451364e-11 1.559884821969023041e-11
1.920581328471184079e+01 7.558339968882277019e-14 1.509997987755786901e-11 1.517556327724668220e-11
1.920288097584426623e+01 7.535210526919296067e-14 1.468034965577517263e-11 1.475570176104437137e-11
1.919996438003774131e+01 7.508191309778252455e-14 1.426449717180062214e-11 1.433957908489840434e-11
1.919706365153566097e+01 7.477409427571780522e-14 1.385273016955636900e-11 1.392750426383208937e-11
1.919417894374229050e+01 7.443002768875485353e-14 1.344534903767167563e-11 1.351977906536041019e-11
1.919131040921462983e+01 7.405119172625808155e-14 1.304264600177755144e-11 1.311669719350381990e-11
1.918845819965437727e+01 7.363915535555735283e-14 1.264490435461518320e-11 1.271854350997074306e-11
1.918562246589987552e+01 7.319556861940028836e-14 1.225239772805882189e-11 1.232559329667822368e-11
1.918280335791816071e+01 7.272215263086270194e-14 1.186538941085069461e-11 1.193811156348155441e-11
1.918000102479700786e+01 7.222068914622062210e-14 1.148413171550802658e-11 1.155635240465424915e-11
1.917721561473706515e+01 7.169300980140873146e-14 1.110886539750231226e-11 1.118055840730371850e-11
1.917444727504400959e+01 7.114098510257570307e-14 1.073981912942721571e-11 1.081096011452978720e-11
1.917169615212074874e+01 7.056651326484882736e-14 1.037720903247244533e-11 1.044777554573729313e-11
1.916896239145969361e+01 6.997150899607171596e-14 1.002123826710488542e-11 1.009120977610095846e-11
1.916624613763505991e+01 6.935789232456106260e-14 9.672096684434604017e-12 9.741454576759161608e-12
1.916354753429520485e+01 6.872757756994064619e-14 9.329960539310352895e-12 9.398688116880290841e-12
1.916086672415505276e+01 6.808246255627389781e-14 8.994992265757339023e-12 9.063074728313608768e-12
1.915820384898854556e+01 6.742441816471014757e-14 8.667340314937802927e-12 8.734764733102520193e-12
1.915555904962112876e+01 6.675527832020809739e-14 8.347139055397859348e-12 8.413894333718061867e-12
1.915293246592231924e+01 6.607683050289329609e-14 8.034508734967588918e-12 8.100585565470487755e-12
1.915032423679829776e+01 6.539080686946228818e-14 7.729555503321164754e-12 7.794946310190626348e-12
1.914773450018457623e+01 6.469887606392171963e-14 7.432371493898623130e-12 7.497070369962543878e-12
1.914516339303868975e+01 6.400263578993422694e-14 7.143034963653929218e-12 7.207037599443865818e-12
1.914261105133295970e+01 6.330360620906088779e-14 6.861610488940571145e-12 6.924914095149630354e-12
1.914007761004729957e+01 6.260322422074845514e-14 6.588149215773324031e-12 6.650752439994075061e-12
1.913756320316208814e+01 6.190283867099391597e-14 6.322689162695316319e-12 6.384592001366315271e-12
1.913506796365106410e+01 6.120370652675840700e-14 6.065255574480476673e-12 6.126459281007238159e-12
1.913259202347431298e+01 6.050699004387924391e-14 5.815861324829319053e-12 5.876368314873199117e-12
1.913013551357127184e+01 5.981375494496933974e-14 5.574507365948837814e-12 5.634321120893805172e-12
1.912769856385381928e+01 5.912496961313421188e-14 5.341183222302219004e-12 5.400308191915352989e-12
1.912528130319939734e+01 5.844150529454093598e-14 5.115867524730035264e-12 5.174309030024576390e-12
1.912288385944420099e+01 5.776413728907207516e-14 4.898528579491134439e-12 4.956292716780209758e-12
1.912050635937639953e+01 5.709354709314372108e-14 4.689124964557543670e-12 4.746218511650689777e-12
1.911814892872946814e+01 5.643032544185898906e-14 4.487606142915546918e-12 4.544036468357405333e-12
1.911581169217549103e+01 5.577497618033350717e-14 4.293913080085605749e-12 4.349688056265935855e-12
1.911349477331861380e+01 5.512792087758830360e-14 4.107978851274058247e-12 4.163106772151646551e-12
1.911119829468847442e+01 5.448950408326455657e-14 3.929729223451189136e-12 3.984218727534454166e-12
1.910892237773373736e+01 5.385999912033787594e-14 3.759083200348392482e-12 3.812943199468731475e-12
1.910666714281567380e+01 5.323961431153210411e-14 3.595953525028992777e-12 3.649193139340526055e-12
1.910443270920178094e+01 5.262849955488378662e-14 3.440247146230042749e-12 3.492875645784925766e-12
1.910221919505949373e+01 5.202675320208169448e-14 3.291865671467589530e-12 3.343892424669670581e-12
1.910002671744991787e+01 5.143442924996159588e-14 3.150705851404544641e-12 3.202140280654507796e-12
1.909785539232165519e+01 5.085154493485691904e-14 3.016660164439605538e-12 3.067511709374463625e-12
1.909570533450466101e+01 5.027808891289674762e-14 2.889617594676655528e-12 2.939895683589552484e-12
1.909357665770417611e+01 4.971403031193913261e-14 2.769464715706690135e-12 2.819178746018629255e-12
1.909146947449470488e+01 4.915932903570589227e-14 2.656087201085999533e-12 2.705246530121705678e-12
1.908938389631407873e+01 4.861394777152949543e-14 2.549371873488613332e-12 2.597985821260142303e-12
1.908732003345755146e+01 4.807786617725230705e-14 2.449209371951128447e-12 2.497287238128381177e-12
1.908527799507195866e+01 4.755109767723293582e-14 2.355497455523847863e-12 2.403048553201081045e-12
1.908325788914996224e+01 4.703370916233467227e-14 2.268144869803906709e-12 2.315178578966241596e-12
1.908125982252432706e+01 4.652584364811637730e-14 2.187075582030422371e-12 2.233601425678537821e-12
1.907928390086228632e+01 4.602774559530632429e-14 2.112233047400848590e-12 2.158260792996153703e-12
1.907733022865992822e+01 4.553978814464318276e-14 2.043584016195624021e-12 2.089123804340266818e-12
1.907539890923669290e+01 4.506250098923796539e-14 1.981121245568624891e-12 2.026183746557862667e-12
1.907349004472989762e+01 4.459659704199515651e-14 1.924864363005707483e-12 1.969460960047705259e-12
1.907160373608933668e+01 4.414299551015461086e-14 1.874858064197129091e-12 1.919001059707282761e-12
1.906974008307194168e+01 4.370283853108090772e-14 1.831166839601253178e-12 1.874869678132334143e-12
1.906789918423651642e+01 4.327749822583617480e-14 1.793865530718471787e-12 1.837143028944307065e-12
1.906608113693850015e+01 4.286857096153422379e-14 1.763025231312976480e-12 1.805893802274510874e-12
1.906428603732485172e+01 4.247785583688222637e-14 1.738694372564556757e-12 1.781172228401438618e-12
1.906251398032893363e+01 4.210731495913583815e-14 1.720875253965994711e-12 1.762982568925131761e-12
1.906076505966551693e+01 4.175901397156874397e-14 1.709496779752772896e-12 1.751255793724341192e-12
1.905903936782580388e+01 4.143504249825158529e-14 1.704384696826080061e-12 1.745819739324331671e-12
1.905733699607255360e+01 4.113741563498261765e-14 1.705231156818711971e-12 1.746368572453694267e-12
1.905565803443524686e+01 4.086795923993828751e-14 1.711565887561618085e-12 1.752433846801556151e-12
1.905400257170532541e+01 4.062818344334826490e-14 1.722731601404013464e-12 1.763359784847362183e-12
1.905237069543149531e+01 4.041915036148165867e-14 1.737866437518643379e-12 1.778285587880125000e-12
1.905076249191510840e+01 4.024134332353612762e-14 1.755896190733757027e-12 1.796137534057293729e-12
1.904917804620557575e+01 4.009454586321134688e-14 1.775538794710946215e-12 1.815633340574157492e-12
1.904761744209589125e+01 3.997773917645043241e-14 1.795322996724176945e-12 1.835300735900626582e-12
1.904608076211819423e+01 3.988902662810101721e-14 1.813622401737895029e-12 1.853511428365996084e-12
1.904456808753939612e+01 3.982559316619023941e-14 1.828705114509099525e-12 1.868530707675288054e-12
1.904307949835689229e+01 3.978370619641112192e-14 1.838798130159888773e-12 1.878581836356299725e-12
1.904161507329432723e+01 3.975876264200113296e-14 1.842164492325478125e-12 1.881923254967478053e-12
1.904017488979743788e+01 3.974538468434344183e-14 1.837190139739605088e-12 1.876935524423949199e-12
1.903875902402993958e+01 3.973756418819257571e-14 1.822476385668614106e-12 1.862213949856806733e-12
1.903736755086952925e+01 3.972885323659527286e-14 1.796933203348638486e-12 1.836662056585234883e-12
1.903600054390388863e+01 3.971259570500770011e-14 1.759867995168900614e-12 1.799580590873910207e-12
1.903465807542682597e+01 3.968219256100474132e-14 1.711064355329557875e-12 1.750746547890563437e-12
1.903334021643442853e+01 3.963139172339423433e-14 1.650845522896130150e-12 1.690476914619525028e-12
1.903204703662131791e+01 3.955459196143910881e-14 1.580117766131668278e-12 1.619672358093106485e-12
1.903077860437697311e+01 3.944714952013778613e-14 1.500389814794057317e-12 1.539836964314195394e-12
1.902953498678209598e+01 3.930567593957562841e-14 1.413765615360138966e-12 1.453071291299714045e-12
1.902831624960506929e+01 3.912831586381745876e-14 1.322909055003910089e-12 1.362037370867727383e-12
1.902712245729849272e+01 3.891499444171353061e-14 1.230980798717780515e-12 1.269895793159494084e-12
1.902595367299575457e+01 3.866762511081993655e-14 1.141548916734090064e-12 1.180216541844910373e-12
1.902480995850770285e+01 3.839027001414189971e-14 1.058476451099649908e-12 1.096866721113791662e-12
1.902369137431937673e+01 3.808924691103425027e-14 9.857903903990905390e-13 1.023879637310124758e-12
1.902259797958680210e+01 3.777317809863630418e-14 9.275376104494204115e-13 9.653107885480565200e-13
1.902152983213387927e+01 3.745297847232076184e-14 8.876341320877491647e-13 9.250871105600698129e-13
1.902048698844929220e+01 3.714178135603854364e-14 8.697144998272242748e-13 9.068562811832628310e-13
1.901946950368356326e+01 3.685480209449318178e-14 8.769881732311565932e-13 9.138429753256502357e-13
1.901847743164610094e+01 3.660914061396058326e-14 9.121095442825219320e-13 9.487186848964822123e-13
1.901751082480237187e+01 3.642352524609283397e-14 9.770675679283683294e-13 1.013491093174460595e-12
1.901656973427112618e+01 3.631800110849309135e-14 1.073100057820751737e-12 1.109418058929244892e-12
1.901565420982168675e+01 3.631356729555833782e-14 1.200636510033526973e-12 1.236950077329085280e-12
1.901476429987132022e+01 3.643176809471555598e-14 1.359271942099595786e-12 1.395703710194311715e-12
1.901390005148267903e+01 3.669424445040045463e-14 1.547772749761651975e-12 1.584466994212052563e-12
1.901306151036131453e+01 3.712225296051174545e-14 1.764114070376089630e-12 1.801236323336601186e-12
1.901224872085325046e+01 3.773616080927458923e-14 2.005546680758767781e-12 2.043282841568041714e-12
1.901146172594264527e+01 3.855492618397726335e-14 2.268690124586047571e-12 2.307245050770025036e-12
1.901070056724951129e+01 3.959557483446035813e-14 2.549647627690877893e-12 2.589243202525339002e-12
1.900996528502753335e+01 4.087268444647747865e-14 2.844137473824788590e-12 2.885010158271267053e-12
1.900925591816191584e+01 4.239788931838244631e-14 3.147634918600169844e-12 3.190032807918553445e-12
1.900857250416733280e+01 4.417941837473467041e-14 3.455518438093160099e-12 3.499697856467891304e-12
1.900791507918595613e+01 4.622167972731620346e-14 3.763214145511002341e-12 3.809435825238320898e-12
1.900728367798553009e+01 4.852490474230995042e-14 4.066332550840553190e-12 4.114857455582862724e-12
1.900667833395754158e+01 5.108486384073814985e-14 4.360792454038345270e-12 4.411877317879082864e-12
1.900609907911545093e+01 5.389266502921455274e-14 4.642927606948350786e-12 4.696820271977568002e-12
1.900554594409299725e+01 5.693464445080039577e-14 4.909572796061648965e-12 4.966507440512446937e-12
1.900501895814257836e+01 6.019235609128895186e-14 5.158127123055762367e-12 5.218319479147050637e-12
1.900451814913370541e+01 6.364266526960849985e-14 5.386593424939365329e-12 5.450236090208973462e-12
1.900404354355153558e+01 6.725794775786530361e-14 5.593593913693444753e-12 5.660851861451308580e-12
1.900359516649545455e+01 7.100639344506288193e-14 5.778363164874504985e-12 5.849369558319568423e-12
1.900317304167776555e+01 7.485241050672383001e-14 5.940720492996281989e-12 6.015572903503004923e-12
1.900277719142243171e+01 7.875712316746868649e-14 6.081024477872321700e-12 6.159781601039789806e-12
1.900240763666388233e+01 8.267895349532713819e-14 6.200112923769409699e-12 6.282791877264734893e-12
1.900206439694592930e+01 8.657427531950889698e-14 6.299231830522874370e-12 6.385806105842379897e-12
1.900174749042071198e+01 9.039812639620090403e-14 6.379957036025739294e-12 6.470355162421943657e-12
1.900145693384774859e+01 9.410496345496956378e-14 6.444112069879897088e-12 6.538217033334872066e-12
1.900119274259304447e+01 9.764944368685815943e-14 6.493685467453152839e-12 6.591334911140007187e-12
1.900095493062828922e+01 1.009872157304334208e-13 6.530750370103174007e-12 6.631737585833608299e-12
1.900074351053009991e+01 1.040757030756310048e-13 6.557388724634075434e-12 6.661464427709707070e-12
1.900055849347937809e+01 1.068748632143836211e-13 6.575621839130271666e-12 6.682496702344655527e-12
1.900039988926069512e+01 1.093479065704597598e-13 6.587348497924552285e-12 6.696696404495009584e-12
1.900026770626179839e+01 1.114619603561949827e-13 6.594291325952923903e-12 6.705753286309113622e-12
1.900016195147314946e+01 1.131886638855886464e-13 6.597951655358982813e-12 6.711140319244567168e-12
1.900008263048756163e+01 1.145046834273977330e-13 6.599572808985414921e-12 6.714077492412807984e-12
1.899999999999998224e+01 1.158949084416083220e-13 6.600222307795866310e-12 6.716117216237468851e-12
