1.938646186848279740e+01 1.924673861848383294e-02 1.938287124844818976e+01 3.731031281270151267e-01
1.938292378528718629e+01 1.924673861848383294e-02 1.937933382055071974e+01 3.730350357687080010e-01
1.937939189363624592e+01 1.924673861848383294e-02 1.937580258305116487e+01 3.729670625700856057e-01
1.937586638031312347e+01 1.924673861848383294e-02 1.937227772269808312e+01 3.728992121258924430e-01
1.937234743176366436e+01 1.924673861848383294e-02 1.936875942590278399e+01 3.728314880243814300e-01
1.936883523408653218e+01 1.924673861848383294e-02 1.936524787872946263e+01 3.727638938471236618e-01
1.936532997302336767e+01 1.924673861848383294e-02 1.936174326688536240e+01 3.726964331688193965e-01
1.936183183394898322e+01 1.924673861848383294e-02 1.935824577571095517e+01 3.726291095571087619e-01
1.935834100186153250e+01 1.924673861848383294e-02 1.935475559017013580e+01 3.725619265723831286e-01
1.935485766137275121e+01 1.924673861848383294e-02 1.935127289484044866e+01 3.724948877675969827e-01
1.935138199669817993e+01 1.924673861848383294e-02 1.934779787390331052e+01 3.724279966880797432e-01
1.934791419164742265e+01 1.924673861848383294e-02 1.934433071113428682e+01 3.723612568713483562e-01
1.934445442961443717e+01 1.924673861848383294e-02 1.934087158989336075e+01 3.722946718469204996e-01
1.934100289356782199e+01 1.924673861848383294e-02 1.933742069311524858e+01 3.722282451361276223e-01
1.933755976604114935e+01 1.924673861848383294e-02 1.933397820329971495e+01 3.721619802519287035e-01
1.933412522912330545e+01 1.924673861848383294e-02 1.933054430250192013e+01 3.720958806987245682e-01
1.933069946444886966e+01 1.924673861848383294e-02 1.932711917232280285e+01 3.720299499721727576e-01
1.932728265318850447e+01 1.924673861848383294e-02 1.932370299389946666e+01 3.719641915590022330e-01
1.932387497603936666e+01 1.924673861848383294e-02 1.932029594789560889e+01 3.718986089368293002e-01
1.932047661321555765e+01 1.924673861848383294e-02 1.931689821449194255e+01 3.718332055739735353e-01
1.931708774443860577e+01 1.924673861848383294e-02 1.931350997337671771e+01 3.717679849292747085e-01
1.931370854892793076e+01 1.924673861848383294e-02 1.931013140373615755e+01 3.717029504519090422e-01
1.931033920539140070e+01 1.924673861848383294e-02 1.930676268424502950e+01 3.716381055812079115e-01
1.930697989201585330e+01 1.924673861848383294e-02 1.930340399305717014e+01 3.715734537464751019e-01
1.930363078645769548e+01 1.924673861848383294e-02 1.930005550779608470e+01 3.715089983668058427e-01
1.930029206583348156e+01 1.749703510771257603e-02 1.929733778530490795e+01 3.376806573057835603e-01
1.929696390671057316e+01 1.749703510771257603e-02 1.929401013562069878e+01 3.376224273600185732e-01
1.929364648509778490e+01 1.749703510771257603e-02 1.929069322180302848e+01 3.375643852792590827e-01
1.929033997643608345e+01 1.749703510771257603e-02 1.928738721926600519e+01 3.375065341330452107e-01
1.928704455558930064e+01 1.749703510771257603e-02 1.928409230284670173e+01 3.374488769808194899e-01
1.928376039683490006e+01 1.749703510771257603e-02 1.928080864679589723e+01 3.373914168717652151e-01
1.928048767385474704e+01 1.749703510771257603e-02 1.927753642476887919e+01 3.373341568446449612e-01
1.927722655972593557e+01 1.749703510771257603e-02 1.927427580981624189e+01 3.372770999276403225e-01
1.927397722691162230e+01 1.749703510771257603e-02 1.927102697437474532e+01 3.372202491381910971e-01
1.927073984725191380e+01 1.749703510771257603e-02 1.926779009025819533e+01 3.371636074828363583e-01
1.926751459195477523e+01 1.749703510771257603e-02 1.926456532864834870e+01 3.371071779570550264e-01
1.926430163158698150e+01 1.749703510771257603e-02 1.926135286008587144e+01 3.370509635451076069e-01
1.926110113606509699e+01 1.749703510771257603e-02 1.925815285446132208e+01 3.369949672198785384e-01
1.925791327464647651e+01 1.749703510771257603e-02 1.925496548100614191e+01 3.369391919427186521e-01
1.925473821592033019e+01 1.749703510771257603e-02 1.925179090828373774e+01 3.368836406632886304e-01
1.925157612779879557e+01 1.749703510771257603e-02 1.924862930418054319e+01 3.368283163194032426e-01
1.924842717750807353e+01 1.749703510771257603e-02 1.924548083589716896e+01 3.367732218368758579e-01
1.924529153157956074e+01 1.749703510771257603e-02 1.924234566993951034e+01 3.367183601293635142e-01
1.924216935584107091e+01 1.749703510771257603e-02 1.923922397211000757e+01 3.366637340982132631e-01
1.923906081540803470e+01 1.749703510771257603e-02 1.923611590749881017e+01 3.366093466323081818e-01
1.923596607467479913e+01 1.749703510771257603e-02 1.923302164047510487e+01 3.365552006079151059e-01
1.923288529730590213e+01 1.749703510771257603e-02 1.922994133467837585e+01 3.365012988885321410e-01
1.922981864622744652e+01 1.749703510771257603e-02 1.922687515300978944e+01 3.364476443247375603e-01
1.922676628361845985e+01 1.749703510771257603e-02 1.922382325762354682e+01 3.363942397540387041e-01
1.922372837090233233e+01 1.749703510771257603e-02 1.922078580991832908e+01 3.363410880007222103e-01
1.922070506873827966e+01 1.749703510771257603e-02 1.921776297052876004e+01 3.362881918757045230e-01
1.921769653701283076e+01 1.749703510771257603e-02 1.921475489931689751e+01 3.362355541763832334e-01
1.921470293483139713e+01 1.749703510771257603e-02 1.921176175536379560e+01 3.361831776864891985e-01
1.921172442050983165e+01 1.749703510771257603e-02 1.920878369696107413e+01 3.361310651759390478e-01
1.920876115156607966e+01 1.749703510771257603e-02 1.920582088160256973e+01 3.360792194006892997e-01
1.920581328471184079e+01 1.749703510771257603e-02 1.920287346597599409e+01 3.360276431025900901e-01
1.920288097584426978e+01 1.749703510771257603e-02 1.919994160595463484e+01 3.359763390092402324e-01
1.919996438003774131e+01 1.749703510771257603e-02 1.919702545658913095e+01 3.359253098338430554e-01
1.919706365153566097e+01 1.749703510771257603e-02 1.919412517209928382e+01 3.358745582750631842e-01
1.919417894374229050e+01 1.749703510771257603e-02 1.919124090586586462e+01 3.358240870168833769e-01
1.919131040921462983e+01 1.749703510771257603e-02 1.918837281042252840e+01 3.357738987284626386e-01
1.918845819965437371e+01 1.749703510771257603e-02 1.918552103744774584e+01 3.357239960639953891e-01
1.918562246589987552e+01 1.749703510771257603e-02 1.918268573775678476e+01 3.356743816625709642e-01
1.918280335791816071e+01 1.749703510771257603e-02 1.917986706129371299e+01 3.356250581480337281e-01
1.918000102479700786e+01 1.749703510771257603e-02 1.917706515712348647e+01 3.355760281288447389e-01
1.917721561473706515e+01 1.749703510771257603e-02 1.917428017342406932e+01 3.355272941979436374e-01
1.917444727504400603e+01 1.749703510771257603e-02 1.917151225747859300e+01 3.354788589326114234e-01
1.917169615212074874e+01 1.749703510771257603e-02 1.916876155566755813e+01 3.354307248943343978e-01
1.916896239145969361e+01 1.749703510771257603e-02 1.916602821346109664e+01 3.353828946286683266e-01
1.916624613763505991e+01 1.749703510771257603e-02 1.916331237541129795e+01 3.353353706651043264e-01
1.916354753429520130e+01 1.749703510771257603e-02 1.916061418514453152e+01 3.352881555169344163e-01
1.916086672415505632e+01 1.749703510771257603e-02 1.915793378535388669e+01 3.352412516811194565e-01
1.915820384898854556e+01 1.749703510771257603e-02 1.915527131779158410e+01 3.351946616381561994e-01
1.915555904962112876e+01 1.749703510771257603e-02 1.915262692326152560e+01 3.351483878519468940e-01
1.915293246592231924e+01 1.749703510771257603e-02 1.915000074161181587e+01 3.351024327696685012e-01
1.915032423679829776e+01 1.749703510771257603e-02 1.914739291172737623e+01 3.350567988216432980e-01
1.914773450018457623e+01 1.749703510771257603e-02 1.914480357152260126e+01 3.350114884212106459e-01
1.914516339303868975e+01 1.749703510771257603e-02 1.914223285793406504e+01 3.349665039645990383e-01
1.914261105133295970e+01 1.749703510771257603e-02 1.913968090691327362e+01 3.349218478307995905e-01
1.914007761004729957e+01 1.749703510771257603e-02 1.913714785341947788e+01 3.348775223814401403e-01
1.913756320316208814e+01 1.749703510771257603e-02 1.913463383141255036e+01 3.348335299606603477e-01
1.913506796365106410e+01 1.749703510771257603e-02 1.913213897384587625e+01 3.347898728949877944e-01
1.913259202347431298e+01 1.749703510771257603e-02 1.912966341265934034e+01 3.347465534932148601e-01
1.913013551357126829e+01 1.749703510771257603e-02 1.912720727877233529e+01 3.347035740462764863e-01
1.912769856385381928e+01 1.749703510771257603e-02 1.912477070207686225e+01 3.346609368271296070e-01
1.912528130319939734e+01 1.749703510771257603e-02 1.912235381143062796e+01 3.346186440906321335e-01
1.912288385944420099e+01 1.749703510771257603e-02 1.911995673465026258e+01 3.345766980734243834e-01
1.912050635937640308e+01 1.749703510771257603e-02 1.911757959850453048e+01 3.345351009938102305e-01
1.911814892872946814e+01 1.749703510771257603e-02 1.911522252870765115e+01 3.344938550516403097e-01
1.911581169217549103e+01 1.749703510771257603e-02 1.911288564991263428e+01 3.344529624281953328e-01
1.911349477331861380e+01 1.749703510771257603e-02 1.911056908570470370e+01 3.344124252860710134e-01
1.911119829468847442e+01 1.749703510771257603e-02 1.910827295859474262e+01 3.343722457690632144e-01
1.910892237773374092e+01 1.749703510771257603e-02 1.910599739001282771e+01 3.343324260020552052e-01
1.910666714281567380e+01 1.749703510771257603e-02 1.910374250030179510e+01 3.342929680909047518e-01
1.910443270920178094e+01 1.749703510771257603e-02 1.910150840871089883e+01 3.342538741223330945e-01
1.910221919505949018e+01 1.749703510771257603e-02 1.909929523338947632e+01 3.342151461638143695e-01
1.910002671744991787e+01 1.749703510771257603e-02 1.909710309138072759e+01 3.341767862634665853e-01
1.909785539232165519e+01 1.749703510771257603e-02 1.909493209861549445e+01 3.341387964499427654e-01
1.909570533450466101e+01 1.749703510771257603e-02 1.909278236990616051e+01 3.341011787323242554e-01
1.909357665770417611e+01 1.749703510771257603e-02 1.909065401894056180e+01 3.340639351000140311e-01
1.909146947449470488e+01 1.749703510771257603e-02 1.908854715827596493e+01 3.340270675226317265e-01
1.908938389631408228e+01 1.749703510771257603e-02 1.908646189933315540e+01 3.339905779499096061e-01
1.908732003345754791e+01 1.749703510771257603e-02 1.908439835239048676e+01 3.339544683115887591e-01
1.908527799507195866e+01 1.749703510771257603e-02 1.908235662657810394e+01 3.339187405173182355e-01
1.908325788914996224e+01 1.749703510771257603e-02 1.908033682987213453e+01 3.338833964565526835e-01
1.908125982252432706e+01 1.749703510771257603e-02 1.907833906908898669e+01 3.338484379984535400e-01
1.907928390086228632e+01 1.749703510771257603e-02 1.907636344987972166e+01 3.338138669917896650e-01
1.907733022865992822e+01 1.749703510771257603e-02 1.907441007672442979e+01 3.337796852648395318e-01
1.907539890923669290e+01 1.749703510771257603e-02 1.907247905292673806e+01 3.337458946252947478e-01
1.907349004472989762e+01 1.749703510771257603e-02 1.907057048060833182e+01 3.337124968601643538e-01
1.907160373608933668e+01 1.749703510771257603e-02 1.906868446070355105e+01 3.336794937356803437e-01
1.906974008307194168e+01 1.749703510771257603e-02 1.906682109295405780e+01 3.336468869972042395e-01
1.906789918423651642e+01 1.749703510771257603e-02 1.906498047590357103e+01 3.336146783691347761e-01
1.906608113693850015e+01 1.749703510771257603e-02 1.906316270689262637e+01 3.335828695548166967e-01
1.906428603732485172e+01 1.749703510771257603e-02 1.906136788205346377e+01 3.335514622364508242e-01
1.906251398032893363e+01 1.749703510771257603e-02 1.905959609630491514e+01 3.335204580750047443e-01
1.906076505966551693e+01 1.749703510771257603e-02 1.905784744334740921e+01 3.334898587101255418e-01
1.905903936782580388e+01 1.749703510771257603e-02 1.905612201565799069e+01 3.334596657600523706e-01
1.905733699607255360e+01 1.749703510771257603e-02 1.905441990448544587e+01 3.334298808215314658e-01
1.905565803443524686e+01 1.749703510771257603e-02 1.905274119984547454e+01 3.334005054697314341e-01
1.905400257170532541e+01 1.749703510771257603e-02 1.905108599051593288e+01 3.333715412581599868e-01
1.905237069543149531e+01 1.749703510771257603e-02 1.904945436403211900e+01 3.333429897185817836e-01
1.905076249191510485e+01 1.749703510771257603e-02 1.904784640668217577e+01 3.333148523609374414e-01
1.904917804620557220e+01 1.749703510771257603e-02 1.904626220350250421e+01 3.332871306732637651e-01
1.904761744209589125e+01 1.749703510771257603e-02 1.904470183827326579e+01 3.332598261216148106e-01
1.904608076211819068e+01 1.749703510771257603e-02 1.904316539351395932e+01 3.332329401499845023e-01
1.904456808753939256e+01 1.749703510771257603e-02 1.904165295047907236e+01 3.332064741802304719e-01
1.904307949835688873e+01 1.749703510771257603e-02 1.904016458915374344e+01 3.331804296119985076e-01
1.904161507329432723e+01 1.749703510771257603e-02 1.903870038824957334e+01 3.331548078226486687e-01
1.904017488979743433e+01 1.749703510771257603e-02 1.903726042520043649e+01 3.331296101671824550e-01
1.903875902402994313e+01 1.749703510771257603e-02 1.903584477615840598e+01 3.331048379781714197e-01
1.903736755086952925e+01 1.749703510771257603e-02 1.903445351598969282e+01 3.330804925656860038e-01
1.903600054390388863e+01 1.749703510771257603e-02 1.903308671827073439e+01 3.330565752172269800e-01
1.903465807542682597e+01 1.749703510771257603e-02 1.903174445528426517e+01 3.330330871976571183e-01
1.903334021643442853e+01 1.749703510771257603e-02 1.903042679801550818e+01 3.330100297491340178e-01
1.903204703662131791e+01 1.749703510771257603e-02 1.902913381614841271e+01 3.329874040910446586e-01
1.903077860437697311e+01 1.749703510771257603e-02 1.902786557806199497e+01 3.329652114199411761e-01
1.902953498678209243e+01 1.749703510771257603e-02 1.902662215082668240e+01 3.329434529094769668e-01
1.902831624960506929e+01 1.749703510771257603e-02 1.902540360020080001e+01 3.329221297103452937e-01
1.902712245729849272e+01 1.749703510771257603e-02 1.902420999062707097e+01 3.329012429502176684e-01
1.902595367299575457e+01 1.749703510771257603e-02 1.902304138522922727e+01 3.328807937336850653e-01
1.902480995850769929e+01 1.749703510771257603e-02 1.902189784580864895e+01 3.328607831421986907e-01
1.902369137431937318e+01 1.749703510771257603e-02 1.902077943284112749e+01 3.328412122340135837e-01
1.902259797958680210e+01 1.749703510771257603e-02 1.901968620547362576e+01 3.328220820441320504e-01
1.902152983213387571e+01 1.749703510771257603e-02 1.901861822152119075e+01 3.328033935842489854e-01
1.902048698844929220e+01 1.749703510771257603e-02 1.901757553746386975e+01 3.327851478426987475e-01
1.901946950368356326e+01 1.749703510771257603e-02 1.901655820844373324e+01 3.327673457844025351e-01
1.901847743164610094e+01 1.749703510771257603e-02 1.901556628826195805e+01 3.327499883508174827e-01
1.901751082480237187e+01 1.749703510771257603e-02 1.901459982937597815e+01 3.327330764598868118e-01
1.901656973427112618e+01 1.749703510771257603e-02 1.901365888289672057e+01 3.327166110059915360e-01
1.901565420982168320e+01 1.749703510771257603e-02 1.901274349858588408e+01 3.327005928599027218e-01
1.901476429987132022e+01 1.749703510771257603e-02 1.901185372485333858e+01 3.326850228687359134e-01
1.901390005148267903e+01 1.749703510771257603e-02 1.901098960875451738e+01 3.326699018559058363e-01
1.901306151036131453e+01 1.749703510771257603e-02 1.901015119598798364e+01 3.326552306210833754e-01
1.901224872085325046e+01 1.749703510771257603e-02 1.900933853089297187e+01 3.326410099401528320e-01
1.901146172594264172e+01 1.749703510771257603e-02 1.900855165644705380e+01 3.326272405651711783e-01
1.901070056724951129e+01 1.749703510771257603e-02 1.900779061426388594e+01 3.326139232243281452e-01
1.900996528502753691e+01 1.749703510771257603e-02 1.900705544459098206e+01 3.326010586219079190e-01
1.900925591816191584e+01 1.749703510771257603e-02 1.900634618630759221e+01 3.325886474382513391e-01
1.900857250416733280e+01 1.749703510771257603e-02 1.900566287692264922e+01 3.325766903297208144e-01
1.900791507918595258e+01 1.749703510771257603e-02 1.900500555257279700e+01 3.325651879286646850e-01
1.900728367798553009e+01 1.749703510771257603e-02 1.900437424802045783e+01 3.325541408433845270e-01
1.900667833395754514e+01 1.749703510771257603e-02 1.900376899665200625e+01 3.325435496581025663e-01
1.900609907911545093e+01 1.749703510771257603e-02 1.900318983047599630e+01 3.325334149329305933e-01
1.900554594409299725e+01 1.749703510771257603e-02 1.900263678012148461e+01 3.325237372038410966e-01
1.900501895814257836e+01 1.749703510771257603e-02 1.900210987483639258e+01 3.325145169826381752e-01
1.900451814913370896e+01 1.749703510771257603e-02 1.900160914248596455e+01 3.325057547569307270e-01
1.900404354355153558e+01 1.749703510771257603e-02 1.900113460955129341e+01 3.324974509901067465e-01
1.900359516649545455e+01 1.749703510771257603e-02 1.900068630112793500e+01 3.324896061213088450e-01
1.900317304167776555e+01 1.749703510771257603e-02 1.900026424092456168e+01 3.324822205654107132e-01
1.900277719142243171e+01 1.749703510771257603e-02 1.899986845126171531e+01 3.324752947129956393e-01
1.900240763666388233e+01 1.749703510771257603e-02 1.899949895307062064e+01 3.324688289303353583e-01
1.900206439694592930e+01 1.749703510771257603e-02 1.899915576589210175e+01 3.324628235593712344e-01
1.900174749042071198e+01 1.749703510771257603e-02 1.899883890787551621e+01 3.324572789176956089e-01
1.900145693384774859e+01 1.749703510771257603e-02 1.899854839577782073e+01 3.324521952985354245e-01
1.900119274259304447e+01 1.749703510771257603e-02 1.899828424496266166e+01 3.324475729707365157e-01
1.900095493062828922e+01 1.749703510771257603e-02 1.899804646939959696e+01 3.324434121787495644e-01
1.900074351053009991e+01 1.749703510771257603e-02 1.899783508166331814e+01 3.324397131426167773e-01
1.900055849347937809e+01 1.749703510771257603e-02 1.899765009293301077e+01 3.324364760579608946e-01
1.900039988926069512e+01 1.749703510771257603e-02 1.899749151299175054e+01 3.324337010959741434e-01
1.900026770626179839e+01 1.749703510771257603e-02 1.899735935022600231e+01 3.324313884034096889e-01
1.900016195147314946e+01 1.749703510771257603e-02 1.899725361162515469e+01 3.324295381025736962e-01
1.900008263048756163e+01 1.749703510771257603e-02 1.899717430278116836e+01 3.324281502913188358e-01
