9.999984728859051542e-01 4.511225623067261654e-12 2.915361837232441867e-12 7.426587460299703925e-12
9.999862561330598032e-01 2.218621517326634187e-10 2.359723471022344619e-10 4.578344988348978547e-10
9.999618234802282180e-01 1.516275445367749958e-09 1.812061824791272976e-09 3.328337270159022727e-09
9.999251766330692348e-01 4.831493763942869331e-09 6.858524684399963695e-09 1.169001844834283385e-08
9.998763181499219499e-01 1.020552574471559544e-08 1.814299286176934506e-08 2.834851860648494050e-08
9.998152514416280834e-01 1.628851064047330281e-08 3.820744287991813575e-08 5.449595352039143525e-08
9.997419807712923934e-01 2.083520096456512658e-08 6.808140614113113712e-08 8.891660710569627032e-08
9.996565112539861353e-01 2.194242870998199696e-08 1.061007141946321568e-07 1.280431429046141571e-07
9.995588488563900142e-01 1.919916309368079286e-08 1.476411960685276534e-07 1.668403591622084595e-07
9.994490003963769631e-01 1.390744130586214308e-08 1.862866171194134272e-07 2.001940584252755736e-07
9.993269735425367450e-01 8.218904106143564589e-09 2.160931277476454486e-07 2.243120318537890247e-07
9.991927768136402710e-01 3.870245998192679758e-09 2.337873291993397577e-07 2.376575751975324407e-07
9.990464195780451861e-01 1.441332663007360789e-09 2.396819763269429724e-07 2.411233089899503417e-07
9.988879120530416156e-01 5.100944624668518942e-10 2.369347676430675184e-07 2.374448621055343714e-07
9.987172653041389569e-01 3.208557052260734372e-10 2.298146272836042004e-07 2.301354829888302766e-07
9.985344912442936094e-01 3.294515258327342048e-10 2.220462534307005503e-07 2.223757049565332809e-07
9.983396026330768613e-01 3.307170470551638779e-10 2.159237427923640236e-07 2.162544598394191760e-07
9.981326130757848247e-01 3.127096015701423742e-10 2.122435452492955293e-07 2.125562548508656746e-07
9.979135370224876400e-01 3.003261158210378124e-10 2.107334263692124720e-07 2.110337524850335212e-07
9.976823897670217267e-01 2.991838646064480886e-10 2.106250607638022732e-07 2.109242446284087160e-07
9.974391874459216378e-01 3.030600737996907852e-10 2.111331378262750642e-07 2.114361979000747474e-07
9.971839470372934056e-01 3.072611250896734391e-10 2.117244977464899248e-07 2.120317588715795895e-07
9.969166863596294892e-01 3.108113340197047783e-10 2.121690540426253279e-07 2.124798653766450261e-07
9.966374240705653254e-01 3.141005068184949586e-10 2.124495214838579189e-07 2.127636219906764078e-07
9.963461796655757041e-01 3.174998604463674791e-10 2.126355942108734136e-07 2.129530940713197883e-07
9.960429734766147458e-01 3.211708328042939238e-10 2.127959352529949482e-07 2.131171060857992520e-07
9.957278266706961478e-01 3.251533223386661488e-10 2.129662694336039204e-07 2.132914227559425967e-07
9.954007612484156997e-01 3.294392300964638223e-10 2.131545360671023367e-07 2.134839752971987907e-07
9.950618000424147347e-01 3.340147960448063266e-10 2.133567283722190089e-07 2.136907431682638080e-07
9.947109667157874036e-01 3.388796796292260031e-10 2.135679496102972943e-07 2.139068292899265129e-07
9.943482857604274416e-01 3.440443539068477805e-10 2.137859242015668108e-07 2.141299685554736607e-07
9.939737824953192025e-01 3.495246580118807814e-10 2.140103456444318011e-07 2.143598703024436753e-07
9.935874830647699607e-01 3.553370513334419024e-10 2.142415158898837166e-07 2.145968529412171529e-07
9.931894144365847055e-01 3.614972640454036493e-10 2.144796586289131248e-07 2.148411558929585353e-07
9.927796044001828690e-01 3.680216223843992627e-10 2.147248309558401568e-07 2.150928525782245515e-07
9.923580815646599884e-01 3.749263322750140762e-10 2.149770211372356197e-07 2.153519474695106286e-07
9.919248753567884158e-01 3.822278588101169354e-10 2.152362154790765624e-07 2.156184433378866682e-07
9.914800160189647382e-01 3.899455464668835715e-10 2.155024112794063660e-07 2.158923568258732498e-07
9.910235346070972451e-01 3.980957456688608475e-10 2.157756110041832619e-07 2.161737067498521223e-07
9.905554629884392170e-01 4.066990302425279315e-10 2.160558177007989926e-07 2.164625167310415148e-07
9.900758338393628177e-01 4.157740451636095831e-10 2.163430340264299538e-07 2.167588080715935613e-07
9.895846806430790288e-01 4.253412062158410321e-10 2.166372623511436033e-07 2.170626035573594372e-07
9.890820376872997421e-01 4.354213330296726692e-10 2.169385050030923177e-07 2.173739263361219908e-07
9.885679400618440082e-01 4.460362025095159701e-10 2.172467640624521931e-07 2.176928002649617047e-07
9.880424236561885509e-01 4.572076413137029665e-10 2.175620412176560638e-07 2.180192488589697736e-07
9.875055251569624382e-01 4.689588804620445577e-10 2.178843377361588745e-07 2.183532966166209124e-07
9.869572820453855755e-01 4.813129194577584438e-10 2.182136542199197830e-07 2.186949671393775509e-07
9.863977325946526875e-01 4.942949131995381351e-10 2.185499905595504927e-07 2.190442854727500394e-07
9.858269158672606780e-01 5.079286296564272448e-10 2.188933459144810766e-07 2.194012745441374941e-07
9.852448717122823663e-01 5.222409329305322218e-10 2.192437186887641897e-07 2.197659596216947283e-07
9.846516407625844902e-01 5.372575049187520605e-10 2.196011063163240798e-07 2.201383638212428344e-07
9.840472644319901985e-01 5.530059943125053582e-10 2.199655053453560884e-07 2.205185113396685933e-07
9.834317849123896949e-01 5.695142464002352313e-10 2.203369113134054374e-07 2.209064255598056757e-07
9.828052451707927073e-01 5.868109938939168840e-10 2.207153188605429013e-07 2.213021298544368061e-07
9.821676889463308857e-01 6.049258551200136093e-10 2.211007215909921814e-07 2.217056474461121927e-07
9.815191607472026902e-01 6.238892371280171559e-10 2.214931121463022499e-07 2.221170013834302754e-07
9.808597058475674313e-01 6.437322873878967759e-10 2.218924821490498342e-07 2.225362144364377333e-07
9.801893702843842426e-01 6.644873996969894171e-10 2.222988221609979482e-07 2.229633095606949338e-07
9.795082008541977636e-01 6.861872742561134199e-10 2.227121218561895371e-07 2.233983091304456503e-07
9.788162451098723071e-01 7.088656658838863014e-10 2.231323698875769777e-07 2.238412355534608614e-07
9.781135513572709606e-01 7.325577091568286787e-10 2.235595539669170320e-07 2.242921116760738655e-07
9.774001686518841714e-01 7.572984913546589605e-10 2.239936608462997589e-07 2.247509593376544201e-07
9.766761467954047093e-01 7.831253400458206225e-10 2.244346763961030202e-07 2.252178017361488351e-07
9.759415363322512249e-01 8.100750352357760130e-10 2.248825854784944105e-07 2.256926605137301864e-07
9.751963885460397385e-01 8.381867213540987433e-10 2.253373721423239294e-07 2.261755588636780293e-07
9.744407554560030604e-01 8.674997437961909790e-10 2.257990195569001136e-07 2.266665193006963021e-07
9.736746898133599171e-01 8.980546975470715440e-10 2.262675099398405909e-07 2.271655646373876514e-07
9.728982450976321195e-01 9.298930654175760619e-10 2.267428246515557733e-07 2.276727177169733500e-07
9.721114755129105500e-01 9.630571770144601503e-10 2.272249442588755101e-07 2.281880014358899659e-07
9.713144359840724107e-01 9.975918531358278838e-10 2.277138483808374228e-07 2.287114402339732611e-07
9.705071821529454024e-01 1.033540733919466370e-09 2.282095158256112103e-07 2.292430565595306699e-07
9.696897703744244978e-01 1.070950763972673013e-09 2.287119244362026771e-07 2.297828752001753625e-07
9.688622577125372004e-01 1.109868210105924926e-09 2.292210512909958509e-07 2.303309195011017769e-07
9.680247019364600636e-01 1.150342056949129449e-09 2.297368724922358860e-07 2.308872145491850116e-07
9.671771615164855840e-01 1.192421292461582240e-09 2.302593632571286209e-07 2.314517845495901918e-07
9.663196956199404664e-01 1.236157022145085669e-09 2.307884978293194150e-07 2.320246548514644949e-07
9.654523641070555939e-01 1.281601128095726282e-09 2.313242496011952834e-07 2.326058507292909971e-07
9.645752275267860387e-01 1.328806761652887113e-09 2.318665908838245009e-07 2.331953976454773833e-07
9.636883471125852196e-01 1.377828430482671906e-09 2.324154931428421228e-07 2.337933215733247928e-07
9.627917847781294336e-01 1.428722394289328834e-09 2.329709266239504077e-07 2.343996490182397479e-07
9.618856031129960904e-01 1.481545244069069361e-09 2.335328607037862549e-07 2.350144059478553346e-07
9.609698653782940969e-01 1.536356611446989581e-09 2.341012635512808198e-07 2.356376201627278208e-07
9.600446355022473899e-01 1.593215398546453399e-09 2.346761023441433216e-07 2.362693177426897855e-07
9.591099780757321724e-01 1.652184054075454797e-09 2.352573430195377417e-07 2.369095270736131982e-07
9.581659583477681874e-01 1.713324891380142478e-09 2.358449504058923212e-07 2.375582752972724667e-07
9.572126422209630281e-01 1.776703241628786491e-09 2.364388880758809514e-07 2.382155913175097369e-07
9.562500962469115962e-01 1.842384212186240984e-09 2.370391183690007057e-07 2.388815025811869729e-07
9.552783876215504844e-01 1.910435916623550373e-09 2.376456024475846714e-07 2.395560383642082160e-07
9.542975841804666182e-01 1.980928063694757039e-09 2.382583000049088915e-07 2.402392280686036250e-07
9.533077543941617105e-01 2.053930094109809182e-09 2.388771694806515258e-07 2.409310995747613437e-07
9.523089673632720853e-01 2.129516740450784750e-09 2.395021678903319677e-07 2.416316846307827305e-07
9.513012928137452029e-01 2.207759892859512879e-09 2.401332508494629828e-07 2.423410107423225184e-07
9.502848010919714428e-01 2.288737571356963562e-09 2.407703725533124449e-07 2.430591101246693878e-07
9.492595631598738093e-01 2.372526678499868639e-09 2.414134855705704773e-07 2.437860122490703298e-07
9.482256505899535615e-01 2.459206878727773044e-09 2.420625410308523721e-07 2.445217479095801426e-07
9.471831355602938762e-01 2.548860139597606440e-09 2.427174885069282935e-07 2.452663486465259144e-07
9.461320908495209903e-01 2.641569614950028417e-09 2.433782758020903210e-07 2.460198454170403730e-07
9.450725898317235973e-01 2.737420732511029160e-09 2.440448493018561991e-07 2.467822700343672162e-07
9.440047064713303904e-01 2.836501271344968739e-09 2.447171534497825742e-07 2.475536547211275182e-07
9.429285153179465251e-01 2.938899906531850137e-09 2.453951310910865682e-07 2.483340309976184200e-07
9.418440915011496717e-01 3.044709294730462150e-09 2.460787232812190848e-07 2.491234325759495341e-07
9.407515107252448772e-01 3.154022348840855840e-09 2.467678691841740045e-07 2.499218915330148392e-07
9.396508492639790155e-01 3.266935082645971172e-09 2.474625061263291458e-07 2.507294412089751046e-07
9.385421839552174905e-01 3.383545629826270293e-09 2.481625695581258594e-07 2.515461151879521524e-07
9.374255921955789717e-01 3.503954350939797762e-09 2.488679929579067538e-07 2.523719473088465276e-07
9.363011519350323830e-01 3.628264038364059514e-09 2.495787077613094115e-07 2.532069717996734818e-07
9.351689416714555891e-01 3.756579912382887398e-09 2.502946434067993331e-07 2.540512233191822023e-07
9.340290404451552231e-01 3.889009051087673541e-09 2.510157271902029869e-07 2.549047362412906365e-07
9.328815278333491001e-01 4.025661878985814564e-09 2.517418843662795536e-07 2.557675462452653897e-07
9.317264839446099955e-01 4.166650727362981320e-09 2.524730379113667297e-07 2.566396886387296853e-07
9.305639894132744505e-01 4.312090601845115620e-09 2.532091085541768337e-07 2.575211991560219345e-07
9.293941253938127200e-01 4.462099610747015900e-09 2.539500148747964824e-07 2.584121144855435198e-07
9.282169735551637491e-01 4.616797897378701214e-09 2.546956730097519414e-07 2.593124709071306467e-07
9.270326160750335109e-01 4.776309252175635754e-09 2.554459966848298521e-07 2.602223059370055086e-07
9.258411356341584852e-01 4.940758950140056860e-09 2.562008973533633546e-07 2.611416563035033858e-07
9.246426154105336082e-01 5.110277471049199567e-09 2.569602837586938830e-07 2.620705612297430627e-07
9.234371390736052509e-01 5.284994599114478116e-09 2.577240623744780028e-07 2.630090569735924685e-07
9.222247907784304477e-01 5.465047490838933246e-09 2.584921369044828508e-07 2.639571843953218089e-07
9.210056551598018171e-01 5.650572948853115703e-09 2.592644083957532837e-07 2.649149813446063787e-07
9.197798173263396215e-01 5.841712743321562659e-09 2.600407753508396141e-07 2.658824880941611801e-07
9.185473628545495206e-01 6.038611507139534583e-09 2.608211333852742689e-07 2.668597448924138159e-07
9.173083777828491270e-01 6.241416106648457286e-09 2.616053754533780141e-07 2.678467915600264863e-07
9.160629486055612558e-01 6.450279291137899142e-09 2.623933914704418091e-07 2.688436707615797000e-07
9.148111622668757548e-01 6.665354020540962538e-09 2.631850686191638980e-07 2.698504226397048448e-07
9.135531061547796927e-01 6.886800251522169405e-09 2.639802909205205251e-07 2.708670911720426870e-07
9.122888680949572393e-01 7.114778531739097999e-09 2.647789395930619585e-07 2.718937181248010623e-07
9.110185363446581253e-01 7.349454559910618312e-09 2.655808925242800222e-07 2.729303470841906653e-07
9.097421995865362376e-01 7.590998079954934865e-09 2.663860246735790970e-07 2.739770227535340286e-07
9.084599469224590162e-01 7.839582552545816581e-09 2.671942076046699940e-07 2.750337901572158056e-07
9.071718678672868741e-01 8.095384274689417188e-09 2.680053097370870178e-07 2.761006940117764251e-07
9.058780523426244180e-01 8.358585212781178651e-09 2.688191960858179797e-07 2.771777812985991732e-07
9.045785906705424706e-01 8.629369767903153354e-09 2.696357283483222214e-07 2.782650981162253831e-07
9.032735735672732247e-01 8.907929801428388931e-09 2.704547646790953905e-07 2.793626944805237629e-07
9.019630921368768650e-01 9.194456376104629184e-09 2.712761597628254524e-07 2.804706161389300601e-07
9.006472378648817667e-01 9.489149841531563538e-09 2.720997646877584060e-07 2.815889145292899778e-07
8.993261026118974932e-01 9.792212400374864170e-09 2.729254269005342222e-07 2.827176393009090814e-07
8.979997786072023702e-01 1.010385191198097146e-08 2.737529901468042231e-07 2.838568420587851796e-07
8.966683584423049691e-01 1.042428096726654060e-08 2.745822943418852328e-07 2.850065753091517783e-07
8.953319350644793895e-01 1.075371709148781919e-08 2.754131755776976777e-07 2.861668926691854920e-07
8.939906017702777818e-01 1.109238146153185164e-08 2.762454660302929350e-07 2.873378474918247601e-07
8.926444521990162251e-01 1.144050263620629423e-08 2.770789939448048389e-07 2.885194965810111496e-07
8.912935803262382883e-01 1.179831271316948918e-08 2.779135834012036727e-07 2.897118961143731784e-07
8.899380804571543901e-01 1.216604977902022528e-08 2.787490544388565985e-07 2.909151042178768204e-07
8.885780472200579538e-01 1.254395708054672957e-08 2.795852229001190529e-07 2.921291799806657841e-07
8.872135755597201356e-01 1.293228445085762593e-08 2.804219003165291475e-07 2.933541847673867569e-07
8.858447607307609051e-01 1.333128672258076427e-08 2.812588938927821759e-07 2.945901806153629352e-07
8.844716982909994751e-01 1.374122337107114198e-08 2.820960064817231837e-07 2.958372298527943472e-07
8.830944840947836383e-01 1.416236293988699116e-08 2.829330363854229218e-07 2.970953993253099046e-07
8.817132142862977862e-01 1.459497758367509973e-08 2.837697773559841689e-07 2.983647549396592488e-07
8.803279852928513893e-01 1.503934700366861679e-08 2.846060185936200786e-07 2.996453655972887053e-07
8.789388938181463828e-01 1.549575751746071307e-08 2.854415444458585917e-07 3.009373019633192915e-07
8.775460368355278984e-01 1.596450047992827941e-08 2.862761346296933440e-07 3.022406351096216400e-07
8.761495115812129031e-01 1.644587690199788532e-08 2.871095639028163511e-07 3.035554408048142596e-07
8.747494155475028510e-01 1.694019252767806380e-08 2.879416021240004460e-07 3.048817946516785197e-07
8.733458464759774609e-01 1.744776094120718675e-08 2.887720141218838699e-07 3.062197750630910666e-07
8.719389023506716185e-01 1.796890346195318349e-08 2.896005596757902703e-07 3.075694631377434439e-07
8.705286813912345156e-01 1.850394909495821186e-08 2.904269933032454035e-07 3.089309423982036121e-07
8.691152820460735784e-01 1.905323372523238556e-08 2.912510644153213892e-07 3.103042981405537814e-07
8.676988029854809659e-01 1.961710235967021610e-08 2.920725169016480059e-07 3.116896192613182419e-07
8.662793430947459683e-01 2.019590724217088973e-08 2.928910893764092695e-07 3.130869966185801824e-07
8.648570014672510853e-01 2.079000981566092057e-08 2.937065149474669224e-07 3.144965247631278297e-07
8.634318773975552253e-01 2.139977970266288362e-08 2.945185210367824070e-07 3.159183007394452707e-07
8.620040703744609178e-01 2.202559480459968805e-08 2.953268295807557225e-07 3.173524243853553874e-07
8.605736800740695358e-01 2.266784509218387789e-08 2.961311566098638312e-07 3.187990017020476925e-07
8.591408063528225281e-01 2.332692537935716890e-08 2.969312123208999162e-07 3.202581377002570686e-07
8.577055492405304404e-01 2.400324262126340342e-08 2.977267011861394114e-07 3.217299438074028314e-07
8.562680089333902789e-01 2.469721594553569423e-08 2.985173214019941856e-07 3.232145373475298766e-07
8.548282857869897722e-01 2.540926957367553882e-08 2.993027652937999005e-07 3.247120348674754195e-07
8.533864803093023088e-01 2.613984179672603602e-08 3.000827189281664586e-07 3.262225607248924781e-07
8.519426931536699943e-01 2.688938195176961256e-08 3.008568620128538914e-07 3.277462439646234973e-07
8.504970251117773827e-01 2.765834767532397999e-08 3.016248680534298857e-07 3.292832157287538590e-07
8.490495771066144393e-01 2.844721096049573428e-08 3.023864039579931232e-07 3.308336149184888443e-07
8.476004501854318418e-01 2.925645398679972260e-08 3.031411302021652938e-07 3.323975841889650130e-07
8.461497455126862910e-01 3.008657199816525308e-08 3.038887006264768432e-07 3.339752726246420963e-07
8.446975643629782704e-01 3.093807150459433661e-08 3.046287621824533365e-07 3.355668336870476731e-07
8.432440081139822574e-01 3.181147325005180359e-08 3.053609552259148037e-07 3.371724284759666205e-07
8.417891782393691624e-01 3.270731097492423764e-08 3.060849129829898112e-07 3.387922239579140554e-07
8.403331763017222178e-01 3.362613118727862552e-08 3.068002618103822699e-07 3.404263929976608954e-07
8.388761039454475377e-01 3.456849665243221134e-08 3.075066208638414690e-07 3.420751175162737002e-07
8.374180628896774614e-01 3.553498247295574308e-08 3.082036020876978312e-07 3.437385845606535743e-07
8.359591549211702333e-01 3.652617970948027565e-08 3.088908101393497133e-07 3.454169898488299956e-07
8.344994818872035758e-01 3.754269660884989285e-08 3.095678421764803657e-07 3.471105387853302321e-07
8.330391456884648216e-01 3.858515429550815017e-08 3.102342879872761189e-07 3.488194422827842889e-07
8.315782482719374924e-01 3.965419521275681409e-08 3.108897294897911599e-07 3.505439247025479806e-07
8.301168916237838813e-01 4.075047448194902478e-08 3.115337410317154041e-07 3.522842155136644090e-07
8.286551777622257475e-01 4.187466772731070899e-08 3.121658890264722002e-07 3.540405567537828959e-07
8.271932087304217918e-01 4.302746850165244634e-08 3.127857319606814318e-07 3.558132004623338980e-07
8.257310865893446872e-01 4.420959113136803598e-08 3.133928201841551153e-07 3.576024113155231447e-07
8.242689134106554461e-01 4.542176638990699992e-08 3.139866958373550629e-07 3.594084622272620562e-07
8.228067912695782304e-01 4.666474977953948666e-08 3.145668928187625797e-07 3.612316425983020796e-07
8.213448222377743857e-01 4.793931609393038674e-08 3.151329363826268578e-07 3.630722524765572511e-07
8.198831083762161409e-01 4.924626104025435759e-08 3.156843434645026078e-07 3.649306045047569852e-07
8.184217517280625298e-01 5.058640812470500617e-08 3.162206220573197139e-07 3.668070301820247465e-07
8.169608543115352006e-01 5.196060091471749330e-08 3.167412714218841559e-07 3.687018723366016559e-07
8.155005181127965574e-01 5.336970933717241388e-08 3.172457817813969535e-07 3.706154911185693872e-07
8.140408450788297889e-01 5.481463072888306702e-08 3.177336342715607488e-07 3.725482650004438356e-07
8.125819371103225608e-01 5.629628749803107917e-08 3.182043006583700280e-07 3.745005881564011270e-07
8.111238960545525956e-01 5.781563337215412799e-08 3.186572434165086795e-07 3.764728767886628339e-07
8.096668236982778044e-01 5.937364925452110222e-08 3.190919151784203887e-07 3.784655644329414909e-07
8.082108217606309708e-01 6.097134875238258952e-08 3.195077591277077437e-07 3.804791078800903333e-07
8.067559918860177648e-01 6.260977806836969852e-08 3.199042082098189720e-07 3.825139862781886572e-07
8.053024356370217518e-01 6.429001445596488950e-08 3.202806853900901745e-07 3.845706998460550507e-07
8.038502544873138422e-01 6.601317771847725180e-08 3.206366033122437706e-07 3.866497810307210224e-07
8.023995498145681804e-01 6.778041651143091232e-08 3.209713640378405810e-07 3.887517805492715198e-07
8.009504228933855829e-01 6.959292497369736295e-08 3.212843590089695616e-07 3.908772839826669113e-07
7.995029748882227505e-01 7.145193651176733056e-08 3.215749685616145638e-07 3.930269050733819208e-07
7.980573068463300279e-01 7.335872904538056930e-08 3.218425619530304396e-07 3.952012909984110354e-07
7.966135196906978244e-01 7.531462300152663662e-08 3.220864969818104366e-07 3.974011199833370997e-07
7.951717142130103610e-01 7.732099012068824353e-08 3.223061197672966894e-07 3.996271098879849064e-07
7.937319910666098544e-01 7.937925407631394344e-08 3.225007643576316053e-07 4.018800184339455223e-07
7.922944507594695818e-01 8.149088790789336167e-08 3.226697526608463875e-07 4.041606405687397756e-07
7.908591936471776052e-01 8.365742553349599822e-08 3.228123938882348684e-07 4.064698194217308666e-07
7.894263199259305974e-01 8.588046096907242176e-08 3.229279843851897016e-07 4.088084453542621498e-07
7.879959296255391044e-01 8.816164953087532173e-08 3.230158071250010726e-07 4.111774566558763943e-07
7.865681226024447970e-01 9.050271621607864942e-08 3.230751314792008678e-07 4.135778476952795305e-07
7.851429985327489369e-01 9.290546030706335142e-08 3.231052127225970130e-07 4.160106730296603777e-07
7.837206569052541649e-01 9.537175645749006874e-08 3.231052914787682249e-07 4.184770479362582936e-07
7.823011970145190563e-01 9.790355814513295365e-08 3.230745934247129925e-07 4.209781515698459329e-07
7.808847179539264438e-01 1.005029145096634590e-07 3.230123286968538530e-07 4.235152432065172988e-07
7.794713186087653956e-01 1.031719618195102360e-07 3.229176911907587789e-07 4.260896530102689884e-07
7.780610976493285147e-01 1.059129395029829679e-07 3.227898582063613746e-07 4.287027977093443558e-07
7.766541535240225613e-01 1.087281968132203206e-07 3.226279894822951425e-07 4.313561862955154498e-07
7.752505844524972822e-01 1.116201959062567718e-07 3.224312267865597278e-07 4.340514226928164864e-07
7.738504884187871191e-01 1.145915244634253360e-07 3.221986928128838940e-07 4.367902172763092168e-07
7.724539631644720128e-01 1.176449078348721605e-07 3.219294905951469756e-07 4.395743984300191228e-07
7.710611061818535283e-01 1.207832142633609256e-07 3.216227023737423279e-07 4.424059166371032535e-07
7.696720147071487439e-01 1.240094616857309149e-07 3.212773887503172200e-07 4.452868504360481614e-07
7.682867857137021250e-01 1.273268520597298832e-07 3.208925873982663926e-07 4.482194394579962758e-07
7.669055159052163839e-01 1.307387563333497157e-07 3.204673119580478350e-07 4.512060682913975507e-07
7.655283017090006581e-01 1.342487496732485368e-07 3.200005506986368414e-07 4.542493003718854047e-07
7.641552392692392282e-01 1.378606176646436520e-07 3.194912651453748821e-07 4.573518828100185606e-07
7.627864244402798866e-01 1.415783836693391052e-07 3.189383882240740411e-07 4.605167718934131198e-07
7.614219527799420684e-01 1.454063188928859515e-07 3.183408228875141815e-07 4.637471417804001595e-07
7.600619195428457431e-01 1.493489633802458428e-07 3.176974400550099961e-07 4.670464034352558389e-07
7.587064196737617339e-01 1.534111569468494603e-07 3.170070764915134054e-07 4.704182334383628922e-07
7.573555478009837971e-01 1.575980659780142083e-07 3.162685326178541355e-07 4.738665985958683438e-07
7.560093982297222404e-01 1.619151795510161793e-07 3.154805701125316818e-07 4.773957496635478346e-07
7.546680649355206327e-01 1.663683864398359350e-07 3.146419092216348595e-07 4.810102956614707945e-07
7.533316415576951641e-01 1.709639578523480502e-07 3.137512257255330693e-07 4.847151835778811460e-07
7.520002213927976520e-01 1.757086032363628940e-07 3.128071479609887700e-07 4.885157511973516110e-07
7.506738973881026400e-01 1.806094927097008328e-07 3.118082532893142674e-07 4.924177459990150472e-07
7.493527621351183665e-01 1.856742903817579796e-07 3.107530645561820534e-07 4.964273549379400594e-07
7.480369078631232682e-01 1.909111760819508194e-07 3.096400459832993889e-07 5.005512220652502347e-07
7.467264264327267975e-01 1.963288880732489754e-07 3.084675992024367792e-07 5.047964872756858075e-07
7.454214093294575516e-01 2.019367304803846943e-07 3.072340585507574805e-07 5.091707890311421748e-07
7.441219476573756042e-01 2.077446063413118320e-07 3.059376867830753113e-07 5.136822931243870904e-07
7.428281321327131481e-01 2.137630295154673850e-07 3.045766699273917887e-07 5.183396994428592002e-07
7.415400530775410060e-01 2.200031266616454618e-07 3.031491126610937764e-07 5.231522393227392382e-07
7.402578004134638956e-01 2.264766355113505310e-07 3.016530333089222814e-07 5.281296688202727594e-07
7.389814636553420080e-01 2.331958965283499687e-07 3.000863587958030243e-07 5.332822553241529930e-07
7.377111319050427829e-01 2.401738002813356204e-07 2.984469205798706294e-07 5.386207208612062498e-07
7.364468938452203295e-01 2.474237575671263020e-07 2.967324499726578601e-07 5.441562075397841092e-07
7.351888377331243785e-01 2.549596039306138080e-07 2.949405749592275801e-07 5.499001788898413881e-07
7.339370513944387664e-01 2.627955250938119862e-07 2.930688173766268604e-07 5.558643424704387937e-07
7.326916222171508952e-01 2.709459049261783217e-07 2.911145913586019284e-07 5.620604962847802501e-07
7.314526371454506126e-01 2.794251913513526352e-07 2.890752034785668998e-07 5.685003948299195879e-07
7.302201826736604007e-01 2.882476730874930305e-07 2.869478543005821444e-07 5.751955273880751220e-07
7.289943448401982051e-01 2.974272877080760698e-07 2.847296424424832429e-07 5.821569301505593127e-07
7.277752092215695745e-01 3.069773319518643053e-07 2.824175710367563995e-07 5.893949029886207048e-07
7.265628609263947713e-01 3.169101579279304011e-07 2.800085574317050957e-07 5.969187153596355498e-07
7.253573845894663030e-01 3.272368466417999920e-07 2.774994459064695024e-07 6.047362925482694415e-07
7.241588643658415370e-01 3.379668237432398241e-07 2.748870246076070139e-07 6.128538483508468380e-07
7.229673839249665113e-01 3.491074323174581905e-07 2.721680461791520613e-07 6.212754784966101989e-07
7.217830264448363842e-01 3.606635217150480772e-07 2.693392536015249393e-07 6.300027753165729635e-07
7.206058746061873022e-01 3.726369671252860093e-07 2.663974098081339397e-07 6.390343769334199490e-07
7.194360105867255717e-01 3.850261955156016758e-07 2.633393331253433433e-07 6.483655286409450721e-07
7.182735160553900267e-01 3.978256792124328508e-07 2.601619370974954579e-07 6.579876163099283616e-07
7.171184721666510331e-01 4.110254888611242796e-07 2.568622754894214395e-07 6.678877643505457191e-07
7.159709595548446881e-01 4.246107897394841070e-07 2.534375921642968880e-07 6.780483819037809421e-07
7.148310583285445441e-01 4.385614114292164370e-07 2.498853750184859921e-07 6.884467864477023762e-07
7.136988480649677502e-01 4.528514294130366420e-07 2.462034144246451093e-07 6.990548438376816984e-07
7.125744078044210505e-01 4.674488435466091068e-07 2.423898643632206698e-07 7.098387079098297236e-07
7.114578160447824207e-01 4.823152586233588602e-07 2.384433062212160856e-07 7.207585648445749459e-07
7.103491507360210067e-01 4.974056893052871755e-07 2.343628149154064584e-07 7.317685042206936075e-07
7.092484892747552561e-01 5.126684706277223061e-07 2.301480238895500916e-07 7.428164945172724506e-07
7.081559084988503505e-01 5.280452217653434972e-07 2.257991906355855419e-07 7.538444124009290126e-07
7.070714846820536081e-01 5.434709704584304374e-07 2.213172595217098887e-07 7.647882299801402996e-07
7.059952935286696318e-01 5.588743778232820077e-07 2.167039207824899966e-07 7.755782986057720043e-07
7.049274101682764249e-01 5.741781007139464029e-07 2.119616650330526597e-07 7.861397657469991156e-07
7.038679091504790319e-01 5.892992923241189460e-07 2.070938306034870795e-07 7.963931229276060520e-07
7.028168644397061460e-01 6.041501822913127278e-07 2.021046433535927632e-07 8.062548256449055175e-07
7.017743494100464607e-01 6.186388824734956597e-07 1.969992468355311349e-07 8.156381293090268475e-07
7.007404368401262129e-01 6.326702050168861469e-07 1.917837217985734899e-07 8.244539268154596369e-07
6.997151989080285794e-01 6.461466590586428465e-07 1.864650941316043487e-07 8.326117531902472482e-07
6.986987071862549303e-01 6.589695256759481222e-07 1.810513299658533792e-07 8.400208556418014750e-07
6.976910326367280479e-01 6.710400042555783946e-07 1.755513175637815231e-07 8.465913218193598912e-07
6.966922456058383117e-01 6.822604201555143071e-07 1.699748353602161881e-07 8.522352555157304687e-07
6.957024158195334040e-01 6.925354903451056058e-07 1.643325062899525610e-07 8.568679966350581403e-07
6.947216123784495379e-01 7.017735617209533805e-07 1.586357383949968423e-07 8.604093001159502492e-07
6.937499037530884261e-01 7.098879108609875518e-07 1.528966522935209549e-07 8.627845631545084802e-07
6.927873577790371051e-01 7.167979117570398313e-07 1.471279965301132450e-07 8.639259082871531293e-07
6.918340416522318348e-01 7.224302308224314361e-07 1.413430514907914006e-07 8.637732823132227837e-07
6.908900219242678498e-01 7.267198986950389587e-07 1.355555237657775694e-07 8.622754224608165017e-07
6.899553644977526323e-01 7.296112632386819819e-07 1.297794323056257322e-07 8.593906955443077141e-07
6.890301346217059253e-01 7.310588672157004894e-07 1.240289881318101730e-07 8.550878553475106889e-07
6.881143968870039318e-01 7.310281124406270510e-07 1.183184697920370518e-07 8.493465822326641293e-07
6.872082152218705886e-01 7.294958463309382410e-07 1.126620963184055189e-07 8.421579426493437864e-07
6.863116528874149136e-01 7.264507310529766713e-07 1.070739000965274290e-07 8.335246311495041003e-07
6.854247724732139835e-01 7.218934579792379632e-07 1.015676014084000939e-07 8.234610593876380836e-07
6.845476358929444283e-01 7.158367997202354684e-07 9.615648671439459589e-08 8.119932864346300908e-07
6.836803043800594448e-01 7.083054955320924235e-07 9.085329257729613910e-08 7.991587881093886023e-07
6.828228384835144382e-01 6.993359460153334922e-07 8.567009716965283118e-08 7.850060431849862837e-07
6.819752980635399586e-01 6.889757821274732884e-07 8.061822043242795339e-08 7.695940025599012286e-07
6.811377422874628218e-01 6.772832848116685691e-07 7.570813454156616019e-08 7.529914193532346895e-07
6.803102296255755244e-01 6.643266418234760196e-07 7.094938591885672473e-08 7.352760277423327311e-07
6.794928178470546198e-01 6.501831014615181190e-07 6.635052926418307305e-08 7.165336307257011523e-07
6.786855640159276115e-01 6.349380591433369732e-07 6.191907457344001212e-08 6.968571337167769456e-07
6.778885244870893612e-01 6.186839604867684971e-07 5.766144736591987055e-08 6.763454078526883279e-07
6.771017549023679027e-01 6.015192466619176225e-07 5.358296234661580677e-08 6.551022090085333829e-07
6.763253101866399941e-01 5.835471398772319007e-07 4.968781054146996096e-08 6.332349504187019080e-07
6.755592445439969618e-01 5.648744662646362829e-07 4.597905953143380470e-08 6.108535257960700677e-07
6.748036114539603947e-01 5.456104260199110283e-07 4.245866635144004724e-08 5.880690923713510358e-07
6.740584636677487973e-01 5.258653801352574036e-07 3.912750260585432278e-08 5.649928827411116933e-07
6.733238532045953129e-01 5.057496321101277572e-07 3.598539098194333199e-08 5.417350230920711355e-07
6.725998313481158508e-01 4.853722898364416502e-07 3.303115222124196371e-08 5.184034420576836603e-07
6.718864486427290617e-01 4.648401487631806356e-07 3.026266176035926087e-08 4.951028105235399031e-07
6.711837548901277151e-01 4.442566532406906233e-07 2.767691477330069060e-08 4.719335680139913337e-07
6.704917991458021476e-01 4.237209573652822859e-07 2.527009854071692400e-08 4.489910559059992132e-07
6.698106297156158906e-01 4.033270961922753142e-07 2.303767093855728076e-08 4.263647671308325983e-07
6.691402941524325909e-01 3.831632182633219213e-07 2.097444371914479805e-08 4.041376619824667425e-07
6.684808392527973320e-01 3.633110099887699311e-07 1.907466928995055217e-08 3.823856792787204998e-07
6.678323110536691365e-01 3.438451593518077899e-07 1.733212961936680043e-08 3.611772889711745903e-07
6.671947548292073149e-01 3.248330589100618928e-07 1.574022599045952371e-08 3.405732849005214231e-07
6.665682150876103274e-01 3.063344860221979655e-07 1.429206827695529917e-08 3.206265542991532697e-07
6.659527355680098237e-01 2.884015602924364402e-07 1.298056251488152357e-08 3.013821228073179390e-07
6.653483592374156430e-01 2.710786900865079799e-07 1.179849558513131267e-08 2.828771856716392727e-07
6.647551282877175449e-01 2.544027089201940727e-07 1.073861601339859324e-08 2.651413249335926626e-07
6.641730841327393442e-01 2.384030911977659208e-07 9.793709946995346733e-09 2.481968011447612676e-07
6.636022674053473347e-01 2.231022117042971019e-07 8.956671586872105950e-09 2.320588832911692161e-07
6.630427179546144467e-01 2.085157610998198078e-07 8.220567534113003637e-09 2.167363286339328130e-07
6.624944748430375840e-01 1.946531373947557446e-07 7.578694643206020539e-09 2.022318320379617734e-07
6.619575763438114713e-01 1.815179821680727893e-07 7.024631162560318141e-09 1.885426133306331124e-07
6.614320599381560140e-01 1.691086425809189725e-07 6.552281032135668133e-09 1.756609236130546398e-07
6.609179623127002801e-01 1.574187646187797554e-07 6.155911653222479568e-09 1.635746762720022342e-07
6.604153193569209934e-01 1.464378280212189054e-07 5.830186299097622636e-09 1.522680143203165157e-07
6.599241661606372045e-01 1.361517293853948395e-07 5.570193602988554009e-09 1.417219229883833819e-07
6.594445370115608052e-01 1.265433154001892406e-07 5.371476230227421421e-09 1.319147916304166687e-07
6.589764653929027771e-01 1.175929438504101648e-07 5.230056363564058990e-09 1.228230002139742213e-07
6.585199839810353950e-01 1.092790397802155386e-07 5.142446108314909430e-09 1.144214858885304430e-07
6.580751246432116064e-01 1.015784452791457008e-07 5.105623350792111698e-09 1.066840686299378067e-07
6.576419184353400338e-01 9.446692348581355659e-08 5.116964822235117748e-09 9.958388830804866855e-08
6.572203955998170422e-01 8.791936862142780576e-08 5.174175451708648479e-09 9.309354407313645093e-08
6.568105855634154278e-01 8.191025007761907234e-08 5.275332544578706456e-09 8.718558262219778210e-08
6.564125169352299505e-01 7.641414728877226148e-08 5.419228444456984580e-09 8.183337573322925268e-08
6.560262175046808197e-01 7.140678741451471737e-08 5.606161881673007225e-09 7.701294929618773121e-08
6.556517142395726916e-01 6.686620897197754461e-08 5.839122718820208953e-09 7.270533169079775770e-08
6.552890332842127297e-01 6.277407794753902289e-08 6.124948640645560463e-09 6.889902658818457756e-08
6.549381999575852875e-01 5.911591346745254921e-08 6.474650856746809779e-09 6.559056432419936064e-08
6.545992387515844335e-01 5.587972277534569564e-08 6.901956813970493900e-09 6.278167958931618458e-08
6.542721733293038744e-01 5.305183183902497195e-08 7.419425995206431540e-09 6.047125783423139936e-08
6.539570265233852764e-01 5.061056248333417367e-08 8.032304347672555919e-09 5.864286683100672793e-08
6.536538203344243181e-01 4.851832995364573556e-08 8.731365719073437949e-09 5.724969567271917020e-08
6.533625759294346969e-01 4.671485805705029561e-08 9.486899663947866010e-09 5.620175772099815831e-08
6.530833136403705330e-01 4.511346502279919644e-08 1.024627470655555966e-08 5.535973972935475941e-08
6.528160529627067277e-01 4.360303441659863742e-08 1.093687888338331962e-08 5.453991329998195869e-08
6.525608125540784954e-01 4.205635843435868510e-08 1.147482443279327971e-08 5.353118286715196812e-08
6.523176102329782955e-01 4.034363130478900888e-08 1.177805550117756354e-08 5.212168680596657408e-08
6.520864629775124932e-01 3.834950066679084307e-08 1.178103318141978346e-08 5.013053384821062818e-08
6.518673869242151975e-01 3.598991443772758119e-08 1.144751558236236738e-08 4.743743002008994858e-08
6.516603973669230498e-01 3.322529376600007011e-08 1.077832890375123885e-08 4.400362266975130731e-08
6.514655087557064128e-01 3.006811140969431268e-08 9.812298471174894387e-09 3.988040988086920541e-08
6.512827346958610653e-01 2.658288349554280159e-08 8.620246624787907629e-09 3.520313012033070756e-08
6.511120879469584066e-01 2.287917135506310978e-08 7.293624002163334472e-09 3.017279535722644343e-08
6.509535804219548361e-01 1.909836111749851383e-08 5.930457924279528966e-09 2.502881904177804445e-08
6.508072231863597512e-01 1.539684709862490626e-08 4.621628367164149690e-09 2.001847546578905595e-08
6.506730264574632772e-01 1.192758897746226382e-08 3.440032739481545490e-09 1.536762171694380807e-08
6.505509996036230591e-01 8.822974512226135570e-09 2.434206734905386303e-09 1.125718124713152146e-08
6.504411511436100080e-01 6.180608971103248816e-09 1.626775091284478405e-09 7.807384062387727015e-09
6.503434887460138869e-01 4.054297106184447960e-09 1.017051522890315540e-09 5.071348629074763087e-09
6.502580192287077399e-01 2.450800392680996316e-09 5.864277860285857199e-10 3.037228178709582139e-09
6.501847485583719388e-01 1.332799752959632288e-09 3.049746134999887284e-10 1.637774366459621120e-09
6.501236818500779613e-01 6.273462875088183298e-10 1.378667231940060488e-10 7.652130107028244044e-10
6.500748233669308984e-01 2.387720914435971021e-10 5.069106225017034668e-11 2.894631536937674488e-10
6.500381765197718043e-01 6.400492530744948045e-11 1.322357112470197891e-11 7.722849643215146259e-11
6.500137438669402190e-01 8.461992632780743443e-12 1.715029972673454562e-12 1.017702260545419720e-11
6.500015271140948681e-01 1.072298327452047681e-13 2.117644383428568479e-14 1.284062765794904498e-13
