1.204819277108433839e+00 3.609529671253643940e-09 5.234160851871611847e-09 8.843690523125242139e-09
1.204816621981416702e+00 3.491198207705183627e-09 5.233489859571685967e-09 8.724688067276870835e-09
1.204795381134472043e+00 2.646176381583977316e-09 5.179166955273317633e-09 7.825343336857289573e-09
1.204752900342934918e+00 1.423421259781924441e-09 4.851070405987242464e-09 6.274491665769171041e-09
1.204689181411470633e+00 4.391600966936480862e-10 4.009149819693786815e-09 4.448309916387436297e-09
1.204604227046981668e+00 2.574333736513225040e-11 2.697826845026608628e-09 2.723570182391742604e-09
1.204498040858492658e+00 4.653159977310937858e-11 1.344105373529318777e-09 1.390636973302430308e-09
1.204370627356996515e+00 1.459786833025060168e-10 4.277025512823230628e-10 5.736812345848292088e-10
1.204221991955263693e+00 1.335683339837991944e-10 6.171851741701086423e-11 1.952868514008099294e-10
1.204052140967611040e+00 5.889234321987121616e-11 6.240456704623295370e-12 6.513279992449443640e-11
1.203861081609634676e+00 1.138061124360595306e-11 1.496149196721381213e-11 2.634210321081974096e-11
1.203648821997902907e+00 3.034138267114138706e-13 1.187008538163949294e-11 1.217349920835093165e-11
1.203415371149611390e+00 2.509509454881397634e-13 6.634842904997477594e-12 6.885793850485620538e-12
1.203160738982200106e+00 2.328275542797441650e-13 5.376386723158769468e-12 5.609214277438521308e-12
1.202884936312932584e+00 4.087051814762867473e-14 5.384544289273876754e-12 5.425414807421498733e-12
1.202587974858435604e+00 1.612594111361235195e-15 5.392421498815024813e-12 5.394034092926378050e-12
1.202269867234201595e+00 1.849668436868735038e-16 5.387127410896429612e-12 5.387312377740121154e-12
1.201930626954053061e+00 5.875991310628105860e-16 5.385748260290790773e-12 5.386335859421852008e-12
1.201570268429568156e+00 1.074727560654015643e-15 5.384995621402274936e-12 5.386070348962921590e-12
1.201188806969469169e+00 1.147202050694798127e-15 5.384923066073331986e-12 5.386070268124024855e-12
1.200786258778970383e+00 1.106226923723609046e-15 5.385057714256325745e-12 5.386163941180044548e-12
1.200362640959092397e+00 1.095930222356686654e-15 5.385166528675508569e-12 5.386262458897852111e-12
1.199917971505932712e+00 1.101999386462827446e-15 5.385255287158532050e-12 5.386357286544991439e-12
1.199452269309903674e+00 1.108059273374938485e-15 5.385346807899894776e-12 5.386454867173277549e-12
1.198965554154928226e+00 1.113263681227207833e-15 5.385443721876319076e-12 5.386556985557550002e-12
1.198457846717600361e+00 1.118754151204258421e-15 5.385544555241249301e-12 5.386663309392458825e-12
1.197929168566306712e+00 1.124650253970536515e-15 5.385649020504213615e-12 5.386773670758190938e-12
1.197379542160309729e+00 1.130905614986364412e-15 5.385757164747424524e-12 5.386888070362409048e-12
1.196808990848794441e+00 1.137530413492957653e-15 5.385868977376893156e-12 5.387006507790383862e-12
1.196217538869875474e+00 1.144542280361919562e-15 5.385984434622532054e-12 5.387128976902906080e-12
1.195605211349568098e+00 1.151956800586518548e-15 5.386103518363389244e-12 5.387255475163980500e-12
1.194972034300721075e+00 1.159790049040341488e-15 5.386226213280373818e-12 5.387386003329415134e-12
1.194318034621910440e+00 1.168058776482756285e-15 5.386352506041974979e-12 5.387520564818448287e-12
1.193643240096298186e+00 1.176780313243987841e-15 5.386482385229533864e-12 5.387659165542783083e-12
1.192947679390450766e+00 1.185972573570522460e-15 5.386615840973726750e-12 5.387801813547308358e-12
1.192231382053122291e+00 1.195654065611662108e-15 5.386752864651672347e-12 5.387948518717270256e-12
1.191494378513998420e+00 1.205843888855081574e-15 5.386893448643175251e-12 5.388099292532026862e-12
1.190736700082404287e+00 1.216561739477823654e-15 5.387037585913352733e-12 5.388254147652827109e-12
1.189958378945974005e+00 1.227827916108297168e-15 5.387185269680049170e-12 5.388413097596150365e-12
1.189159448169283095e+00 1.239663318305072299e-15 5.387336493154097289e-12 5.388576156472402178e-12
1.188339941692444945e+00 1.252089452382899021e-15 5.387491249176133374e-12 5.388743338628510863e-12
1.187499894329667516e+00 1.265128436595051305e-15 5.387649529931261151e-12 5.388914658367852543e-12
1.186639341767774969e+00 1.278803001686781284e-15 5.387811326691599093e-12 5.389090129693300095e-12
1.185758320564692436e+00 1.293136496640492247e-15 5.387976629532354716e-12 5.389269766028997235e-12
1.184856868147891484e+00 1.308152892129428881e-15 5.388145427153992050e-12 5.389453580046122295e-12
1.183935022812800941e+00 1.323876783497937163e-15 5.388317706678828417e-12 5.389641583462329231e-12
1.182992823721180420e+00 1.340333396827624868e-15 5.388493453443830535e-12 5.389833786840660343e-12
1.182030310899455650e+00 1.357548591985712583e-15 5.388672650928509242e-12 5.390030199520492042e-12
1.181047525237018947e+00 1.375548866403696969e-15 5.388855280654759563e-12 5.390230829521163459e-12
1.180044508484491494e+00 1.394361361679533375e-15 5.389041322069161143e-12 5.390435683430845864e-12
1.179021303251950537e+00 1.414013866751475494e-15 5.389230752539150926e-12 5.390644766405904507e-12
1.177977953007117939e+00 1.434534822435614732e-15 5.389423547344018676e-12 5.390858082166463023e-12
1.176914502073515223e+00 1.455953327638276386e-15 5.389619679670031946e-12 5.391075632997670862e-12
1.175830995628579068e+00 1.478299143422694449e-15 5.389819120656156382e-12 5.391297419799586966e-12
1.174727479701743071e+00 1.501602698482848203e-15 5.390021839428483083e-12 5.391523442126966020e-12
1.173604001172481981e+00 1.525895095086451760e-15 5.390227803179438409e-12 5.391753698274522687e-12
1.172460607768320173e+00 1.551208113719460394e-15 5.390436977267786403e-12 5.391988185381511785e-12
1.171297348062804167e+00 1.577574219468808424e-15 5.390649325267384791e-12 5.392226899486843244e-12
1.170114271473439382e+00 1.605026568022685231e-15 5.390864809074343639e-12 5.392469835642379991e-12
1.168911428259589824e+00 1.633599010752746992e-15 5.391083389041817833e-12 5.392716988052561844e-12
1.167688869520344230e+00 1.663326101677182837e-15 5.391305024048587130e-12 5.392968350150269443e-12
1.166446647192344699e+00 1.694243103779539418e-15 5.391529671594409736e-12 5.393223914698193453e-12
1.165184814047579787e+00 1.726385994920413368e-15 5.391757287919847161e-12 5.393483673914759895e-12
1.163903423691143857e+00 1.759791475189351936e-15 5.391987828092103604e-12 5.393747619567288123e-12
1.162602530558958680e+00 1.794496973531043988e-15 5.392221246091890415e-12 5.394015743065419427e-12
1.161282189915461505e+00 1.830540654517379870e-15 5.392457494885409388e-12 5.394288035539931024e-12
1.159942457851257380e+00 1.867961426188783235e-15 5.392696526492840727e-12 5.394564487919037817e-12
1.158583391280735952e+00 1.906798946905197629e-15 5.392938292076428096e-12 5.394845091023327524e-12
1.157205047939653841e+00 1.947093632962729624e-15 5.393182741978399672e-12 5.395129835611367090e-12
1.155807486382681715e+00 1.988886666939048178e-15 5.393429825745357860e-12 5.395418712412297963e-12
1.154390765980917166e+00 2.032220005144447251e-15 5.393679492194653269e-12 5.395711712199796058e-12
1.152954946919362511e+00 2.077136385813376261e-15 5.393931689442094450e-12 5.396008825827911135e-12
1.151500090194367054e+00 2.123679338048966281e-15 5.394186364897683556e-12 5.396310044235727766e-12
1.150026257611037384e+00 2.171893189953715651e-15 5.394443465287128693e-12 5.396615358477074369e-12
1.148533511780610583e+00 2.221823077637984117e-15 5.394702936666563535e-12 5.396924759744206907e-12
1.147021916117794582e+00 2.273514954443339547e-15 5.394964724419395311e-12 5.397238239373849566e-12
1.145491534838074976e+00 2.327015599940872211e-15 5.395228773244975502e-12 5.397555788844911935e-12
1.143942432954985877e+00 2.382372629682269721e-15 5.395495027139497138e-12 5.397877399769171909e-12
1.142374676277348566e+00 2.439634505018817233e-15 5.395763429400163823e-12 5.398203063905185092e-12
1.140788331406476397e+00 2.498850542700890400e-15 5.396033922613905661e-12 5.398532773156602969e-12
1.139183465733343947e+00 2.560070925633923531e-15 5.396306448614251972e-12 5.398866519539884588e-12
1.137560147435725977e+00 2.623346713234190991e-15 5.396580948468453443e-12 5.399204295181676884e-12
1.135918445475299521e+00 2.688729851956506623e-15 5.396857362476879514e-12 5.399546092328833749e-12
1.134258429594714901e+00 2.756273186655573247e-15 5.397135630136271043e-12 5.399891903322922868e-12
1.132580170314633206e+00 2.826030471839953578e-15 5.397415690110135477e-12 5.400241720581984127e-12
1.130883738930730242e+00 2.898056382981294156e-15 5.397697480216542709e-12 5.400595536599521490e-12
1.129169207510667183e+00 2.972406528729940992e-15 5.397980937409908523e-12 5.400953343938635181e-12
1.127436648891029902e+00 3.049137462813205927e-15 5.398265997757529810e-12 5.401315135220355533e-12
1.125686136674233895e+00 3.128306696533546732e-15 5.398552596410840037e-12 5.401680903107370792e-12
1.123917745225398779e+00 3.209972711716443276e-15 5.398840667588044922e-12 5.402050640299757122e-12
1.122131549669187045e+00 3.294194973520411975e-15 5.399130144569034135e-12 5.402424339542555709e-12
1.120327625886615053e+00 3.381033943825502979e-15 5.399420959667368641e-12 5.402801993611200972e-12
1.118506050511827388e+00 3.470551095238759167e-15 5.399713044201678339e-12 5.403183595296918884e-12
1.116666900928842354e+00 3.562808924735884045e-15 5.400006328493926926e-12 5.403569137418656473e-12
1.114810255268264605e+00 3.657870968117524102e-15 5.400300741856933096e-12 5.403958612825045564e-12
1.112936192403965574e+00 3.755801814867938847e-15 5.400596212567248072e-12 5.404352014382115430e-12
1.111044791949732824e+00 3.856667123047736632e-15 5.400892667851396449e-12 5.404749334974446326e-12
1.109136134255888528e+00 3.960533634757745375e-15 5.401190033878188428e-12 5.405150567512945306e-12
1.107210300405874648e+00 4.067469192010759069e-15 5.401488235746426005e-12 5.405555704938434443e-12
1.105267372212810129e+00 4.177542752705102587e-15 5.401787197467946575e-12 5.405964740220646742e-12
1.103307432216013906e+00 4.290824407430959062e-15 5.402086841950021112e-12 5.406377666357457928e-12
1.101330563677499041e+00 4.407385396257046752e-15 5.402387090989093767e-12 5.406794476385359490e-12
1.099336850578435554e+00 4.527298125942641023e-15 5.402687865262090010e-12 5.407215163388036640e-12
1.097326377615582826e+00 4.650636187950818693e-15 5.402989084302851675e-12 5.407639720490804232e-12
1.095299230197691598e+00 4.777474376545964544e-15 5.403290666489238114e-12 5.408068140865775832e-12
1.093255494441874864e+00 4.907888707194787347e-15 5.403592529039838478e-12 5.408500417747032467e-12
1.091195257169950805e+00 5.041956435913832487e-15 5.403894587996288306e-12 5.408936544432195397e-12
1.089118605904753068e+00 5.179756078657219403e-15 5.404196758203935791e-12 5.409376514282601407e-12
1.087025628866413740e+00 5.321367431233885344e-15 5.404498953303398730e-12 5.409820320734636154e-12
1.084916414968614573e+00 5.466871589848328214e-15 5.404801085718035638e-12 5.410267957307891261e-12
1.082791053814810445e+00 5.616350971889130632e-15 5.405103066637627512e-12 5.410719417609511865e-12
1.080649635694423072e+00 5.769889337375808925e-15 5.405404806002665441e-12 5.411174695340042619e-12
1.078492251579004524e+00 5.927571811018069043e-15 5.405706212489618065e-12 5.411633784300645326e-12
1.076318993118373202e+00 6.089484904432548294e-15 5.406007193499352662e-12 5.412096678403785244e-12
1.074129952636719620e+00 6.255716539257848778e-15 5.406307655141647321e-12 5.412563371680901887e-12
1.071925223128685767e+00 6.426356070745085121e-15 5.406607502214853126e-12 5.413033858285593354e-12
1.069704898255412484e+00 6.601494311667172251e-15 5.406906638193334578e-12 5.413508132504999752e-12
1.067469072340562875e+00 6.781223557028164864e-15 5.407204965213838084e-12 5.413986188770874817e-12
1.065217840366313062e+00 6.965637609313768082e-15 5.407502384053524004e-12 5.414468021662837280e-12
1.062951297969318531e+00 7.154831804183664662e-15 5.407798794114705012e-12 5.414953625918879457e-12
1.060669541436650931e+00 7.348903037050619672e-15 5.408094093410463333e-12 5.415442996447519692e-12
1.058372667701707570e+00 7.547949790074411622e-15 5.408388178543120613e-12 5.415936128333199229e-12
1.056060774340093600e+00 7.752072159806431844e-15 5.408680944687383316e-12 5.416433016847192271e-12
1.053733959565476441e+00 7.961371885699198864e-15 5.408972285574052753e-12 5.416933657459749538e-12
1.051392322225414233e+00 8.175952379018807929e-15 5.409262093467738866e-12 5.417438045846765799e-12
1.049035961797155636e+00 8.395918752490270180e-15 5.409550259149966843e-12 5.417946177902447689e-12
1.046664978383414768e+00 8.621377850839946033e-15 5.409836671900118034e-12 5.418458049750953206e-12
1.044279472708118162e+00 8.852438281826703122e-15 5.410121219471789069e-12 5.418973657753615002e-12
1.041879546112125965e+00 9.089210448133404378e-15 5.410403788074031653e-12 5.419492998522149422e-12
1.039465300548926052e+00 9.331806580104630858e-15 5.410684262350523617e-12 5.420016068930616699e-12
1.037036838580304599e+00 9.580340769042228639e-15 5.410962525356196212e-12 5.420542866125238871e-12
1.034594263371987122e+00 9.834929001468227949e-15 5.411238458538854386e-12 5.421073387540323014e-12
1.032137678689256877e+00 1.009568919415533973e-14 5.411511941714784648e-12 5.421607630908935424e-12
1.029667188892546825e+00 1.036274122987847580e-14 5.411782853044515609e-12 5.422145594274396516e-12
1.027182898933005406e+00 1.063620699418485255e-14 5.412051069016122499e-12 5.422687276010299570e-12
1.024684914348038767e+00 1.091621041294171109e-14 5.412316464418283218e-12 5.423232674831230148e-12
1.022173341256826795e+00 1.120287749076938864e-14 5.412578912310923924e-12 5.423781789801700292e-12
1.019648286355815170e+00 1.149633635057039379e-14 5.412838284006658357e-12 5.424334620357235166e-12
1.017109856914183208e+00 1.179671727377321028e-14 5.413094449046001507e-12 5.424891166319774449e-12
1.014558160769285955e+00 1.210415274161540764e-14 5.413347275166831781e-12 5.425451427908428108e-12
1.011993306322073405e+00 1.241877747753905362e-14 5.413596628280323605e-12 5.426015405757865007e-12
1.009415402532485739e+00 1.274072849039472483e-14 5.413842372444660202e-12 5.426583100935054434e-12
1.006824558914824141e+00 1.307014511876367084e-14 5.414084369837987051e-12 5.427154514956753210e-12
1.004220885533098739e+00 1.340716907644195950e-14 5.414322480729852346e-12 5.427729649806305377e-12
1.001604492996352347e+00 1.375194449888434710e-14 5.414556563446891921e-12 5.428308507945769598e-12
9.989754924539618886e-01 1.410461799090138519e-14 5.414786474348278792e-12 5.428891092339185232e-12
9.963339955909170653e-01 1.446533867540949250e-14 5.415012067801739764e-12 5.429477406477146221e-12
9.936801146230745951e-01 1.483425824332869493e-14 5.415233196143513104e-12 5.430067454386843576e-12
9.910139622923923586e-01 1.521153100484693289e-14 5.415449709646481087e-12 5.430661240651323180e-12
9.883356518621387865e-01 1.559731394176699350e-14 5.415661456498230319e-12 5.431258770439994533e-12
9.856452971120818196e-01 1.599176676110701533e-14 5.415868282764591170e-12 5.431860049525702663e-12
9.829430123336556635e-01 1.639505195019953851e-14 5.416070032351525263e-12 5.432465084301721677e-12
9.802289123251043401e-01 1.680733483294643179e-14 5.416266546974336423e-12 5.433073881807293965e-12
9.775031123866059213e-01 1.722878362749875165e-14 5.416457666124790251e-12 5.433686449752284866e-12
9.747657283153741137e-01 1.765956950541021873e-14 5.416643227036299023e-12 5.434302796541706471e-12
9.720168764007385276e-01 1.809986665211596813e-14 5.416823064643512629e-12 5.434922931295623277e-12
9.692566734192047395e-01 1.854985232899523442e-14 5.416997011541594466e-12 5.435546863870587792e-12
9.664852366294935937e-01 1.900970693695483437e-14 5.417164897957361400e-12 5.436174604894307806e-12
9.637026837675598534e-01 1.947961408142361258e-14 5.417326551710282682e-12 5.436806165791700160e-12
9.609091330415898691e-01 1.995976063917484500e-14 5.417481798162128558e-12 5.437441558801311566e-12
9.581047031269805947e-01 2.045033682668420767e-14 5.417630460182760217e-12 5.438080797009434968e-12
9.552895131612982871e-01 2.095153627009293524e-14 5.417772358115681429e-12 5.438723894385777662e-12
9.524636827392159999e-01 2.146355607707921839e-14 5.417907309728468297e-12 5.439370865805551223e-12
9.496273319074342023e-01 2.198659691037868333e-14 5.418035130167659635e-12 5.440021727078030234e-12
9.467805811595806365e-01 2.252086306314729382e-14 5.418155631917649976e-12 5.440676494980785775e-12
9.439235514310914121e-01 2.306656253631488064e-14 5.418268624755924879e-12 5.441335187292237075e-12
9.410563640940733388e-01 2.362390711770752431e-14 5.418373915708550697e-12 5.441997822826247698e-12
9.381791409521479386e-01 2.419311246324977910e-14 5.418471308997860250e-12 5.442664421461105946e-12
9.352920042352771413e-01 2.477439818026224098e-14 5.418560605993506996e-12 5.443335004173771263e-12
9.323950765945703267e-01 2.536798791263098152e-14 5.418641605171821710e-12 5.444009593084450713e-12
9.294884810970744926e-01 2.597410942832077274e-14 5.418714102060931790e-12 5.444688211489243528e-12
9.265723412205454368e-01 2.659299470907407194e-14 5.418777889182045170e-12 5.445370883891119997e-12
9.236467808482023978e-01 2.722488004223391045e-14 5.418832756003881072e-12 5.446057636046116750e-12
9.207119242634657086e-01 2.787000611506914696e-14 5.418878488889635928e-12 5.446748495004711143e-12
9.177678961446765760e-01 2.852861811142071054e-14 5.418914871036896468e-12 5.447443489148318984e-12
9.148148215598003175e-01 2.920096581075612558e-14 5.418941682423050647e-12 5.448142648233807997e-12
9.118528259611138331e-01 2.988730368990299264e-14 5.418958699746547318e-12 5.448846003436444170e-12
9.088820351798755359e-01 3.058789102721276662e-14 5.418965696369075982e-12 5.449553587396284950e-12
9.059025754209800718e-01 3.130299200942809388e-14 5.418962442258240917e-12 5.450265434267678414e-12
9.029145732575972749e-01 3.203287584144604824e-14 5.418948703919214563e-12 5.450981579760650571e-12
8.999181556257941361e-01 3.277781685871925472e-14 5.418924244331168215e-12 5.451702061189898849e-12
8.969134498191434490e-01 3.353809464264547087e-14 5.418888822888630245e-12 5.452426917531280291e-12
8.939005834833152475e-01 3.431399413901047627e-14 5.418842195329560162e-12 5.453156189468567457e-12
8.908796846106546985e-01 3.510580577935878464e-14 5.418784113665589986e-12 5.453889919444954147e-12
8.878508815347444516e-01 3.591382560567646722e-14 5.418714326117375719e-12 5.454628151723063962e-12
8.848143029249527780e-01 3.673835539824584088e-14 5.418632577040597800e-12 5.455370932438849523e-12
8.817700777809677204e-01 3.757970280677028743e-14 5.418538606853761326e-12 5.456118309660540398e-12
8.787183354273168101e-01 3.843818148513406837e-14 5.418432151966307266e-12 5.456870333451427242e-12
8.756592055078729064e-01 3.931411122961919943e-14 5.418312944697730519e-12 5.457627055927358926e-12
8.725928179803469353e-01 4.020781812065952695e-14 5.418180713200667467e-12 5.458388531321332907e-12
8.695193031107669723e-01 4.111963466854952807e-14 5.418035181382624002e-12 5.459154816051177013e-12
8.664387914679442249e-01 4.204989996290492072e-14 5.417876068820285599e-12 5.459925968783185812e-12
8.633514139179261360e-01 4.299895982611390010e-14 5.417703090677691864e-12 5.460702050503813091e-12
8.602573016184372756e-01 4.396716697089808800e-14 5.417515957620745318e-12 5.461483124591648695e-12
8.571565860133072423e-01 4.495488116207208388e-14 5.417314375724580094e-12 5.462269256886655314e-12
8.540493988268866854e-01 4.596246938269939455e-14 5.417098046387795258e-12 5.463060515770478515e-12
8.509358720584514479e-01 4.699030600477244328e-14 5.416866666240955231e-12 5.463856972245732489e-12
8.478161379765948302e-01 4.803877296432975111e-14 5.416619927045716563e-12 5.464658700010044831e-12
8.446903291136093062e-01 4.910825994150797958e-14 5.416357515599959041e-12 5.465465775541479093e-12
8.415585782598549169e-01 5.019916454545589985e-14 5.416079113641708339e-12 5.466278278187163476e-12
8.384210184581194492e-01 5.131189250423412057e-14 5.415784397744059848e-12 5.467096290248298979e-12
8.352777829979657342e-01 5.244685785993955513e-14 5.415473039210569403e-12 5.467919897070507077e-12
8.321290054100695111e-01 5.360448316923806046e-14 5.415144703967870867e-12 5.468749187137106447e-12
8.289748194605465192e-01 5.478519970943619216e-14 5.414799052456081161e-12 5.469584252165523941e-12
8.258153591452704889e-01 5.598944769022452233e-14 5.414435739519563144e-12 5.470425187209780163e-12
8.226507586841801389e-01 5.721767647127067659e-14 5.414054414288798735e-12 5.471272090760066180e-12
8.194811525155775156e-01 5.847034478597448556e-14 5.413654720058759427e-12 5.472125064844731502e-12
8.163066752904164503e-01 5.974792097148132755e-14 5.413236294171331943e-12 5.472984215142817802e-12
8.131274618665828013e-01 6.105088320501234131e-14 5.412798767891719350e-12 5.473849651096725115e-12
8.099436473031654815e-01 6.237971974699521295e-14 5.412341766278336215e-12 5.474721486025318289e-12
8.067553668547181589e-01 6.373492919106444572e-14 5.411864908052932364e-12 5.475599837243992569e-12
8.035627559655142971e-01 6.511702072114151118e-14 5.411367805464558020e-12 5.476484826185701273e-12
8.003659502637926471e-01 6.652651437579906438e-14 5.410850064152864936e-12 5.477376578528653411e-12
7.971650855559954119e-01 6.796394132025278760e-14 5.410311283011767001e-12 5.478275224332017353e-12
7.939602978209993056e-01 6.942984412619793201e-14 5.409751054040671316e-12 5.479180898166869816e-12
7.907517232043391742e-01 7.092477705965846471e-14 5.409168962190459432e-12 5.480093739250122390e-12
7.875394980124234001e-01 7.244930637708603472e-14 5.408564585217418072e-12 5.481013891594494060e-12
7.843237587067439787e-01 7.400401063031749359e-14 5.407937493530121059e-12 5.481941504160437795e-12
7.811046418980790440e-01 7.558948098029178860e-14 5.407287250022779882e-12 5.482876731003072542e-12
7.778822843406896226e-01 7.720632151986032701e-14 5.406613409907321189e-12 5.483819731427181844e-12
7.746568229265099470e-01 7.885514960630347227e-14 5.405915520547840801e-12 5.484770670154134693e-12
7.714283946793324409e-01 8.053659620363521372e-14 5.405193121291737702e-12 5.485729717495368082e-12
7.681971367489855984e-01 8.225130623497320918e-14 5.404445743287889397e-12 5.486697049522864562e-12
7.649631864055088659e-01 8.399993894549383892e-14 5.403672909296459341e-12 5.487672848241961915e-12
7.617266810333201965e-01 8.578316827628327147e-14 5.402874133506591667e-12 5.488657301782873726e-12
7.584877581253799406e-01 8.760168324942996143e-14 5.402048921349994233e-12 5.489650604599421961e-12
7.552465552773508506e-01 8.945618836476426838e-14 5.401196769293581255e-12 5.490652957658349032e-12
7.520032101817509806e-01 9.134740400854125313e-14 5.400317164631582777e-12 5.491664568640128826e-12
7.487578606221056976e-01 9.327606687482338989e-14 5.399409585285524486e-12 5.492685652160354641e-12
7.455106444670934751e-01 9.524293039965191276e-14 5.398473499590290858e-12 5.493716429989942102e-12
7.422616996646896892e-01 9.724876520847814415e-14 5.397508366064621308e-12 5.494757131273092056e-12
7.390111642363055289e-01 9.929435957763960175e-14 5.396513633183223550e-12 5.495807992760872164e-12
7.357591762709257965e-01 1.013805199102469408e-13 5.395488739150389448e-12 5.496869259060635278e-12
7.325058739192411572e-01 1.035080712266799186e-13 5.394433111660875197e-12 5.497941182887550205e-12
7.292513953877801658e-01 1.056778576706045450e-13 5.393346167643993933e-12 5.499024025314596042e-12
7.259958789330376305e-01 1.078907430311822645e-13 5.392227313007950692e-12 5.500118056039147787e-12
7.227394628556015332e-01 1.101476112816848086e-13 5.391075942390835996e-12 5.501223553672521057e-12
7.194822854942773960e-01 1.124493671351681451e-13 5.389891438892654073e-12 5.502340806027822861e-12
7.162244852202118706e-01 1.147969366180946547e-13 5.388673173783849937e-12 5.503470110401950726e-12
7.129662004310136636e-01 1.171912676627367724e-13 5.387420506221222121e-12 5.504611773883958994e-12
7.097075695448749055e-01 1.196333307184345691e-13 5.386132782972426297e-12 5.505766113690858619e-12
7.064487309946904103e-01 1.221241193827228333e-13 5.384809338114568916e-12 5.506933457497289023e-12
7.031898232221772682e-01 1.246646510534276916e-13 5.383449492706428816e-12 5.508114143759855296e-12
6.999309846719926620e-01 1.272559676023619747e-13 5.382052554468676784e-12 5.509308522071030630e-12
6.966723537858539039e-01 1.298991360709930748e-13 5.380617817474447814e-12 5.510516953545444019e-12
6.934140689966556970e-01 1.325952493893605396e-13 5.379144561811471748e-12 5.511739811200836503e-12
6.901562687225899495e-01 1.353454271194484049e-13 5.377632053212457640e-12 5.512977480331908847e-12
6.868990913612660343e-01 1.381508162236035213e-13 5.376079542697804237e-12 5.514230358921407682e-12
6.836426752838299370e-01 1.410125918586498682e-13 5.374486266230236723e-12 5.515498858088885531e-12
6.803871588290874017e-01 1.439319581973533711e-13 5.372851444328863959e-12 5.516783402526214629e-12
6.771326802976264103e-01 1.469101492785269636e-13 5.371174281652269757e-12 5.518084430930793691e-12
6.738793779459417710e-01 1.499484298860694766e-13 5.369453966604391209e-12 5.519402396490458313e-12
6.706273899805619276e-01 1.530480964585774192e-13 5.367689670938286249e-12 5.520737767396866900e-12
6.673768545521779894e-01 1.562104780312295771e-13 5.365880549309226708e-12 5.522091027340460829e-12
6.641279097497740924e-01 1.594369372108602128e-13 5.364025738816197107e-12 5.523462676027054088e-12
6.608806935947618699e-01 1.627288711852538350e-13 5.362124358568112746e-12 5.524853229753369231e-12
6.576353440351165869e-01 1.660877127687412515e-13 5.360175509221410391e-12 5.526263221990149624e-12
6.543919989395166059e-01 1.695149314857382158e-13 5.358178272464201000e-12 5.527693203949938963e-12
6.511507960914875159e-01 1.730120346933910518e-13 5.356131710510646679e-12 5.529143745204030385e-12
6.479118731835473710e-01 1.765805687449114720e-13 5.354034865616036560e-12 5.530615434360957322e-12
6.446753678113587016e-01 1.802221201959506361e-13 5.351886759536547380e-12 5.532108879732501525e-12
6.414414174678818581e-01 1.839383170560895660e-13 5.349686392937739876e-12 5.533624709993827624e-12
6.382101595375351266e-01 1.877308300865047080e-13 5.347432744839707195e-12 5.535163574926210539e-12
6.349817312903575095e-01 1.916013741462788225e-13 5.345124772069180019e-12 5.536726146215457832e-12
6.317562698761780560e-01 1.955517095902241125e-13 5.342761408621201629e-12 5.538313118211423873e-12
6.285339123187885235e-01 1.995836437202943275e-13 5.340341564987126857e-12 5.539925208707415934e-12
6.253147955101235889e-01 2.036990322922193259e-13 5.337864127545915710e-12 5.541563159838131047e-12
6.220990562044440564e-01 2.078997810806325003e-13 5.335327957926287447e-12 5.543227739006919821e-12
6.188868310125281713e-01 2.121878475061289338e-13 5.332731892253045147e-12 5.544919739759172036e-12
6.156782563958681509e-01 2.165652423263023962e-13 5.330074740402081627e-12 5.546639982728384276e-12
6.124734686608722667e-01 2.210340313934627218e-13 5.327355285325075332e-12 5.548389316718531415e-12
6.092726039530749205e-01 2.255963374833158813e-13 5.324572282286853231e-12 5.550168619770167522e-12
6.060757982513531594e-01 2.302543421982103186e-13 5.321724457984423276e-12 5.551978800182636119e-12
6.028831873621492976e-01 2.350102879475717478e-13 5.318810509728825723e-12 5.553820797676405952e-12
5.996949069137020860e-01 2.398664800097645020e-13 5.315829104675910906e-12 5.555695584685683687e-12
5.965110923502847662e-01 2.448252886801742680e-13 5.312778878906548319e-12 5.557604167586718952e-12
5.933318789264512283e-01 2.498891515098001267e-13 5.309658436416010627e-12 5.559547587925812925e-12
5.901574017012900519e-01 2.550605756383429673e-13 5.306466348212729692e-12 5.561526923851071851e-12
5.869877955326872065e-01 2.603421402269956699e-13 5.303201151412058817e-12 5.563543291639067412e-12
5.838231950715969676e-01 2.657364989971170020e-13 5.299861348133116738e-12 5.565597847130236618e-12
5.806637347563210483e-01 2.712463828799246735e-13 5.296445404357032800e-12 5.567691787236943539e-12
5.775095488067981675e-01 2.768746027826876737e-13 5.292951748911260455e-12 5.569826351693941313e-12
5.743607712189017223e-01 2.826240524783446682e-13 5.289378772379092290e-12 5.572002824857436655e-12
5.712175357587480073e-01 2.884977116262235571e-13 5.285724825799831325e-12 5.574222537426052054e-12
5.680799759570125396e-01 2.944986489305059404e-13 5.281988219382129339e-12 5.576486868312636946e-12
5.649482251032582614e-01 3.006300254438504721e-13 5.278167221322776189e-12 5.578797246766633023e-12
5.618224162402726263e-01 3.068950980255537381e-13 5.274260056488624660e-12 5.581155154514181125e-12
5.587026821584162306e-01 3.132972229636728814e-13 5.270264904899956429e-12 5.583562127863631936e-12
5.555891553899808821e-01 3.198398597699548095e-13 5.266179900260093399e-12 5.586019760030039020e-12
5.524819682035602142e-01 3.265265751580444731e-13 5.262003128557217706e-12 5.588529703715265208e-12
5.493812525984301809e-01 3.333610472172793037e-13 5.257732626479684302e-12 5.591093673696965827e-12
5.462871402989414316e-01 3.403470697940366659e-13 5.253366379640382452e-12 5.593713449434425732e-12
5.431997627489233427e-01 3.474885570931672928e-13 5.248902320870688643e-12 5.596390877963853008e-12
5.401192511061005952e-01 3.547895485138330465e-13 5.244338328548229698e-12 5.599127877062062088e-12
5.370457362365205212e-01 3.622542137357039878e-13 5.239672224681991161e-12 5.601926438417700854e-12
5.339793487089946611e-01 3.698868580720321639e-13 5.234901772820432455e-12 5.604788630892458661e-12
5.309202187895507574e-01 3.776919281068091265e-13 5.230024676052123491e-12 5.607716604158937212e-12
5.278684764358998471e-01 3.856740176358346265e-13 5.225038574978606096e-12 5.610712592614441884e-12
5.248242512919149005e-01 3.938378739332806262e-13 5.219941045386704541e-12 5.613778919319983501e-12
5.217876726821232269e-01 4.021884043663102350e-13 5.214729595772994490e-12 5.616918000139310784e-12
5.187588696062127580e-01 4.107306833821047266e-13 5.209401664959382997e-12 5.620132348341487875e-12
5.157379707335522090e-01 4.194699598948056745e-13 5.203954619592140844e-12 5.623424579486936320e-12
5.127251043977241185e-01 4.284116651019841509e-13 5.198385751302712526e-12 5.626797416404694708e-12
5.097203985910734314e-01 4.375614207620996407e-13 5.192692273754112780e-12 5.630253694516211260e-12
5.067239809592704036e-01 4.469250479679522321e-13 5.186871319736585592e-12 5.633796367704539237e-12
5.037359787958873847e-01 4.565085764538668879e-13 5.180919938049561416e-12 5.637428514503429920e-12
5.007565190369920316e-01 4.663182544776120359e-13 5.174835090023173683e-12 5.641153344500784911e-12
4.977857282557537344e-01 4.763605593226696399e-13 5.168613645929967063e-12 5.644974205252645285e-12
4.948237326570670280e-01 4.866422084694651255e-13 5.162252381372016514e-12 5.648894589841493857e-12
4.918706580721909916e-01 4.971701714882022770e-13 5.155747973360062899e-12 5.652918144848272951e-12
4.889266299534017479e-01 5.079516827124415225e-13 5.149096996003488408e-12 5.657048678715928416e-12
4.859917733686650587e-01 5.189942547575043753e-13 5.142295916063496980e-12 5.661290170820996811e-12
4.830662129963222418e-01 5.303056929512928256e-13 5.135341088386872144e-12 5.665646781338163152e-12
4.801500731197930749e-01 5.418941107531478023e-13 5.128228750930048615e-12 5.670122861683199649e-12
4.772434776222971298e-01 5.537679462448098435e-13 5.120955019338461230e-12 5.674722965583279757e-12
4.743465499815905373e-01 5.659359797814758373e-13 5.113515881329089504e-12 5.679451861110565846e-12
4.714594132647196290e-01 5.784073528981886744e-13 5.105907190833528571e-12 5.684314543731725728e-12
4.685821901227943398e-01 5.911915885777626560e-13 5.098124661601288415e-12 5.689316250179048748e-12
4.657150027857761554e-01 6.042986129934683336e-13 5.090163860279919937e-12 5.694462473273383424e-12
4.628579730572868201e-01 6.177387788462752940e-13 5.082020199204118059e-12 5.699758978050391030e-12
4.600112223094334762e-01 6.315228904264750087e-13 5.073688928780251092e-12 5.705211819206724990e-12
4.571748714776515676e-01 6.456622305411743453e-13 5.065165129169756002e-12 5.710827359710937113e-12
4.543490410555692804e-01 6.601685894605437602e-13 5.056443701339438385e-12 5.716612290799990526e-12
4.515338510898869728e-01 6.750542960460988809e-13 5.047519357676795797e-12 5.722573653722897606e-12
4.487294211752776985e-01 6.903322512380370770e-13 5.038386611981806046e-12 5.728718863219843426e-12
4.459358704493077141e-01 7.060159640985547524e-13 5.029039768565368495e-12 5.735055732663924459e-12
4.431533175873739738e-01 7.221195906245986505e-13 5.019472910567354580e-12 5.741592501191962621e-12
4.403818807976628280e-01 7.386579755533934700e-13 5.009679887635186325e-12 5.748337863188577068e-12
4.376216778161291510e-01 7.556466973998015972e-13 4.999654302720895580e-12 5.755301000120705053e-12
4.348728259014934538e-01 7.731021169780587857e-13 4.989389497763054947e-12 5.762491614741122012e-12
4.321354418302617573e-01 7.910414296534274665e-13 4.978878538389971466e-12 5.769919968043404284e-12
4.294096418917632274e-01 8.094827215578245574e-13 4.968114197729038155e-12 5.777596919286866044e-12
4.266955418832120150e-01 8.284450299888620087e-13 4.957088939045726750e-12 5.785533969034588860e-12
4.239932571047856369e-01 8.479484081753186393e-13 4.945794897009341090e-12 5.793743305184655994e-12
4.213029023547288920e-01 8.680139945573649691e-13 4.934223857722267952e-12 5.802237852279633526e-12
4.186245919244752089e-01 8.886640867127169264e-13 4.922367237551476017e-12 5.811031324264188601e-12
4.159584395937929724e-01 9.099222200433056651e-13 4.910216060466926372e-12 5.820138280510222141e-12
4.133045586259505022e-01 9.318132513545119920e-13 4.897760933715699649e-12 5.829574185070214468e-12
4.106630617629055680e-01 9.543634475478494859e-13 4.884992021994800052e-12 5.839355469542648932e-12
4.080340612205153317e-01 9.776005797696640926e-13 4.871899020162383744e-12 5.849499599932045009e-12
4.054176686837689392e-01 1.001554023508082436e-12 4.858471124231416975e-12 5.860025147739504863e-12
4.028139953020435371e-01 1.026254865345202599e-12 4.844697000560875338e-12 5.870951865906079755e-12
4.002231516843818282e-01 1.051736017259285073e-12 4.830564753501571737e-12 5.882300770760857820e-12
3.976452478947942737e-01 1.078032339437182615e-12 4.816061891599983166e-12 5.894094231037154270e-12
3.950803934475817236e-01 1.105180772490393985e-12 4.801175292175138440e-12 5.906356064665541109e-12
3.925286973026844706e-01 1.133220479648494694e-12 4.785891164296039110e-12 5.919111643944535420e-12
3.899902678610523976e-01 1.162192998793174015e-12 4.770195010477125731e-12 5.932388009270303179e-12
3.874652129600409944e-01 1.192142403120043057e-12 4.754071587179049747e-12 5.946213990299090582e-12
3.849536398688289118e-01 1.223115467770289940e-12 4.737504863885647017e-12 5.960620331655934534e-12
3.824556552838621615e-01 1.255161837953548750e-12 4.720477980731677180e-12 5.975639818685231382e-12
3.799713653243208533e-01 1.288334192181076699e-12 4.702973204902753948e-12 5.991307397083826810e-12
3.775008755276106909e-01 1.322688392591615112e-12 4.684971885798587079e-12 6.007660278390200980e-12
3.750442908448806678e-01 1.358283613217030497e-12 4.666454408722001889e-12 6.024738021939038848e-12
3.726017156365629690e-01 1.395182436940151713e-12 4.647400147157761224e-12 6.042582584097921823e-12
3.701732536679415153e-01 1.433450913460449222e-12 4.627787414164185343e-12 6.061238327624627496e-12
3.677590081047417137e-01 1.473158574023988210e-12 4.607593413414769376e-12 6.080751987438755365e-12
3.653590815087494059e-01 1.514378404141214246e-12 4.586794190435800593e-12 6.101172594577012213e-12
3.629735758334527995e-01 1.557186783116585672e-12 4.565364585194126676e-12 6.122551368310702654e-12
3.606025924197119314e-01 1.601663408375022561e-12 4.543278187903625130e-12 6.144941596278644864e-12
3.582462319914534454e-01 1.647891232210260021e-12 4.520507300045171561e-12 6.168398532255432390e-12
3.559045946513911263e-01 1.695956447494135443e-12 4.497022902546454730e-12 6.192979350040590173e-12
3.535777798767740787e-01 1.745948565228067939e-12 4.472794633514604045e-12 6.218743198742670570e-12
3.512658865151599974e-01 1.797960628309764203e-12 4.447790778161374458e-12 6.245751406471142296e-12
3.489690127802167474e-01 1.852089600653387268e-12 4.421978272980768841e-12 6.274067873634158936e-12
3.466872562475491470e-01 1.908436957060928568e-12 4.395322725382273214e-12 6.303759682443202993e-12
3.444207138505546162e-01 1.967109475366164126e-12 4.367788449369816636e-12 6.334897924735978338e-12
3.421694818763046930e-01 2.028220198183553107e-12 4.339338517086697429e-12 6.367558715270254978e-12
3.399336559614551945e-01 2.091889488390217988e-12 4.309934824632757205e-12 6.401824313022971557e-12
3.377133310881820227e-01 2.158246052164859455e-12 4.279538169048178933e-12 6.437784221213042427e-12
3.355086015801479471e-01 2.227427749619592485e-12 4.248108332392834639e-12 6.475536082012422681e-12
3.333195610984944768e-01 2.299581961633478734e-12 4.215604168494573366e-12 6.515186130128053311e-12
3.311463026378630436e-01 2.374865238652760229e-12 4.181983687602739655e-12 6.556848926255499884e-12
3.289889185224444956e-01 2.453441929191064049e-12 4.147204134060549393e-12 6.600646063251615866e-12
3.268475004020571228e-01 2.535481479658160647e-12 4.111222053335515647e-12 6.646703532993679929e-12
3.247221392482533275e-01 2.621154119205928129e-12 4.073993347172503610e-12 6.695147466378433354e-12
3.226129253504540495e-01 2.710624696996819309e-12 4.035473318201193196e-12 6.746098015198011294e-12
3.205199483121144999e-01 2.804044526321859683e-12 3.995616708018587486e-12 6.799661234340448381e-12
3.184432970469167623e-01 2.901541209577877117e-12 3.954377736699138782e-12 6.855918946277011860e-12
3.163830597749927032e-01 3.003206565120513955e-12 3.911710156129510308e-12 6.914916721250028302e-12
3.143393240191760807e-01 3.109082942995378030e-12 3.867567333117323602e-12 6.976650276112699208e-12
3.123121766012847411e-01 3.219148391124569683e-12 3.821902380982565867e-12 7.041050772107135954e-12
3.103017036384321248e-01 3.333301303108490910e-12 3.774668360744134640e-12 7.107969663852628377e-12
3.083079905393686371e-01 3.451345327860535111e-12 3.725818574450275835e-12 7.177163902310806503e-12
3.063311220008537727e-01 3.572975435891404097e-12 3.675306972790476071e-12 7.248282408681879764e-12
3.043711820040574390e-01 3.697766104290474842e-12 3.623088696843026944e-12 7.320854801133501785e-12
3.024282538109930307e-01 3.825162590098873156e-12 3.569120769618924842e-12 7.394283359717800825e-12
3.005024199609791502e-01 3.954476203032946327e-12 3.513362947885677859e-12 7.467839150918625397e-12
2.985937622671348546e-01 4.084884363057084688e-12 3.455778738222889335e-12 7.540663101279968772e-12
2.967023618129019935e-01 4.215436038262065377e-12 3.396336572579611455e-12 7.611772610841680871e-12
2.948282989486030736e-01 4.345062910772123230e-12 3.335011129136588664e-12 7.680074039908716741e-12
2.929716532880252133e-01 4.472596328503112767e-12 3.271784775532161426e-12 7.744381104035272577e-12
2.911325037050401798e-01 4.596789786844680825e-12 3.206649102845547916e-12 7.803438889690228740e-12
2.893109283302526258e-01 4.716346364014195019e-12 3.139606510003446323e-12 7.855952874017642149e-12
2.875070045476804115e-01 4.829950228714295972e-12 3.070671790934073940e-12 7.900622019648375163e-12
2.857208089914688998e-01 4.936301073123688701e-12 2.999873671572274533e-12 7.936174744695963638e-12
2.839524175426335617e-01 5.034150115239850366e-12 2.927256241088423435e-12 7.961406356328274204e-12
2.822019053258378873e-01 5.122336174582329907e-12 2.852880220839249597e-12 7.975216395421583543e-12
2.804693467062004952e-01 5.199820268158844051e-12 2.776824015633036811e-12 7.976644283791881669e-12
2.787548152861375472e-01 5.265717205665905581e-12 2.699184495470143677e-12 7.964901701136043604e-12
2.770583839022342509e-01 5.319322777626644164e-12 2.620077462934056189e-12 7.939400240560701161e-12
2.753801246221527776e-01 5.360135319984727555e-12 2.539637769879302268e-12 7.899773089864027400e-12
2.737201087415681577e-01 5.387870696418351309e-12 2.458019055916015449e-12 7.845889752334364739e-12
2.720784067811414797e-01 5.402470047382478767e-12 2.375393092482073493e-12 7.777863139864556299e-12
2.704550884835235092e-01 5.404099990614406857e-12 2.291948729211028485e-12 7.696048719825440189e-12
2.688502228103911706e-01 5.393145308448723427e-12 2.207890451785194352e-12 7.601035760233920607e-12
2.672638779395190012e-01 5.370194509150122427e-12 2.123436574198031563e-12 7.493631083348155202e-12
2.656961212618816903e-01 5.336018979563275469e-12 2.038817101473196890e-12 7.374836081036470339e-12
2.641470193787925913e-01 5.291546734760993491e-12 1.954271309108775031e-12 7.245818043869765695e-12
2.626166380990728744e-01 5.237832002843465719e-12 1.870045095625209451e-12 7.107877098468670727e-12
2.611050424362570954e-01 5.176022037169836954e-12 1.786388172084561724e-12 6.962410209254391408e-12
2.596122966058300729e-01 5.107322601178508188e-12 1.703551153385342683e-12 6.810873754563848448e-12
2.581384640225004024e-01 5.032963519160374687e-12 1.621782613978220097e-12 6.654746133138592764e-12
2.566836072975050564e-01 4.954165542073529198e-12 1.541326169294199486e-12 6.495491711367728684e-12
2.552477882359502903e-01 4.872109561691683868e-12 1.462417638871193827e-12 6.334527200562878705e-12
2.538310678341859639e-01 4.787908960132822091e-12 1.385282342006045653e-12 6.173191302138866331e-12
2.524335062772138372e-01 4.702585660392834916e-12 1.310132575835632016e-12 6.012718236228463903e-12
2.510551629361316150e-01 4.617050286266222721e-12 1.237165322782202556e-12 5.854215609048422046e-12
2.496960963656101595e-01 4.532086759378550026e-12 1.166560233068553912e-12 5.698646992447103938e-12
2.483563643014060907e-01 4.448341647269262480e-12 1.098477930779984907e-12 5.546819578049244358e-12
2.470360236579089708e-01 4.366318588171213356e-12 1.033058683779898470e-12 5.399377271951110412e-12
2.457351305257238494e-01 4.286378084986635806e-12 9.704214665040756511e-13 5.256799551490709235e-12
2.444537401692878087e-01 4.208742817860466518e-12 9.106634355262883362e-13 5.119406253386755056e-12
2.431919070245228409e-01 4.133508339005513218e-12 8.538598166796873437e-13 4.987368155685206418e-12
2.419496846965232539e-01 4.060658590831904691e-12 8.000641836257245318e-13 4.860722774457631545e-12
2.407271259572776601e-01 3.990085180988712163e-12 7.493090984586955940e-13 4.739394279447414624e-12
2.395242827434282129e-01 3.921608855877207948e-12 7.016070651119800988e-13 4.623215920989187239e-12
2.383412061540633176e-01 3.855001258821979730e-12 6.569517417555611563e-13 4.511953000577539776e-12
2.371779464485474775e-01 3.790004944078698910e-12 6.153193714547368022e-13 4.405324315533434601e-12
2.360345530443856699e-01 3.726349807718079848e-12 5.766703832238944955e-13 4.303020190941971718e-12
2.349110745151246349e-01 3.663764600236202435e-12 5.409511261427435290e-13 4.204715726378944651e-12
2.338075585882885832e-01 3.601982940053082101e-12 5.080957190086300327e-13 4.110078659061709710e-12
2.327240521433524278e-01 3.540744128184621604e-12 4.780279851580307374e-13 4.018772113342650927e-12
2.316606012097496559e-01 3.479789919631755360e-12 4.506634609592880089e-13 3.930453380591042612e-12
2.306172509649170588e-01 3.418859079316443820e-12 4.259114790526284751e-13 3.844770558369072447e-12
2.295940457323760453e-01 3.357681914619576992e-12 4.036772918352502600e-13 3.761359206454827555e-12
2.285910289798485928e-01 3.295976964373531494e-12 3.838642297722539133e-13 3.679841194145786013e-12
2.276082433174119457e-01 3.233451634577800972e-12 3.663758897082624455e-13 3.599827524286064579e-12
2.266457304956871199e-01 3.169807885874712268e-12 3.511182982092797881e-13 3.520926184083993520e-12
2.257035314040665985e-01 3.104753220112742207e-12 3.380020498398386641e-13 3.442755269952578095e-12
2.247816860689761664e-01 3.038016322856530183e-12 3.269443977827354350e-13 3.364960720639265618e-12
2.238802336521751590e-01 2.969365962675595732e-12 3.178712260481112322e-13 3.287237188723705904e-12
2.229992124490925709e-01 2.898631227288314425e-12 3.107189427876659907e-13 3.209350170075977538e-12
2.221386598872001905e-01 2.825720944287789919e-12 3.054362790590139687e-13 3.131157223346802576e-12
2.212986125244226498e-01 2.750640245916073832e-12 3.019859743487862174e-13 3.052626220264858232e-12
2.204791060475843334e-01 2.673502605417272227e-12 3.003465111890910757e-13 2.973849116606364262e-12
2.196801752708935906e-01 2.594536223632456595e-12 3.005139374120195170e-13 2.895050161044476314e-12
2.189018541344631974e-01 2.514084353579130755e-12 3.025038822910404176e-13 2.816588235870170667e-12
2.181441757028690642e-01 2.432599803033582145e-12 3.063540840495805506e-13 2.738953887083161939e-12
2.174071721637451937e-01 2.350634455527807105e-12 3.121275557468908757e-13 2.662762011274698132e-12
2.166908748264167184e-01 2.268825203445610131e-12 3.199167309685356864e-13 2.588741934414147837e-12
2.159953141205692984e-01 2.187877937260502318e-12 3.298490622675162714e-13 2.517726999528017428e-12
2.153205195949570439e-01 2.108551453812126038e-12 3.420943452779029019e-13 2.450645799090028890e-12
2.146665199161465198e-01 2.031643301402069019e-12 3.568746072292617429e-13 2.388517908631329197e-12
2.140333428672994420e-01 1.957979340225446345e-12 3.744773807822237480e-13 2.332456721007669387e-12
2.134210153469921767e-01 1.888408494255330782e-12 3.952724896061410457e-13 2.283680983861468748e-12
2.128295633680731547e-01 1.823805570625651171e-12 4.197357758884358727e-13 2.243541346514086337e-12
2.122590120565578109e-01 1.765091372369280996e-12 4.484941375496949107e-13 2.213585509918975049e-12
2.117093856505609384e-01 1.713269779427097801e-12 4.823897727563749750e-13 2.195659552183471362e-12
2.111807074992672340e-01 1.669412775663540052e-12 5.224520166684578613e-13 2.191864792331997611e-12
2.106730000619394250e-01 1.634512001934252823e-12 5.696552382672329346e-13 2.204167240201487777e-12
2.101862849069639771e-01 1.609528403607654532e-12 6.250043333037886268e-13 2.234532736911440937e-12
2.097205827109348275e-01 1.596669705452929219e-12 6.915185371392485107e-13 2.288188242592177528e-12
2.092759132577753090e-01 1.602270316383383942e-12 7.784562928065490934e-13 2.380726609189933541e-12
2.088522954378971563e-01 1.638223678420204386e-12 9.027026557380539599e-13 2.540926334158257841e-12
2.084497472473985924e-01 1.715823447414819889e-12 1.077951742580427060e-12 2.793775189995246343e-12
2.080682857872993285e-01 1.830090876523074606e-12 1.289869041032564154e-12 3.119959917555641385e-12
2.077079272628145346e-01 1.945258639773405499e-12 1.475158772771688164e-12 3.420417412545096894e-12
2.073686869826660006e-01 2.001083643607706431e-12 1.534562389642987719e-12 3.535646033250695160e-12
2.070505793584319909e-01 1.950565038445687363e-12 1.392345779308765639e-12 3.342910817754454416e-12
2.067536179039348998e-01 1.814813480353835037e-12 1.074004085202783532e-12 2.888817565556621801e-12
2.064778152346673779e-01 1.721699706084245866e-12 7.458752499246446064e-13 2.467574956008890573e-12
2.062231830672562605e-01 1.900457138290896672e-12 6.757813984789228703e-13 2.576238536769815503e-12
2.059897322189646329e-01 2.630833712684648818e-12 1.124670234255308750e-12 3.755503946939957769e-12
2.057774726072328086e-01 4.170636014756157142e-12 2.225697882448174638e-12 6.396333897204330972e-12
2.055864132492565000e-01 6.691196636133140262e-12 3.915414203812436038e-12 1.060661083994557711e-11
2.054165622616038467e-01 1.023682467493882889e-11 5.950612286162320039e-12 1.618743696110115135e-11
2.052679268598709694e-01 1.470714496099225605e-11 7.998747005347634112e-12 2.270589196633987400e-11
2.051405133583749929e-01 1.985517028183016063e-11 9.756198833797380145e-12 2.961136911562752301e-11
2.050343271698859271e-01 2.530010243592631857e-11 1.104102734211972813e-11 3.634112977804604508e-11
2.049493728053969621e-01 3.056091947864487191e-11 1.182538096267767096e-11 4.238630044132252348e-11
2.048856538739326771e-01 3.511446134764887540e-11 1.220558217666705391e-11 4.732004352431592446e-11
2.048192771084337560e-01 4.048024782108960267e-11 1.236016328814837146e-11 5.284041110923799513e-11
