1.000000000000000000e+00 1.483097989580516130e-22 3.029417711231066565e-29 1.483098292522287145e-22
9.999995486284071200e-01 1.036843642623393320e-13 1.046371725624195064e-13 2.083215368247588384e-13
9.999959376844265169e-01 7.599687693501632543e-12 8.458748489224612623e-12 1.605843618272624517e-11
9.999887159498651590e-01 4.778344477142438673e-11 6.443781383876674739e-11 1.122212586101911341e-10
9.999778837315163038e-01 1.333918235128223983e-10 2.382119237569344727e-10 3.716037472697568969e-10
9.999634414895530732e-01 2.327155530703590883e-10 6.004541106225004948e-10 8.331696636928596090e-10
9.999453898375100236e-01 2.852733050945341059e-10 1.167481978934786912e-09 1.452755284029320966e-09
9.999237295422556127e-01 2.555611364782248332e-10 1.855857463455724539e-09 2.111418599933949321e-09
9.998984615239611129e-01 1.668736945235526090e-10 2.499536024565455357e-09 2.666409719089007888e-09
9.998695868560600886e-01 7.638940659561017248e-11 2.938664494569499774e-09 3.015053901165109792e-09
9.998371067652040978e-01 2.265605644625021809e-11 3.112978977985952255e-09 3.135635034432202599e-09
9.998010226312097348e-01 4.600692763555815513e-12 3.080033904321247525e-09 3.084634597084803500e-09
9.997613359870001215e-01 2.470062287050961073e-12 2.954231208181409360e-09 2.956701270468460512e-09
9.997180485185402921e-01 2.784366824694407214e-12 2.832205986215473137e-09 2.834990353040167570e-09
9.996711620647648067e-01 2.542877525636641043e-12 2.758387829697428577e-09 2.760930707223065304e-09
9.996206786175003689e-01 2.307021051928528582e-12 2.732344202589330700e-09 2.734651223641259311e-09
9.995666003213805606e-01 2.275210862975594166e-12 2.733319616911048882e-09 2.735594827774024577e-09
9.995089294737552477e-01 2.300721488059356217e-12 2.741528404362401709e-09 2.743829125850460944e-09
9.994476685245927694e-01 2.320041662440443024e-12 2.747322323753829554e-09 2.749642365416270080e-09
9.993828200763760217e-01 2.335041951086330916e-12 2.749560434663271047e-09 2.751895476614357307e-09
9.993143868839912125e-01 2.350636330691587525e-12 2.750187004707615010e-09 2.752537641038306802e-09
9.992423718546119549e-01 2.367914472134446745e-12 2.750691267816580892e-09 2.753059182288715357e-09
9.991667780475748106e-01 2.386785886643826283e-12 2.751463021481858230e-09 2.753849807368502042e-09
9.990876086742498385e-01 2.406982318450463112e-12 2.752400119423289516e-09 2.754807101741739858e-09
9.990048670979040368e-01 2.428413350756359396e-12 2.753390892357356980e-09 2.755819305708113141e-09
9.989185568335583465e-01 2.451122171194449573e-12 2.754409411300595373e-09 2.756860533471789956e-09
9.988286815478384373e-01 2.475174688620662238e-12 2.755462656129698610e-09 2.757937830818319174e-09
9.987352450588189434e-01 2.500626199412520664e-12 2.756555663281832818e-09 2.759056289481245259e-09
9.986382513358613711e-01 2.527527725088219271e-12 2.757688751390622371e-09 2.760216279115710611e-09
9.985377044994450113e-01 2.555932321887776692e-12 2.758861410252498949e-09 2.761417342574386558e-09
9.984336088209928572e-01 2.585895801975261780e-12 2.760073468254480073e-09 2.762659364056455357e-09
9.983259687226888612e-01 2.617476195345757715e-12 2.761324891715255989e-09 2.763942367910601621e-09
9.982147887772909733e-01 2.650733604642908650e-12 2.762615646127419523e-09 2.765266379732062458e-09
9.981000737079369634e-01 2.685730245403408884e-12 2.763945696099796292e-09 2.766631426345199605e-09
9.979818283879429153e-01 2.722530473189562944e-12 2.765315013958178781e-09 2.768037544431368347e-09
9.978600578405970589e-01 2.761200795094008796e-12 2.766723578383598465e-09 2.769484779178692399e-09
9.977347672389460520e-01 2.801809881747895163e-12 2.768171372014555026e-09 2.770973181896302969e-09
9.976059619055750449e-01 2.844428580907837241e-12 2.769658379701006415e-09 2.772502808281914432e-09
9.974736473123818614e-01 2.889129931416544405e-12 2.771184586891446897e-09 2.774073716822863522e-09
9.973378290803444068e-01 2.935989177439029098e-12 2.772749978056637873e-09 2.775685967234076771e-09
9.971985129792818592e-01 2.985083783108486621e-12 2.774354535214661307e-09 2.777339618997769988e-09
9.970557049276097539e-01 3.036493447678440559e-12 2.775998236613625914e-09 2.779034730061304264e-09
9.969094109920879632e-01 3.090300121059613617e-12 2.777681055584565346e-09 2.780771355705624810e-09
9.967596373875640126e-01 3.146588019687754720e-12 2.779402959553351514e-09 2.782549547573039192e-09
9.966063904767077375e-01 3.205443642855412654e-12 2.781163909215620799e-09 2.784369352858476226e-09
9.964496767697423873e-01 3.266955789525773032e-12 2.782963857886496360e-09 2.786230813676021965e-09
9.962895029241669587e-01 3.331215575484583533e-12 2.784802751009128281e-09 2.788133966584612683e-09
9.961258757444737544e-01 3.398316450870147934e-12 2.786680525800174715e-09 2.790078842251044804e-09
9.959588021818595038e-01 3.468354218119421469e-12 2.788597111036716438e-09 2.792065465254835961e-09
9.957882893339298214e-01 3.541427050396211133e-12 2.790552426992749639e-09 2.794093854043145720e-09
9.956143444443978918e-01 3.617635510434422328e-12 2.792546385496188596e-09 2.796164021006623083e-09
9.954369749027762726e-01 3.697082569724846391e-12 2.794578890066891923e-09 2.798275972636616712e-09
9.952561882440638108e-01 3.779873628115777928e-12 2.796649836124480124e-09 2.800429709752595828e-09
9.950719921484246777e-01 3.866116533864324426e-12 2.798759111269667157e-09 2.802625227803531400e-09
9.948843944408625184e-01 3.955921604098112546e-12 2.800906595617772633e-09 2.804862517221870721e-09
9.946934030908881619e-01 4.049401645666220063e-12 2.803092162156275180e-09 2.807141563801941513e-09
9.944990262121806701e-01 4.146671976418137011e-12 2.805315677119847037e-09 2.809462349096265331e-09
9.943012720622429468e-01 4.247850446949491769e-12 2.807577000381287469e-09 2.811824850828237140e-09
9.941001490420509068e-01 4.353057462748814335e-12 2.809875985833586735e-09 2.814229043296335394e-09
9.938956656956965396e-01 4.462416006729682562e-12 2.812212481742068463e-09 2.816674897748798044e-09
9.936878307100247554e-01 4.576051662202859826e-12 2.814586331075234589e-09 2.819162382737437467e-09
9.934766529142649016e-01 4.694092636316435156e-12 2.816997371825397527e-09 2.821691464461714093e-09
9.932621412796548421e-01 4.816669783925270110e-12 2.819445437298359642e-09 2.824262107082285015e-09
9.930443049190607052e-01 4.943916631866321526e-12 2.821930356353524760e-09 2.826874272985391173e-09
9.928231530865891941e-01 5.075969403657744086e-12 2.824451953607459042e-09 2.829527923011116605e-09
9.925986951771946787e-01 5.212967044666526075e-12 2.827010049614997631e-09 2.832223016659664132e-09
9.923709407262799598e-01 5.355051247722576491e-12 2.829604461015795416e-09 2.834959512263518110e-09
9.921398994092913703e-01 5.502366479144319155e-12 2.832235000637256420e-09 2.837737367116400650e-09
9.919055810413074381e-01 5.655060005215795772e-12 2.834901477569278669e-09 2.840556537574494535e-09
9.916679955766221077e-01 5.813281919153885617e-12 2.837603697224635072e-09 2.843416979143788945e-09
9.914271531083221900e-01 5.977185168489064642e-12 2.840341461374082682e-09 2.846318646542571707e-09
9.911830638678578165e-01 6.146925582892570686e-12 2.843114568146737413e-09 2.849261493729629956e-09
9.909357382246086754e-01 6.322661902445894642e-12 2.845922812013311224e-09 2.852245473915757041e-09
9.906851866854425870e-01 6.504555806390717342e-12 2.848765983768378608e-09 2.855270539574769331e-09
9.904314198942700820e-01 6.692771942362363403e-12 2.851643870500223787e-09 2.858336642442585973e-09
9.901744486315913196e-01 6.887477956046260208e-12 2.854556255538438413e-09 2.861443733494484743e-09
9.899142838140390088e-01 7.088844521300681997e-12 2.857502918395387368e-09 2.864591762916687967e-09
9.896509364939138909e-01 7.297045370734920697e-12 2.860483634714275471e-09 2.867780680085010516e-09
9.893844178587154481e-01 7.512257326777084669e-12 2.863498176210794435e-09 2.871010433537571528e-09
9.891147392306671726e-01 7.734660333194498532e-12 2.866546310599883885e-09 2.874280970933078450e-09
9.888419120662347295e-01 7.964437487097696693e-12 2.869627801524936686e-09 2.877592239012034333e-09
9.885659479556396789e-01 8.201775071420084487e-12 2.872742408500078287e-09 2.880944183571498488e-09
9.882868586223672036e-01 8.446862587873217689e-12 2.875889886850106783e-09 2.884336749437980184e-09
9.880046559226678404e-01 8.699892790365967155e-12 2.879069987637382149e-09 2.887769880427748050e-09
9.877193518450538834e-01 8.961061718883460189e-12 2.882282457589678306e-09 2.891243519308561795e-09
9.874309585097903463e-01 9.230568733894748643e-12 2.885527039042100562e-09 2.894757607775995411e-09
9.871394881683797085e-01 9.508616551258354117e-12 2.888803469883116631e-09 2.898312086434374791e-09
9.868449532030413307e-01 9.795411277619520340e-12 2.892111483492097877e-09 2.901906894769717347e-09
9.865473661261859872e-01 1.009116244626537141e-11 2.895450808675017188e-09 2.905541971121282369e-09
9.862467395798840686e-01 1.039608305345800594e-11 2.898821169607275909e-09 2.909217252660733935e-09
9.859430863353280117e-01 1.071038959529244701e-11 2.902222285777907198e-09 2.912932675373199713e-09
9.856364192922908440e-01 1.103430210508222509e-11 2.905653871930672083e-09 2.916688174035754343e-09
9.853267514785768455e-01 1.136804419125845111e-11 2.909115638008456792e-09 2.920483682199715287e-09
9.850140960494694342e-01 1.171184307574605801e-11 2.912607289103075716e-09 2.924319132178821590e-09
9.846984662871711702e-01 1.206592963286991938e-11 2.916128525401684163e-09 2.928194455034553910e-09
9.843798756002404282e-01 1.243053842875446048e-11 2.919679042126907027e-09 2.932109580555661380e-09
9.840583375230208540e-01 1.280590776125860368e-11 2.923258529480173194e-09 2.936064437241431881e-09
9.837338657150672683e-01 1.319227970044730381e-11 2.926866672592213743e-09 2.940058952292660889e-09
9.834064739605650196e-01 1.358990012960125653e-11 2.930503151473309519e-09 2.944093051602910648e-09
9.830761761677440091e-01 1.399901878675851615e-11 2.934167640958213718e-09 2.948166659744972126e-09
9.827429863682886069e-01 1.441988930678393546e-11 2.937859810648943258e-09 2.952279699955727196e-09
9.824069187167410178e-01 1.485276926396252107e-11 2.941579324858979645e-09 2.956432094122942279e-09
9.820679874899003181e-01 1.529792021514960897e-11 2.945325842559480739e-09 2.960623762774630393e-09
9.817262070862153855e-01 1.575560774351241444e-11 2.949099017327627862e-09 2.964854625071140406e-09
9.813815920251738323e-01 1.622610150281876996e-11 2.952898497295874970e-09 2.969124598798693866e-09
9.810341569466849432e-01 1.670967526226911244e-11 2.956723925096851798e-09 2.973433600359120926e-09
9.806839166104578398e-01 1.720660695187693964e-11 2.960574937803346534e-09 2.977781544755223386e-09
9.803308858953743155e-01 1.771717870842543341e-11 2.964451166870840754e-09 2.982168345579266126e-09
9.799750797988565632e-01 1.824167692204093354e-11 2.968352238085709305e-09 2.986593915007750154e-09
9.796165134362306848e-01 1.878039228334298870e-11 2.972277771513630289e-09 2.991058163796973129e-09
9.792552020400839830e-01 1.933361983119507314e-11 2.976227381443712735e-09 2.995561001274907682e-09
9.788911609596181451e-01 1.990165900102623232e-11 2.980200676330671301e-09 3.000102335331697534e-09
9.785244056599970985e-01 2.048481367373023326e-11 2.984197258737783482e-09 3.004682072411513893e-09
9.781549517216896472e-01 2.108339222521121133e-11 2.988216725279819522e-09 3.009300117505030598e-09
9.777828148398085562e-01 2.169770757654604162e-11 2.992258666567249090e-09 3.013956374143795155e-09
9.774080108234428632e-01 2.232807724480582793e-11 2.996322667153459291e-09 3.018650744398265006e-09
9.770305555949863052e-01 2.297482339448360518e-11 3.000408305480715785e-09 3.023383128875199432e-09
9.766504651894619693e-01 2.363827288952896626e-11 3.004515153820421740e-09 3.028153426709950645e-09
9.762677557538395057e-01 2.431875734598914798e-11 3.008642778211554494e-09 3.032961535557543465e-09
9.758824435463504532e-01 2.501661318532728066e-11 3.012790738404206764e-09 3.037807351589534109e-09
9.754945449357969034e-01 2.573218168844980618e-11 3.016958587808123596e-09 3.042690769496573208e-09
9.751040764008565009e-01 2.646580905046820296e-11 3.021145873439174273e-09 3.047611682489642441e-09
9.747110545293821149e-01 2.721784643611745359e-11 3.025352135860263080e-09 3.052569982296380611e-09
9.743154960176972912e-01 2.798865003572445512e-11 3.029576909119854065e-09 3.057565559155578349e-09
9.739174176698865981e-01 2.877858112186917044e-11 3.033819720692845413e-09 3.062598301814714765e-09
9.735168363970827521e-01 2.958800610683129111e-11 3.038080091426481761e-09 3.067668097533312910e-09
9.731137692167467490e-01 3.041729660089575270e-11 3.042357535488958979e-09 3.072774832089854589e-09
9.727082332519463304e-01 3.126682947132736823e-11 3.046651560315008100e-09 3.077918389786335650e-09
9.723002457306276769e-01 3.213698690195707762e-11 3.050961666545411045e-09 3.083098653447368071e-09
9.718898239848836607e-01 3.302815645345554223e-11 3.055287347963648098e-09 3.088315504417103685e-09
9.714769854502179891e-01 3.394073112445325538e-11 3.059628091436855822e-09 3.093568822561309155e-09
9.710617476648040203e-01 3.487510941350363391e-11 3.063983376864646503e-09 3.098858486278150344e-09
9.706441282687399141e-01 3.583169538186930952e-11 3.068352677131489427e-09 3.104184372513358672e-09
9.702241450032992320e-01 3.681089871707889368e-11 3.072735458052590935e-09 3.109546356769669661e-09
9.698018157101772063e-01 3.781313479723327149e-11 3.077131178308878027e-09 3.114944313106111143e-09
9.693771583307327910e-01 3.883882475611910757e-11 3.081539289381771033e-09 3.120378114137889940e-09
9.689501909052268269e-01 3.988839554909205640e-11 3.085959235500655993e-09 3.125847631049747934e-09
9.685209315720548773e-01 4.096228001990122663e-11 3.090390453598477465e-09 3.131352733618378659e-09
9.680893985669773993e-01 4.206091696845691567e-11 3.094832373260779231e-09 3.136893290229236030e-09
9.676556102223448086e-01 4.318475121950331863e-11 3.099284416665469428e-09 3.142469167884972824e-09
9.672195849663187683e-01 4.433423369213078034e-11 3.103745998522055850e-09 3.148080232214186456e-09
9.667813413220888163e-01 4.550982147021520696e-11 3.108216526013160152e-09 3.153726347483375469e-09
9.663408979070863269e-01 4.671197787371499252e-11 3.112695398738993758e-09 3.159407376612708899e-09
9.658982734321930330e-01 4.794117253091220439e-11 3.117182008671967982e-09 3.165123181202880283e-09
9.654534867009461063e-01 4.919788145155903392e-11 3.121675740116853287e-09 3.170873621568412431e-09
9.650065566087397961e-01 5.048258710113098896e-11 3.126175969654627373e-09 3.176658556755758207e-09
9.645575021420221828e-01 5.179577847627390821e-11 3.130682066068992580e-09 3.182477844545266320e-09
9.641063423774889340e-01 5.313795118139088874e-11 3.135193390287506693e-09 3.188331341468897472e-09
9.636530964812729527e-01 5.450960750611665548e-11 3.139709295348383627e-09 3.194218902854500431e-09
9.631977837081298066e-01 5.591125650354682990e-11 3.144229126359323001e-09 3.200140382862869734e-09
9.627404234006201600e-01 5.734341406941511545e-11 3.148752220433646824e-09 3.206095634503061752e-09
9.622810349882877645e-01 5.880660302257577393e-11 3.153277906634701382e-09 3.212084509657277118e-09
9.618196379868340085e-01 6.030135318707016572e-11 3.157805505937051302e-09 3.218106859124121442e-09
9.613562519972892462e-01 6.182820147558626211e-11 3.162334331172545302e-09 3.224162532648131526e-09
9.608908967051799088e-01 6.338769197386752836e-11 3.166863686964372944e-09 3.230251378938240512e-09
9.604235918796918403e-01 6.498037602591593245e-11 3.171392869689400204e-09 3.236373245715315956e-09
9.599543573728310797e-01 6.660681232030165040e-11 3.175921167455818225e-09 3.242527979776119914e-09
9.594832131185802027e-01 6.826756697795311471e-11 3.180447860044021821e-09 3.248715427021974884e-09
9.590101791320514435e-01 6.996321364164186538e-11 3.184972218828456218e-09 3.254935432470098251e-09
9.585352755086364862e-01 7.169433356706843487e-11 3.189493506741858028e-09 3.261187840308926605e-09
9.580585224231529251e-01 7.346151571528768402e-11 3.194010978263014638e-09 3.267472493978302218e-09
9.575799401289869506e-01 7.526535684608597733e-11 3.198523879361682247e-09 3.273789236207768199e-09
9.570995489572329262e-01 7.710646161230748333e-11 3.203031447421860319e-09 3.280137909034167996e-09
9.566173693158300795e-01 7.898544265587934882e-11 3.207532911212246757e-09 3.286518353868125912e-09
9.561334216886949733e-01 8.090292070611340349e-11 3.212027490876559891e-09 3.292930411582673295e-09
9.556477266348517574e-01 8.285952467986913708e-11 3.216514397873134853e-09 3.299373922553004081e-09
9.551603047875587560e-01 8.485589178277986231e-11 3.220992834900603469e-09 3.305848726683383396e-09
9.546711768534313913e-01 8.689266761172434025e-11 3.225461995880849787e-09 3.312354663492574218e-09
9.541803636115633314e-01 8.897050625932707914e-11 3.229921065951832633e-09 3.318891572211159725e-09
9.536878859126431962e-01 9.109007042054032365e-11 3.234369221402016657e-09 3.325459291822556980e-09
9.531937646780689333e-01 9.325203150067017229e-11 3.238805629604436522e-09 3.332057661105106772e-09
9.526980208990589727e-01 9.545706972490449289e-11 3.243229449011091937e-09 3.338686518735996456e-09
9.522006756357606072e-01 9.770587425007324345e-11 3.247639829140811254e-09 3.345345703390884343e-09
9.517017500163553745e-01 9.999914327887240830e-11 3.252035910510489604e-09 3.352035053789361960e-09
9.512012652361612197e-01 1.023375841760792423e-10 3.256416824580449476e-09 3.358754408756528551e-09
9.506992425567323268e-01 1.047219135865543545e-10 3.260781693754949441e-09 3.365503607341503718e-09
9.501957033049556189e-01 1.071528575552792635e-10 3.265129631369645741e-09 3.372282488924924927e-09
9.496906688721451495e-01 1.096311516494133976e-10 3.269459741631985244e-09 3.379090893281398809e-09
9.491841607131328296e-01 1.121575410821949851e-10 3.273771119574422174e-09 3.385928660656617147e-09
9.486762003453578229e-01 1.147327808393162082e-10 3.278062851048417335e-09 3.392795631887733569e-09
9.481668093479512782e-01 1.173576358088012352e-10 3.282334012707494135e-09 3.399691648516295215e-09
9.476560093608206170e-01 1.200328809138544645e-10 3.286583671960743184e-09 3.406616552874597494e-09
9.471438220837298250e-01 1.227593012474509784e-10 3.290810886946396767e-09 3.413570188193847874e-09
9.466302692753775228e-01 1.255376922084336678e-10 3.295014706528635510e-09 3.420552398737068996e-09
9.461153727524728163e-01 1.283688596405416656e-10 3.299194170263436991e-09 3.427563029903978553e-09
9.455991543888082607e-01 1.312536199751852875e-10 3.303348308353974989e-09 3.434601928329160328e-09
9.450816361143308253e-01 1.341928003772953964e-10 3.307476141653781380e-09 3.441668942031076647e-09
9.445628399142100839e-01 1.371872388935251912e-10 3.311576681666908263e-09 3.448763920560433558e-09
9.440427878279046281e-01 1.402377846031685857e-10 3.315648930491691678e-09 3.455886715094860341e-09
9.435215019482252607e-01 1.433452977728097148e-10 3.319691880792148934e-09 3.463037178564958597e-09
9.429990044203966360e-01 1.465106500146515856e-10 3.323704515833364161e-09 3.470215165848015954e-09
9.424753174411167889e-01 1.497347244482793364e-10 3.327685809467712855e-09 3.477420533915991985e-09
9.419504632576136682e-01 1.530184158655983971e-10 3.331634726060788679e-09 3.484653141926386895e-09
9.414244641667005586e-01 1.563626308992513566e-10 3.335550220488164229e-09 3.491912851387415431e-09
9.408973425138285052e-01 1.597682881944912051e-10 3.339431238190386547e-09 3.499199526384877700e-09
9.403691206921369616e-01 1.632363185845047205e-10 3.343276715149402059e-09 3.506513033733906702e-09
9.398398211415029957e-01 1.667676652701435904e-10 3.347085577812716939e-09 3.513853243082860555e-09
9.393094663475873851e-01 1.703632840048042159e-10 3.350856743102343061e-09 3.521220027107147457e-09
9.387780788408798260e-01 1.740241432840606508e-10 3.354589118481706989e-09 3.528613261765767485e-09
9.382456811957415876e-01 1.777512245387290221e-10 3.358281601939269733e-09 3.536032826477998781e-09
9.377122960294466125e-01 1.815455223313750117e-10 3.361933081906316160e-09 3.543478604237691171e-09
9.371779460012203966e-01 1.854080445577862833e-10 3.365542437263578229e-09 3.550950481821364538e-09
9.366426538112780920e-01 1.893398126545774970e-10 3.369108537431471302e-09 3.558448350086048851e-09
9.361064421998591678e-01 1.933418618124317072e-10 3.372630242370313341e-09 3.565972104182745152e-09
9.355693339462622937e-01 1.974152411941279300e-10 3.376106402486530076e-09 3.573521643680658161e-09
9.350313518678768920e-01 2.015610141573158491e-10 3.379535858634169153e-09 3.581096872791485054e-09
9.344925188192144683e-01 2.057802584826886509e-10 3.382917442220997221e-09 3.588697700703685768e-09
9.339528576909370550e-01 2.100740666080065847e-10 3.386249975224773467e-09 3.596324041832780000e-09
9.334123914088853224e-01 2.144435458683462470e-10 3.389532270103266012e-09 3.603975815971612414e-09
9.328711429331043581e-01 2.188898187430616350e-10 3.392763129788661828e-09 3.611652948531723541e-09
9.323291352568683354e-01 2.234140231098268732e-10 3.395941347797860517e-09 3.619355370907687261e-09
9.317863914057036290e-01 2.280173125057328279e-10 3.399065708274880139e-09 3.627083020780612889e-09
9.312429344364110406e-01 2.327008563949003524e-10 3.402134985908595341e-09 3.634835842303495667e-09
9.306987874360854729e-01 2.374658404423938058e-10 3.405147945906100901e-09 3.642613786348494551e-09
9.301539735211361570e-01 2.423134667953002304e-10 3.408103344107005340e-09 3.650416810902305519e-09
9.296085158363038836e-01 2.472449543720620341e-10 3.410999927056973071e-09 3.658244881429034950e-09
9.290624375536782331e-01 2.522615391607420855e-10 3.413836431933798852e-09 3.666097971094540938e-09
9.285157618717126971e-01 2.573644745262448236e-10 3.416611586510572193e-09 3.673976061036817120e-09
9.279685120142396881e-01 2.625550315261964743e-10 3.419324109271957442e-09 3.681879140798154020e-09
9.274207112294834410e-01 2.678344992352864976e-10 3.421972709498888813e-09 3.689807208734175310e-09
9.268723827890729128e-01 2.732041850782818687e-10 3.424556087205821698e-09 3.697760272284103360e-09
9.263235499870527967e-01 2.786654151726171119e-10 3.427072933110842504e-09 3.705738348283459564e-09
9.257742361388937580e-01 2.842195346817628079e-10 3.429521928750519776e-09 3.713741463432282481e-09
9.252244645805027812e-01 2.898679081803887148e-10 3.431901746565586885e-09 3.721769654745975600e-09
9.246742586672307418e-01 2.956119200309211980e-10 3.434211049850141960e-09 3.729822969881063468e-09
9.241236417728808661e-01 3.014529747707305000e-10 3.436448492734136898e-09 3.737901467504867398e-09
9.235726372887158586e-01 3.073924975101838552e-10 3.438612720296742460e-09 3.746005217806926419e-09
9.230212686224639196e-01 3.134319343425641994e-10 3.440702368642376925e-09 3.754134302984941487e-09
9.224695591973242070e-01 3.195727527673626331e-10 3.442716064864224946e-09 3.762288817631587475e-09
9.219175324509720770e-01 3.258164421277649928e-10 3.444652427059472143e-09 3.770468869187237394e-09
9.213652118345634356e-01 3.321645140625654355e-10 3.446510064433542687e-09 3.778674578496108174e-09
9.208126208117382028e-01 3.386185029725745017e-10 3.448287577339921840e-09 3.786906080312496032e-09
9.202597828576236649e-01 3.451799665014177430e-10 3.449983557265638524e-09 3.795163523767056526e-09
9.197067214578372729e-01 3.518504860316878559e-10 3.451596586894667470e-09 3.803447072926355016e-09
9.191534601074888844e-01 3.586316671973418676e-10 3.453125240192821941e-09 3.811756907390163861e-09
9.186000223101826734e-01 3.655251404132696599e-10 3.454568082414085798e-09 3.820093222827355510e-09
9.180464315770184847e-01 3.725325614228721293e-10 3.455923670122393578e-09 3.828456231545265811e-09
9.174927114255934102e-01 3.796556118644330956e-10 3.457190551285187520e-09 3.836846163149620357e-09
9.169388853790022553e-01 3.868959998567495281e-10 3.458367265318489390e-09 3.845263265175239022e-09
9.163849769648385601e-01 3.942554606046448137e-10 3.459452343078670869e-09 3.853707803683315786e-09
9.158310097141949546e-01 4.017357570252110694e-10 3.460444306930928383e-09 3.862180063956139607e-09
9.152770071606636249e-01 4.093386803958127142e-10 3.461341670848876895e-09 3.870680351244689506e-09
9.147229928393363352e-01 4.170660510247080034e-10 3.462142940425653976e-09 3.879208991450362083e-09
9.141689902858050054e-01 4.249197189457136008e-10 3.462846612878502386e-09 3.887766331824216245e-09
9.136150230351613999e-01 4.329015646381737948e-10 3.463451177141249691e-09 3.896352741779423382e-09
9.130611146209977047e-01 4.410134997730186302e-10 3.463955113943746971e-09 3.904968613716765498e-09
9.125072885744065498e-01 4.492574679851850080e-10 3.464356895812961523e-09 3.913614363798146686e-09
9.119535684229814754e-01 4.576354456735787142e-10 3.464654987100948801e-09 3.922290432774527308e-09
9.113999776898172867e-01 4.661494428309063004e-10 3.464847844073397963e-09 3.930997286904304574e-09
9.108465398925110756e-01 4.748015039050731602e-10 3.464933914959497219e-09 3.939735418864570276e-09
9.102932785421626871e-01 4.835937086931225289e-10 3.464911639965409837e-09 3.948505348658532055e-09
9.097402171423762951e-01 4.925281732685890633e-10 3.464779451331791736e-09 3.957307624600381110e-09
9.091873791882617573e-01 5.016070509435238534e-10 3.464535773401475957e-09 3.966142824344999707e-09
9.086347881654365244e-01 5.108325332673014668e-10 3.464179022642087774e-09 3.975011555909389448e-09
9.080824675490277720e-01 5.202068510643168896e-10 3.463707607667175856e-09 3.983914458731493056e-09
9.075304408026757530e-01 5.297322755118246124e-10 3.463119929294852339e-09 3.992852204806676848e-09
9.069787313775360404e-01 5.394111192597042953e-10 3.462414380605270708e-09 4.001825499864975004e-09
9.064273627112841014e-01 5.492457375953796389e-10 3.461589346962445589e-09 4.010835084557824918e-09
9.058763582271190939e-01 5.592385296559975977e-10 3.460643206036986974e-09 4.019881735692984986e-09
9.053257413327693293e-01 5.693919396888745140e-10 3.459574327851760180e-09 4.028966267540634590e-09
9.047755354194971789e-01 5.797084583616317145e-10 3.458381074809923961e-09 4.038089533171555469e-09
9.042257638611062021e-01 5.901906241252770769e-10 3.457061801700319594e-09 4.047252425825596981e-09
9.036764500129472744e-01 6.008410246346532259e-10 3.455614855726682758e-09 4.056455880361335777e-09
9.031276172109270473e-01 6.116622982290883486e-10 3.454038576565286857e-09 4.065700874794375309e-09
9.025792887705165191e-01 6.226571354738051828e-10 3.452331296374150368e-09 4.074988431847955448e-09
9.020314879857602719e-01 6.338282807648937696e-10 3.450491339756033745e-09 4.084319620520927928e-09
9.014842381282872630e-01 6.451785340034135503e-10 3.448517023794895332e-09 4.093695557798308779e-09
9.009375624463217269e-01 6.567107523426993971e-10 3.446406658083616394e-09 4.103117410426316102e-09
9.003914841636960764e-01 6.684278520106815511e-10 3.444158544652199356e-09 4.112586396662881114e-09
8.998460264788638030e-01 6.803328102099936260e-10 3.441770977987077092e-09 4.122103788197071131e-09
8.993012125639144871e-01 6.924286671013632225e-10 3.439242245094393900e-09 4.131670912195756915e-09
8.987570655635890304e-01 7.047185278762232787e-10 3.436570625427951450e-09 4.141289153304174626e-09
8.982136085942962200e-01 7.172055649238170175e-10 3.433754390825443916e-09 4.150959955749260831e-09
8.976708647431316246e-01 7.298930200951107368e-10 3.430791805494412858e-09 4.160684825589523388e-09
8.971288570668956019e-01 7.427842070674334161e-10 3.427681125981313150e-09 4.170465333048746256e-09
8.965876085911146376e-01 7.558825138184291723e-10 3.424420601125096570e-09 4.180303114943525535e-09
8.960471423090629051e-01 7.691914052159620320e-10 3.421008471955548404e-09 4.190199877171510643e-09
8.955074811807854918e-01 7.827144257288656919e-10 3.417442971659430533e-09 4.200157397388296432e-09
8.949686481321230680e-01 7.964552022649919278e-10 3.413722325553977323e-09 4.210177527818969561e-09
8.944306660537377773e-01 8.104174471429550702e-10 3.409844750908574511e-09 4.220262198051529685e-09
8.938935578001407922e-01 8.246049612080636754e-10 3.405808456856413006e-09 4.230413418064476371e-09
8.933573461887218681e-01 8.390216371030719740e-10 3.401611644335911683e-09 4.240633281438983864e-09
8.928220539987795634e-01 8.536714626974602760e-10 3.397252505879794181e-09 4.250923968577254871e-09
8.922877039705534585e-01 8.685585246826074825e-10 3.392729225497674755e-09 4.261287750180282341e-09
8.917543188042583724e-01 8.836870123482102428e-10 3.388039978558514254e-09 4.271726990906724910e-09
8.912219211591201340e-01 8.990612215524241925e-10 3.383182931559424381e-09 4.282244153111848470e-09
8.906905336524125749e-01 9.146855588953195687e-10 3.378156241988241974e-09 4.292841800883561233e-09
8.901601788584969643e-01 9.305645461055416966e-10 3.372958058138495322e-09 4.303522604244037122e-09
8.896308793078629984e-01 9.467028246519219011e-10 3.367586518812462452e-09 4.314289343464384146e-09
8.891026574861714549e-01 9.631051606006567306e-10 3.362039753064951524e-09 4.325144913665608255e-09
8.885755358332994014e-01 9.797764497365626280e-10 3.356315879922086304e-09 4.336092329658648932e-09
8.880495367423862918e-01 9.967217229586708413e-10 3.350413008090222960e-09 4.347134731048893388e-09
8.875246825588831712e-01 1.013946151966636394e-09 3.344329235690069402e-09 4.358275387656706003e-09
8.870009955796033241e-01 1.031455055262434908e-09 3.338062649922277248e-09 4.369517705184712362e-09
8.864784980517746993e-01 1.049253904488405950e-09 3.331611326660487991e-09 4.380865231148893527e-09
8.859572121720953319e-01 1.067348331125115813e-09 3.324973330009533766e-09 4.392321661134649786e-09
8.854371600857898761e-01 1.085744133572353399e-09 3.318146711838091883e-09 4.403890845410445489e-09
8.849183638856692458e-01 1.104447284635636297e-09 3.311129511300925984e-09 4.415576795936562488e-09
8.844008456111918104e-01 1.123463939455271106e-09 3.303919754380192891e-09 4.427383693835464204e-09
8.838846272475271437e-01 1.142800443914819935e-09 3.296515453377211251e-09 4.439315897292031393e-09
8.833697307246224373e-01 1.162463343554908074e-09 3.288914606282743830e-09 4.451377949837651903e-09
8.828561779162701351e-01 1.182459393030264340e-09 3.281115196111016614e-09 4.463574589141281161e-09
8.823439906391793430e-01 1.202795566155640608e-09 3.273115190180731355e-09 4.475910756336371757e-09
8.818331906520486818e-01 1.223479066585444124e-09 3.264912539336755616e-09 4.488391605922199740e-09
8.813237996546422481e-01 1.244517339181521224e-09 3.256505177206392686e-09 4.501022516387914324e-09
8.808158392868671305e-01 1.265918082122815771e-09 3.247891019384594203e-09 4.513809101507409560e-09
8.803093311278549216e-01 1.287689259814116943e-09 3.239067962513187777e-09 4.526757222327304720e-09
8.798042966950443411e-01 1.309839116667725760e-09 3.230033883289565131e-09 4.539872999957290684e-09
8.793007574432676332e-01 1.332376191834678006e-09 3.220786637334089452e-09 4.553162829168767458e-09
8.787987347638387403e-01 1.355309334963848673e-09 3.211324058007794144e-09 4.566633392971642610e-09
8.782982499836445855e-01 1.378647723081783968e-09 3.201643955206338610e-09 4.580291678288122578e-09
8.777993243642392418e-01 1.402400878698539282e-09 3.191744114049751260e-09 4.594144992748290749e-09
8.773019791009409873e-01 1.426578689258412734e-09 3.181622293495660808e-09 4.608200982754073543e-09
8.768062353219310268e-01 1.451191428068013171e-09 3.171276224814703135e-09 4.622467652882716306e-09
8.763121140873567638e-01 1.476249776847918671e-09 3.160703609898433188e-09 4.636953386746351859e-09
8.758196363884366287e-01 1.501764850069847015e-09 3.149902119449408301e-09 4.651666969519255316e-09
8.753288231465685687e-01 1.527748221265643365e-09 3.138869391042811202e-09 4.666617612308454360e-09
8.748396952124413151e-01 1.554211951520818244e-09 3.127603027045128344e-09 4.681814978565946174e-09
8.743522733651482026e-01 1.581168620392112856e-09 3.116100592359780402e-09 4.697269212751892844e-09
8.738665783113049867e-01 1.608631359522862077e-09 3.104359612028366741e-09 4.712990971551229024e-09
8.733826306841698806e-01 1.636613889264238310e-09 3.092377568647702136e-09 4.728991457911940652e-09
8.729004510427670338e-01 1.665130558647661473e-09 3.080151899490429594e-09 4.745282458138091068e-09
8.724200598710130095e-01 1.694196389108536544e-09 3.067679993391251558e-09 4.761876382499788309e-09
8.719414775768470349e-01 1.723827122411397153e-09 3.054959187391099103e-09 4.778786309802496256e-09
8.714647244913634738e-01 1.754039273280389786e-09 3.041986763069883766e-09 4.796026036350273759e-09
8.709898208679485165e-01 1.784850187308814729e-09 3.028759942573196277e-09 4.813610129882011213e-09
8.705167868814198684e-01 1.816278104791570952e-09 3.015275884251427318e-09 4.831553989042998476e-09
8.700456426271688803e-01 1.848342231200688286e-09 3.001531677915963644e-09 4.849873909116651931e-09
8.695764081203082307e-01 1.881062815102116215e-09 2.987524339697097561e-09 4.868587154799213776e-09
8.691091032948201622e-01 1.914461234391022028e-09 2.973250806344832322e-09 4.887712040735853936e-09
8.686437480027107139e-01 1.948560091806263771e-09 2.958707928948082370e-09 4.907268020754346141e-09
8.681803620131659516e-01 1.983383320760889669e-09 2.943892466062165642e-09 4.927275786823055311e-09
8.677189650117123065e-01 2.018956302590952071e-09 2.928801076155132072e-09 4.947757378746084143e-09
8.672595765993798000e-01 2.055305996377567209e-09 2.913430309291271935e-09 4.968736305668839144e-09
8.668022162918701534e-01 2.092461082524242434e-09 2.897776597960781050e-09 4.990237680485023484e-09
8.663469035187270073e-01 2.130452121259838004e-09 2.881836246982317420e-09 5.012288368242155424e-09
8.658936576225110260e-01 2.169311727180333075e-09 2.865605422355777567e-09 5.034917149536110642e-09
8.654424978579777772e-01 2.209074760832356913e-09 2.849080138959207079e-09 5.058154899791563992e-09
8.649934433912601639e-01 2.249778538151306101e-09 2.832256247032551118e-09 5.082034785183856805e-09
8.645465132990538537e-01 2.291463058273237981e-09 2.815129417309456793e-09 5.106592475582695187e-09
8.641017265678069270e-01 2.334171249838072365e-09 2.797695124655495470e-09 5.131866374493567835e-09
8.636591020929136331e-01 2.377949235372643261e-09 2.779948630139743064e-09 5.157897865512386324e-09
8.632186586779111437e-01 2.422846612653719646e-09 2.761884961506004882e-09 5.184731574159724941e-09
8.627804150336813027e-01 2.468916751082913827e-09 2.743498891954806567e-09 5.212415643037719980e-09
8.623443897776551514e-01 2.516217100050440366e-09 2.724784917101069619e-09 5.241002017151509985e-09
8.619106014330225607e-01 2.564809505009707093e-09 2.705737230123905112e-09 5.270546735133612205e-09
8.614790684279450828e-01 2.614760525507277958e-09 2.686349695232955897e-09 5.301110220740233855e-09
8.610498090947732441e-01 2.666141747727345873e-09 2.666615819537035315e-09 5.332757567264381188e-09
8.606228416692671690e-01 2.719030082223862062e-09 2.646528723385930295e-09 5.365558805609792357e-09
8.601981842898227537e-01 2.773508035427896710e-09 2.626081109416999253e-09 5.399589144844895550e-09
8.597758549967007280e-01 2.829663941285073991e-09 2.605265230767718000e-09 5.434929172052792404e-09
8.593558717312600459e-01 2.887592137059285213e-09 2.584072858919772505e-09 5.471664995979057719e-09
8.589382523351959398e-01 2.947393064971470125e-09 2.562495251669936134e-09 5.509888316641406673e-09
8.585230145497819709e-01 3.009173278992357108e-09 2.540523121977017988e-09 5.549696400969375509e-09
8.581101760151162994e-01 3.073045333931627431e-09 2.518146608660582034e-09 5.591191942592209879e-09
8.576997542693722831e-01 3.139127532077080352e-09 2.495355250026989342e-09 5.634482782104069280e-09
8.572917667480536297e-01 3.207543501095920167e-09 2.472137961580238518e-09 5.679681462676158685e-09
8.568862307832532110e-01 3.278421575884637842e-09 2.448483019232155139e-09 5.726904595116792981e-09
8.564831636029172079e-01 3.351893956770019306e-09 2.424378049686004779e-09 5.776272006456024498e-09
8.560825823301133619e-01 3.428095617023925452e-09 2.399810029720964825e-09 5.827905646744890277e-09
8.556845039823026688e-01 3.507162934129428863e-09 2.374765296176889714e-09 5.881928230306318990e-09
8.552889454706178451e-01 3.589232021829944294e-09 2.349229568662974737e-09 5.938461590492918618e-09
8.548959235991434591e-01 3.674436743893317392e-09 2.323187987185089960e-09 5.997624731078407766e-09
8.545054550642030566e-01 3.762906395705171011e-09 2.296625166738584784e-09 6.059531562443755796e-09
8.541175564536496179e-01 3.854763046265303703e-09 2.269525270803227055e-09 6.124288317068531172e-09
8.537322442461605654e-01 3.950118541018975376e-09 2.241872105840851016e-09 6.191990646859826805e-09
8.533495348105379907e-01 4.049071175161561940e-09 2.213649238746438830e-09 6.262720413908001183e-09
8.529694444050136548e-01 4.151702057372911308e-09 2.184840138713998719e-09 6.336542196086910027e-09
8.525919891765572078e-01 4.258071195201052460e-09 2.155428344668380646e-09 6.413499539869433520e-09
8.522171851601914039e-01 4.368213345393374907e-09 2.125397659250512782e-09 6.493611004643888102e-09
8.518450482783103128e-01 4.482133684987101655e-09 2.094732369823125493e-09 6.576866054810226734e-09
8.514755943400029725e-01 4.599803371463648631e-09 2.063417496122597004e-09 6.663220867586245221e-09
8.511088390403818149e-01 4.721155072449851742e-09 2.031439063628898958e-09 6.752594136078750287e-09
8.507447979599159771e-01 4.846078556848315385e-09 1.998784401243923878e-09 6.844862958092239677e-09
8.503834865637692753e-01 4.974416449304698424e-09 1.965442460968973831e-09 6.939858910273671842e-09
8.500249202011433969e-01 5.105960258154517800e-09 1.931404156315164824e-09 7.037364414469682625e-09
8.496691141046256446e-01 5.240446793065587188e-09 1.896662715540877832e-09 7.137109508606465020e-09
8.493160833895421202e-01 5.377555091903164781e-09 1.861214045146107139e-09 7.238769137049271920e-09
8.489658430533150169e-01 5.516903976458764723e-09 1.825057098114595038e-09 7.341961074573359347e-09
8.486184079748261277e-01 5.658050353538346575e-09 1.788194240688244743e-09 7.446244594226591525e-09
8.482737929137845745e-01 5.800488371234517922e-09 1.750631611038617199e-09 7.551119982273135120e-09
8.479320125100996419e-01 5.943649529602047977e-09 1.712379462679494956e-09 7.656028992281543140e-09
8.475930812832589423e-01 6.086903830610424180e-09 1.673452485040542244e-09 7.760356315650966010e-09
8.472570136317113532e-01 6.229562034643608210e-09 1.633870093515604925e-09 7.863432128159212721e-09
8.469238238322559509e-01 6.370879069956577588e-09 1.593656681406050861e-09 7.964535751362628449e-09
8.465935260394350514e-01 6.510058617491172173e-09 1.552841826295783753e-09 8.062900443786956753e-09
8.462661342849326918e-01 6.646258867354844208e-09 1.511460443751618076e-09 8.157719311106462284e-09
8.459416624769791060e-01 6.778599416009373885e-09 1.469552882036967584e-09 8.248152298046341055e-09
8.456201243997595318e-01 6.906169244975882095e-09 1.427164952285817657e-09 8.333334197261699545e-09
8.453015337128287898e-01 7.028035693393908086e-09 1.384347889419604371e-09 8.412383582813512250e-09
8.449859039505305258e-01 7.143254309640365534e-09 1.341158240402735594e-09 8.484412550043101128e-09
8.446732485214231145e-01 7.250879442228898209e-09 1.297657677806477539e-09 8.548537120035375541e-09
8.443635807077091160e-01 7.349975407383728547e-09 1.253912737829692385e-09 8.603888145213420518e-09
8.440569136646719484e-01 7.439628050936201033e-09 1.209994483384454741e-09 8.649622534320655154e-09
8.437532604201158914e-01 7.518956506846705015e-09 1.165978094574790528e-09 8.684934601421495336e-09
8.434526338738139728e-01 7.587124943708822929e-09 1.121942390305342196e-09 8.709067334014165126e-09
8.431550467969586293e-01 7.643354083612436759e-09 1.077969286029067452e-09 8.721323369641505038e-09
8.428605118316202516e-01 7.686932275544224405e-09 1.034143194119838855e-09 8.721075469664062640e-09
8.425690414902096137e-01 7.717225908856025358e-09 9.905503748301179600e-10 8.707776283686142904e-09
8.422806481549460766e-01 7.733688960487411955e-09 9.472782468689355975e-10 8.680967207356348380e-09
8.419953440773322306e-01 7.735871482179541155e-09 9.044146673795761942e-10 8.640286149559117038e-09
8.417131413776327564e-01 7.723426851860167384e-09 8.620471920995204965e-10 8.585474043959687467e-09
8.414340520443602811e-01 7.696117636838678162e-09 8.202623272800918588e-10 8.516379964118769814e-09
8.411580879337652306e-01 7.653819944207836432e-09 7.791447849708996569e-10 8.432964729178735365e-09
8.408852607693326764e-01 7.596526165465592883e-09 7.387767532643920883e-10 8.335302918729985075e-09
8.406155821412844009e-01 7.524346058150252304e-09 6.992371931484536737e-10 8.223583251298706702e-09
8.403490635060860692e-01 7.437506145986934816e-09 6.606011730548043835e-10 8.098107319041739303e-09
8.400857161859609512e-01 7.336347458232774179e-09 6.229392511418745389e-10 7.959286709374648717e-09
8.398255513684086404e-01 7.221321667421172037e-09 5.863169143616993664e-10 7.807638581782870783e-09
8.395685801057298780e-01 7.092985721710556038e-09 5.507940822306296221e-10 7.643779803941186178e-09
8.393148133145573730e-01 6.951995101076454873e-09 5.164246816468256347e-10 7.468419782723279990e-09
8.390642617753912846e-01 6.799095853200243651e-09 4.832562973512670762e-10 7.282352150551510314e-09
8.388169361321420325e-01 6.635115584847882535e-09 4.513299010998938413e-10 7.086445485947776635e-09
8.385728468916777700e-01 6.460953597823550514e-09 4.206796611947799086e-10 6.881633259018330577e-09
8.383320044233778523e-01 6.277570364058958946e-09 3.913328322565570599e-10 6.668903196315515644e-09
8.380944189586925219e-01 6.085976532225707446e-09 3.633097235756517244e-10 6.449286255801359067e-09
8.378601005907085897e-01 5.887221650675380121e-09 3.366237433995196205e-10 6.223845394074899845e-09
8.376290592737200003e-01 5.682382780391413546e-09 3.112815154616102206e-10 5.993664295853023766e-09
8.374013048228052813e-01 5.472553157402049968e-09 2.872830630236114889e-10 5.759836220425661715e-09
8.371768469134107660e-01 5.258831048221382236e-09 2.646220549815914220e-10 5.523453103202973761e-09
8.369556950809392548e-01 5.042308927295252700e-09 2.432861082120142974e-10 5.285595035507267204e-09
8.367378587203451179e-01 4.824063092992565231e-09 2.232571401124830344e-10 5.047320233105048549e-09
8.365233470857350584e-01 4.605143827421155648e-09 2.045117649067965499e-10 4.809655592327951888e-09
8.363121692899752047e-01 4.386566195646426540e-09 1.870217269768342246e-10 4.573587922623260997e-09
8.361043343043034204e-01 4.169301572716009315e-09 1.707543646517223347e-10 4.340055937367731908e-09
8.358998509579490532e-01 3.954269980786359816e-09 1.556730980841726151e-10 4.109943078870532483e-09
8.356987279377570133e-01 3.742333311251157723e-09 1.417379345672271396e-10 3.884071245818385070e-09
8.355009737878192899e-01 3.534289497945620072e-09 1.289059845469738318e-10 3.663195482492593852e-09
8.353065969091117982e-01 3.330867697619497227e-09 1.171319820638411347e-10 3.447999679683338207e-09
8.351156055591374416e-01 3.132724521534957897e-09 1.063688036918960932e-10 3.239093325226853926e-09
8.349280078515752823e-01 2.940441346030778636e-09 9.656797980855236186e-11 3.037009325839330895e-09
8.347438117559361492e-01 2.754522711619085686e-09 8.768019218689671176e-11 2.842202903805982553e-09
8.345630250972236874e-01 2.575395800903692673e-09 7.965575289998044513e-11 2.655051553803672924e-09
8.343856555556020682e-01 2.403410965114858716e-09 7.244505995521303991e-11 2.475856025070071859e-09
8.342117106660701387e-01 2.238843248099996632e-09 6.599902504066125620e-11 2.304842273140658017e-09
8.340411978181404562e-01 2.081894836774282422e-09 6.026946969365755700e-11 2.142164306467939966e-09
8.338741242555262057e-01 1.932698349506250564e-09 5.520948746730253329e-11 1.987907836973553252e-09
8.337104970758330014e-01 1.791320859256634578e-09 5.077377018616051363e-11 1.842094629442795156e-09
8.335503232302575727e-01 1.657768536737990367e-09 4.691889697086759166e-11 1.704687433708858004e-09
8.333936095232922225e-01 1.531991790780772794e-09 4.360358602253831184e-11 1.575595376803311009e-09
8.332403626124359475e-01 1.413890779260858004e-09 4.078891029100281776e-11 1.454679689551860893e-09
8.330905890079119969e-01 1.303321164629300789e-09 3.843847889021789393e-11 1.341759643519518651e-09
8.329442950723902062e-01 1.200099991798187025e-09 3.651858697775938048e-11 1.236618578775946503e-09
8.328014870207181009e-01 1.104011571803759722e-09 3.499833700081142376e-11 1.139009908804571184e-09
8.326621709196555532e-01 1.014813263883708287e-09 3.384973381958343594e-11 1.048662997703291774e-09
8.325263526876180986e-01 9.322410650403705155e-10 3.304776020638444921e-11 9.652888252467549260e-10
8.323940380944249151e-01 8.560149440256527158e-10 3.257045375283051731e-11 8.885853977784832266e-10
8.322652327610539080e-01 7.858438886590713712e-10 3.239902166425375170e-11 8.182429103233251488e-10
8.321399421594029011e-01 7.214306269403900986e-10 3.251800106893150413e-11 7.539486280093215769e-10
8.320181716120570448e-01 6.624758702158277361e-10 3.291534390885983300e-11 6.953912141246875562e-10
8.318999262920629967e-01 6.086817507785514405e-10 3.358213015957571307e-11 6.422638809381271730e-10
8.317852112227088757e-01 5.597541643845541526e-10 3.451167946870286779e-11 5.942658438532570333e-10
8.316740312773110988e-01 5.154043953027017135e-10 3.569854653813139247e-11 5.511029418408331253e-10
8.315663911790071028e-01 4.753517550085547831e-10 3.713925874429397960e-11 5.124910137528487562e-10
8.314622955005548377e-01 4.393300992377391612e-10 3.883770714239176851e-11 4.781678063801309556e-10
8.313617486641387000e-01 4.071001933612534742e-10 4.081700647641717280e-11 4.479171998376706405e-10
8.312647549411810166e-01 3.784655699302927673e-10 4.313510594014821392e-11 4.216006758704410006e-10
8.311713184521616338e-01 3.532827107437734267e-10 4.589464081285111644e-11 3.991773515566245561e-10
8.310814431664416135e-01 3.314511652870996019e-10 4.923275299992081718e-11 3.806839182870204255e-10
8.309951329020959232e-01 3.128709394478109043e-10 5.327918684059073318e-11 3.661501262884016439e-10
8.309123913257501215e-01 2.973658727079237846e-10 5.808317694314554358e-11 3.554490496510693217e-10
8.308332219524251494e-01 2.845896537916206573e-10 6.352768755948107036e-11 3.481173413511017406e-10
8.307576281453880052e-01 2.739470696602429530e-10 6.926433234133982300e-11 3.432114020015827760e-10
8.306856131160087475e-01 2.645675753789278195e-10 7.470426891998528145e-11 3.392718442989131009e-10
8.306171799236239384e-01 2.553567213168792424e-10 7.908557124016381696e-11 3.344422925570430593e-10
8.305523314754070796e-01 2.451268261459113263e-10 8.161071499899719434e-11 3.267375411449084948e-10
8.304910705262447124e-01 2.327814038883941607e-10 8.162018416585043777e-11 3.144015880542445726e-10
8.304333996786193994e-01 2.175092548348511127e-10 7.875198883374092707e-11 2.962612436685920398e-10
8.303793213824997022e-01 1.989404715189293086e-10 7.303906874518507312e-11 2.719795402641143688e-10
8.303288379352351534e-01 1.772276519259087410e-10 6.491597032583946543e-11 2.421436222517482194e-10
8.302819514814596680e-01 1.530355706119427476e-10 5.513468706705302376e-11 2.081702576789957584e-10
8.302386640129998385e-01 1.274438355423601217e-10 4.461619649458454714e-11 1.720600320369446688e-10
8.301989773687902252e-01 1.017837973198495440e-10 3.427998820848329597e-11 1.360637855283328464e-10
8.301628932347957512e-01 7.744066736525613666e-11 2.489483546849936002e-11 1.023355028337554902e-10
8.301304131439398715e-01 5.565473669141252159e-11 1.698205229963797725e-11 7.263678899105049561e-11
8.301015384760388471e-01 3.735325822390229427e-11 1.078346513729346608e-11 4.813672336119575873e-11
8.300762704577442364e-01 2.303832113024003870e-11 6.287557519932797090e-12 2.932587865017283659e-11
8.300546101624899364e-01 1.274677949276791633e-11 3.294452154460861847e-12 1.604123164722877899e-11
8.300365585104467758e-01 6.086825880841788458e-12 1.496102513663799595e-12 7.582928394505588659e-12
8.300221162684836562e-01 2.343444471991737697e-12 5.514247250990928329e-13 2.894869197090830530e-12
8.300112840501348010e-01 6.336534627841719930e-13 1.439965169948409074e-13 7.776499797790128751e-13
8.299999999999999600e-01 1.905239575522589945e-23 4.915800251138015250e-29 1.905244491322841177e-23
