9.999995448591442182e-01 1.245739421043837714e-06
9.999959037615429036e-01 1.121162409407610241e-05
9.999886217223127316e-01 3.114299839944214150e-05
9.999776990533921772e-01 6.103521896073132893e-05
9.999631362226717446e-01 1.008617677557189943e-04
9.999449338539749821e-01 1.505330015628253122e-04
9.999230927270305047e-01 2.098347846635515248e-04
9.998976137774396866e-01 2.783699204341971126e-04
9.998684980966356939e-01 3.555355439991668702e-04
9.998357469318377433e-01 4.405580098636880651e-04
9.997993616859963684e-01 5.325758026002186830e-04
9.997593439177345775e-01 6.307311162384276722e-04
9.997156953412803526e-01 7.342259690393993128e-04
9.996684178263934850e-01 8.423245105727575560e-04
9.996175133982851957e-01 9.543191450476721377e-04
9.995629842375319818e-01 1.069495791674979646e-03
9.995048326799813587e-01 1.187122749459728526e-03
9.994430612166527172e-01 1.306463332789453225e-03
9.993776724936299649e-01 1.426797123485705216e-03
9.993086693119481723e-01 1.547436496177491145e-03
9.992360546274742239e-01 1.667735215316471517e-03
9.991598315507792538e-01 1.787092624889423083e-03
9.990800033470064179e-01 1.904957031364101728e-03
9.989965734357301175e-01 2.020829248375285211e-03
9.989095453908101163e-01 2.134265744424865708e-03
9.988189229402382185e-01 2.244880873523304784e-03
9.987247099659786187e-01 2.352348111299095573e-03
9.986269105038015903e-01 2.456400399681314163e-03
9.985255287431105131e-01 2.556829685421933666e-03
9.984205690267625721e-01 2.653485708597617780e-03
9.983120358508827952e-01 2.746274099997044003e-03
9.981999338646712072e-01 2.835153856782420597e-03
9.980842678702036563e-01 2.920134271649640293e-03
9.979650428222264225e-01 3.001271393349085742e-03
9.978422638279438317e-01 3.078664097847185702e-03
9.977159361467993204e-01 3.152449849864663763e-03
9.975860651902502818e-01 3.222800234032634041e-03
9.974526565215362517e-01 3.289916333604070518e-03
9.973157158554405433e-01 3.354024032672229226e-03
9.971752490580456652e-01 3.415369315246909003e-03
9.970312621464815228e-01 3.474213631338400263e-03
9.968837612886682908e-01 3.530829396368246904e-03
9.967327528030517358e-01 3.585495685702559578e-03
9.965782431583328771e-01 3.638494180809682694e-03
9.964202389731905418e-01 3.690105417404576128e-03
9.962587470159982583e-01 3.740605378910684224e-03
9.960937742045338217e-01 3.790262470649870177e-03
9.959253276056835302e-01 3.839334901433942050e-03
9.957534144351390948e-01 3.888068489827433121e-03
9.955780420570883305e-01 3.936694902510339163e-03
9.953992179839005194e-01 3.985430322192489577e-03
9.952169498758036692e-01 4.034474532771147211e-03
9.950312455405567746e-01 4.084010400259270070e-03
9.948421129331156409e-01 4.134203719815580762e-03
9.946495601552916010e-01 4.185203392312037210e-03
9.944535954554047930e-01 4.237141888543670756e-03
9.942542272279308868e-01 4.290135955592860525e-03
9.940514640131410395e-01 4.344287518074088465e-03
9.938453144967365205e-01 4.399684726968695371e-03
9.936357875094765646e-01 4.456403110375340218e-03
9.934228920268000085e-01 4.514506783532535455e-03
9.932066371684405981e-01 4.574049679637499227e-03
9.929870321980367454e-01 4.635076767977683310e-03
9.927640865227345124e-01 4.697625231387668118e-03
9.925378096927847116e-01 4.761725580736552235e-03
9.923082114011335664e-01 4.827402689764772811e-03
9.920753014830075989e-01 4.894676738893236241e-03
9.918390899154927443e-01 4.963564061445206732e-03
9.915995868171061378e-01 5.034077889927907924e-03
9.913568024473635720e-01 5.106229003545093362e-03
9.911107472063391821e-01 5.180026280929291883e-03
9.908614316342209127e-01 5.255477164208374047e-03
9.906088664108577690e-01 5.332588042000976566e-03
9.903530623553034040e-01 5.411364559836627681e-03
9.900940304253522672e-01 5.491811866900629495e-03
9.898317817170700916e-01 5.573934807998298484e-03
9.895663274643184959e-01 5.657738069305920207e-03
9.892976790382744801e-01 5.743226285911525938e-03
9.890258479469422603e-01 5.830404118424103825e-03
9.887508458346612183e-01 5.919276305111006997e-03
9.884726844816065228e-01 6.009847695165602618e-03
9.881913758032846440e-01 6.102123267853746223e-03
9.879069318500230956e-01 6.196108141472806211e-03
9.876193648064542918e-01 6.291807575306730162e-03
9.873286869909931873e-01 6.389226967088839151e-03
9.870349108553099216e-01 6.488371847897220906e-03
9.867380489837964674e-01 6.589247875907289741e-03
9.864381140930271741e-01 6.691860830011624531e-03
9.861351190312147574e-01 6.796216603982783815e-03
9.858290767776590746e-01 6.902321201592082761e-03
9.855200004421917903e-01 7.010180732898244234e-03
9.852079032646141599e-01 7.119801411772801007e-03
9.848927986141309265e-01 7.231189554626215460e-03
9.845746999887762252e-01 7.344351580232023717e-03
9.842536210148365994e-01 7.459294010507100392e-03
9.839295754462666910e-01 7.576023472087516954e-03
9.836025771641000448e-01 7.694546698536371132e-03
9.832726401758548063e-01 7.814870533028244609e-03
9.829397786149334237e-01 7.937001931367471813e-03
9.826040067400173550e-01 8.060947965214344813e-03
9.822653389344561115e-01 8.186715825412513303e-03
9.819237897056514175e-01 8.314312825330068962e-03
9.815793736844352635e-01 8.443746404144794257e-03
9.812321056244439621e-01 8.575024130019839180e-03
9.808820004014850991e-01 8.708153703129922069e-03
9.805290730129014865e-01 8.843142958509285848e-03
9.801733385769277884e-01 8.979999868703968796e-03
9.798148123320429281e-01 9.118732546219322430e-03
9.794535096363183868e-01 9.259349245758451835e-03
9.790894459667589533e-01 9.401858366252699092e-03
9.787226369186404762e-01 9.546268452689719158e-03
9.783530982048418423e-01 9.692588197746730694e-03
9.779808456551715157e-01 9.840826443237467996e-03
9.776058952156898574e-01 9.990992181383433202e-03
9.772282629480258942e-01 1.014309455592078864e-02
9.768479650286888694e-01 1.029714286305432984e-02
9.764650177483760185e-01 1.045314655226969175e-02
9.760794375112743504e-01 1.061111522701440463e-02
9.756912408343577647e-01 1.077105864525850984e-02
9.753004443466800621e-01 1.093298671994618818e-02
9.749070647886619589e-01 1.109690951934774565e-02
9.745111190113744382e-01 1.126283726731901018e-02
9.741126239758169936e-01 1.143078034347721691e-02
9.737115967521904336e-01 1.160074928330373685e-02
9.733080545191663546e-01 1.177275477818184694e-02
9.729020145631510630e-01 1.194680767537593773e-02
9.724934942775446123e-01 1.212291897795561048e-02
9.720825111619966208e-01 1.230109984467011967e-02
9.716690828216556497e-01 1.248136158978260975e-02
9.712532269664160278e-01 1.266371568287232366e-02
9.708349614101585701e-01 1.284817374860476591e-02
9.704143040699872991e-01 1.303474756647212372e-02
9.699912729654629473e-01 1.322344907051235113e-02
9.695658862178297976e-01 1.341429034901148523e-02
9.691381620492404148e-01 1.360728364418893610e-02
9.687081187819747141e-01 1.380244135187323230e-02
9.682757748376549234e-01 1.399977602117466816e-02
9.678411487364565469e-01 1.419930035414723041e-02
9.674042590963153332e-01 1.440102720543967596e-02
9.669651246321293581e-01 1.460496958195323970e-02
9.665237641549575542e-01 1.481114064251156520e-02
9.660801965712136896e-01 1.501955369752609910e-02
9.656344408818567926e-01 1.523022220865748698e-02
9.651865161815771366e-01 1.544315978849439275e-02
9.647364416579777835e-01 1.565838020024679089e-02
9.642842365907536850e-01 1.587589735743930378e-02
9.638299203508646773e-01 1.609572532362478839e-02
9.633735123997063665e-01 1.631787831213113438e-02
9.629150322882764623e-01 1.654237068580246064e-02
9.624544996563368926e-01 1.676921695672567783e-02
9.619919342315729205e-01 1.699843178600153951e-02
9.615273558287477096e-01 1.723002998356892163e-02
9.610607843488538915e-01 1.746402650801850628e-02
9.605922397782606925e-01 1.770043646640697202e-02
9.601217421878582847e-01 1.793927511413317272e-02
9.596493117321973632e-01 1.818055785483263520e-02
9.591749686486261695e-01 1.842430024023776827e-02
9.586987332564238518e-01 1.867051797009565417e-02
9.582206259559294947e-01 1.891922689218565254e-02
9.577406672276685962e-01 1.917044300230552611e-02
9.572588776314756576e-01 1.942418244420921966e-02
9.567752778056133334e-01 1.968046150965649041e-02
9.562898884658889154e-01 1.993929663854384846e-02
9.558027304047659323e-01 2.020070441894463928e-02
9.553138244904744170e-01 2.046470158716167873e-02
9.548231916661167329e-01 2.073130502796570462e-02
9.543308529487697367e-01 2.100053177484411532e-02
9.538368294285857196e-01 2.127239901012294154e-02
9.533411422678880198e-01 2.154692406520549927e-02
9.528438127002647473e-01 2.182412442098183650e-02
9.523448620296595113e-01 2.210401770810209096e-02
9.518443116294581507e-01 2.238662170718724864e-02
9.513421829415740216e-01 2.267195434934055412e-02
9.508384974755287322e-01 2.296003371675545135e-02
9.503332768075315462e-01 2.325087804304623237e-02
9.498265425795541228e-01 2.354450571363007894e-02
9.493183164984042577e-01 2.384093526647291725e-02
9.488086203347959602e-01 2.414018539276756303e-02
9.482974759224161998e-01 2.444227493737642642e-02
9.477849051569906536e-01 2.474722289955414226e-02
9.472709299953447903e-01 2.505504843391881398e-02
9.467555724544638451e-01 2.536577085111700255e-02
9.462388546105497955e-01 2.567940961844463604e-02
9.457207985980751186e-01 2.599598436097420168e-02
9.452014266088353267e-01 2.631551486272989959e-02
9.446807608909977283e-01 2.663802106743830625e-02
9.441588237481488566e-01 2.696352307943340049e-02
9.436356375383386785e-01 2.729204116502653016e-02
9.431112246731231386e-01 2.762359575374076157e-02
9.425856076166040376e-01 2.795820743935359745e-02
9.420588088844666919e-01 2.829589698131260156e-02
9.415308510430154820e-01 2.863668530631015632e-02
9.410017567082070711e-01 2.898059350953795243e-02
9.404715485446818457e-01 2.932764285605641078e-02
9.399402492647928042e-01 2.967785478264989285e-02
9.394078816276328903e-01 3.003125089964499284e-02
9.388744684380598837e-01 3.038785299246887436e-02
9.383400325457191826e-01 3.074768302342143281e-02
9.378045968440660296e-01 3.111076313371621480e-02
9.372681842693836307e-01 3.147711564548025254e-02
9.367308177998014962e-01 3.184676306385303413e-02
9.361925204543104506e-01 3.221972807932754063e-02
9.356533152917774210e-01 3.259603357006964769e-02
9.351132254099567831e-01 3.297570260419461358e-02
9.345722739445017080e-01 3.335875844227006309e-02
9.340304840679722886e-01 3.374522454000739025e-02
9.334878789888438888e-01 3.413512455101369580e-02
9.329444819505120501e-01 3.452848232970044673e-02
9.324003162302972880e-01 3.492532193431567566e-02
9.318554051384478898e-01 3.532566762999538035e-02
9.313097720171416016e-01 3.572954389199559100e-02
9.307634402394852069e-01 3.613697540916534917e-02
9.302164332085137710e-01 3.654798708745542885e-02
9.296687743561878881e-01 3.696260405350981076e-02
9.291204871423900391e-01 3.738085165855852682e-02
9.285715950539197294e-01 3.780275548250045664e-02
9.280221216034869602e-01 3.822834133803532097e-02
9.274720903287057006e-01 3.865763527499187224e-02
9.269215247910851385e-01 3.909066358488130083e-02
9.263704485750204887e-01 3.952745280554958301e-02
9.258188852867825780e-01 3.996802972603753085e-02
9.252668585535070989e-01 4.041242139176316750e-02
9.247143920221819746e-01 4.086065510987809540e-02
9.241615093586345031e-01 4.131275845474974284e-02
9.236082342465180561e-01 4.176875927371033470e-02
9.230545903862968915e-01 4.222868569306499620e-02
9.225006014942314092e-01 4.269256612430355480e-02
9.219462913013617422e-01 4.316042927059669798e-02
9.213916835524919025e-01 4.363230413358450133e-02
9.208368020051717062e-01 4.410822002038849304e-02
9.202816704286801430e-01 4.458820655091686597e-02
9.197263126030060798e-01 4.507229366551707833e-02
9.191707523178305195e-01 4.556051163289665668e-02
9.186150133715069721e-01 4.605289105833258040e-02
9.180591195700423812e-01 4.654946289227138156e-02
9.175030947260768288e-01 4.705025843929611096e-02
9.169469626578642396e-01 4.755530936741853704e-02
9.163907471882513089e-01 4.806464771775376121e-02
9.158344721436577629e-01 4.857830591459480485e-02
9.152781613530547311e-01 4.909631677588020132e-02
9.147218386469452289e-01 4.961871352410936187e-02
9.141655278563423082e-01 5.014552979772662900e-02
9.136092528117486511e-01 5.067679966294676153e-02
9.130530373421357204e-01 5.121255762606259643e-02
9.124969052739231312e-01 5.175283864627665265e-02
9.119408804299575788e-01 5.229767814904488776e-02
9.113849866284929879e-01 5.284711203997032730e-02
9.108292476821694406e-01 5.340117671930513094e-02
9.102736873969938802e-01 5.395990909705193628e-02
9.097183295713198170e-01 5.452334660866953869e-02
9.091631979948282538e-01 5.509152723143839053e-02
9.086083164475080576e-01 5.566448950151055980e-02
9.080537086986382178e-01 5.624227253166790008e-02
9.074993985057685508e-01 5.682491602985238061e-02
9.069454096137030685e-01 5.741246031849511072e-02
9.063917657534819039e-01 5.800494635464194249e-02
9.058384906413654569e-01 5.860241575092763749e-02
9.052856079778179854e-01 5.920491079746251911e-02
9.047331414464928612e-01 5.981247448466604083e-02
9.041811147132173820e-01 6.042515052708666984e-02
9.036295514249794714e-01 6.104298338825361186e-02
9.030784752089148215e-01 6.166601830659702160e-02
9.025279096712942595e-01 6.229430132250102919e-02
9.019778783965129998e-01 6.292787930655702189e-02
9.014284049460803416e-01 6.356679998906546170e-02
9.008795128576099209e-01 6.421111199085267895e-02
9.003312256438120720e-01 6.486086485547722102e-02
8.997835667914861890e-01 6.551610908287401613e-02
8.992365597605147531e-01 6.617689616450395107e-02
8.986902279828583584e-01 6.684327862010931709e-02
8.981445948615520702e-01 6.751531003615857118e-02
8.975996837697026720e-01 6.819304510606080671e-02
8.970555180494879099e-01 6.887653967224638407e-02
8.965121210111560712e-01 6.956585077021198993e-02
8.959695159320276714e-01 7.026103667463505509e-02
8.954277260554982520e-01 7.096215694767021853e-02
8.948867745900431769e-01 7.166927248954979568e-02
8.943466847082225391e-01 7.238244559162311520e-02
8.938074795456895094e-01 7.310173999196950545e-02
8.932691822001984638e-01 7.382722093371532623e-02
8.927318157306163293e-01 7.455895522621634741e-02
8.921954031559339304e-01 7.529701130929929154e-02
8.916599674542807774e-01 7.604145932072928216e-02
8.911255315619401873e-01 7.679237116706782995e-02
8.905921183723670698e-01 7.754982059816045714e-02
8.900597507352071558e-01 7.831388328547730926e-02
8.895284514553182253e-01 7.908463690449904493e-02
8.889982432917928890e-01 7.986216122142605900e-02
8.884691489569844780e-01 8.064653818452936773e-02
8.879411911155332682e-01 8.143785202040776383e-02
8.874143923833959224e-01 8.223618933545483178e-02
8.868887753268768215e-01 8.304163922290216937e-02
8.863643624616612815e-01 8.385429337580145581e-02
8.858411762518511035e-01 8.467424620634278476e-02
8.853192391090022317e-01 8.550159497197760972e-02
8.847985733911646333e-01 8.633643990881305352e-02
8.842792014019248414e-01 8.717888437277894476e-02
8.837611453894501645e-01 8.802903498916545000e-02
8.832444275455361149e-01 8.888700181113744214e-02
8.827290700046551697e-01 8.975289848785571178e-02
8.822150948430093065e-01 9.062684244297973535e-02
8.817025240775837602e-01 9.150895506439099547e-02
8.811913796652039998e-01 9.239936190599763732e-02
8.806816835015957023e-01 9.329819290262671150e-02
8.801734574204458372e-01 9.420558259909038445e-02
8.796667231924684138e-01 9.512167039457354589e-02
8.791615025244712278e-01 9.604660080371368869e-02
8.786578170584260494e-01 9.698052373589478858e-02
8.781556883705418093e-01 9.792359479433249136e-02
8.776551379703405598e-01 9.887597559681850223e-02
8.771561872997352127e-01 9.983783412031270454e-02
8.766588577321119402e-01 1.008093450716283090e-01
8.761631705714142404e-01 1.017906902867627694e-01
8.756691470512302233e-01 1.027820591620200591e-01
8.751768083338833382e-01 1.037836491202900058e-01
8.746861755095254320e-01 1.047956661161185549e-01
8.741972695952340278e-01 1.058183251840540962e-01
8.737101115341110447e-01 1.068518510353769907e-01
8.732247221943866267e-01 1.078964787086479915e-01
8.727411223685244135e-01 1.089524542804970880e-01
8.722593327723313639e-01 1.100200356442285476e-01
8.717793740440704653e-01 1.110994933644562227e-01
8.713012667435761083e-01 1.121911116170466599e-01
8.708250313513737906e-01 1.132951892252760107e-01
8.703506882678025969e-01 1.144120408042741122e-01
8.698782578121416753e-01 1.155419980269431213e-01
8.694077602217391565e-01 1.166854110263221694e-01
8.689392156511460685e-01 1.178426499509154790e-01
8.684726441712522504e-01 1.190141066905625739e-01
8.680080657684271506e-01 1.202001967917525060e-01
8.675455003436630674e-01 1.214013615824463405e-01
8.670849677117236087e-01 1.226180705266905618e-01
8.666264876002935935e-01 1.238508238290226132e-01
8.661700796491353938e-01 1.251001553077601136e-01
8.657157634092462750e-01 1.263666355538669295e-01
8.652635583420221765e-01 1.276508753880614966e-01
8.648134838184229345e-01 1.289535296231519856e-01
8.643655591181431674e-01 1.302753011304659814e-01
8.639198034287862704e-01 1.316169451982374117e-01
8.634762358450424058e-01 1.329792741557870861e-01
8.630348753678706020e-01 1.343631622196868602e-01
8.625957409036846268e-01 1.357695504964507860e-01
8.621588512635434132e-01 1.371994520505702142e-01
8.617242251623450366e-01 1.386539569166997943e-01
8.612918812180252459e-01 1.401342369005291466e-01
8.608618379507595453e-01 1.416415499749200391e-01
8.604341137821701624e-01 1.431772440366939070e-01
8.600087270345371238e-01 1.447427597460083093e-01
8.595856959300126610e-01 1.463396321261438149e-01
8.591650385898415010e-01 1.479694905585025311e-01
8.587467730335839322e-01 1.496340567677751365e-01
8.583309171783443103e-01 1.513351403584321797e-01
8.579174888380034503e-01 1.530746314389849483e-01
8.575065057224553478e-01 1.548544898579631846e-01
8.570979854368490081e-01 1.566767305787602205e-01
8.566919454808336054e-01 1.585434047427583260e-01
8.562884032478095264e-01 1.604565760144568420e-01
8.558873760241829665e-01 1.624182918711513657e-01
8.554888809886254109e-01 1.644305495946547235e-01
8.550929352113380011e-01 1.664952568440089542e-01
8.546995556533198979e-01 1.686141868352447337e-01
8.543087591656421953e-01 1.707889283244206913e-01
8.539205624887256096e-01 1.730208307789603273e-01
8.535349822516239415e-01 1.753109453237722548e-01
8.531520349713110907e-01 1.776599622552144930e-01
8.527717370519740658e-01 1.800681461185453247e-01
8.523941047843101027e-01 1.825352695333584407e-01
8.520191543448284444e-01 1.850605471166839322e-01
8.516469017951581177e-01 1.876425709852196644e-01
8.512773630813594838e-01 1.902792494080560448e-01
8.509105540332410067e-01 1.929677502225398411e-01
8.505464903636815732e-01 1.957044506141589757e-01
8.501851876679570319e-01 1.984848947949219844e-01
8.498266614230722826e-01 2.013037609948404860e-01
8.494709269870984736e-01 2.041548390119116985e-01
8.491179995985148610e-01 2.070310193540842725e-01
8.487678943755559979e-01 2.099242947607618537e-01
8.484206263155646965e-01 2.128257746215462265e-01
8.480762102943486536e-01 2.157257125269257669e-01
8.477346610655438486e-01 2.186135469002211951e-01
8.473959932599826050e-01 2.214779543823867103e-01
8.470602213850665363e-01 2.243069153802112747e-01
8.467273598241451538e-01 2.270877909513832338e-01
8.463974228358999152e-01 2.298074099923409774e-01
8.460704245537332691e-01 2.324521655206435167e-01
8.457463789851633607e-01 2.350081187049207765e-01
8.454253000112237348e-01 2.374611091926855100e-01
8.451072013858690335e-01 2.397968702185430401e-01
8.447920967353858002e-01 2.420011469407417903e-01
8.444799995578081697e-01 2.440598164498787581e-01
8.441709232223408854e-01 2.459590079164227228e-01
8.438648809687852026e-01 2.476852213899016497e-01
8.435618859069726749e-01 2.492254438284778606e-01
8.432619510162034926e-01 2.505672610197670624e-01
8.429650891446900385e-01 2.516989641488316942e-01
8.426713130090067727e-01 2.526096498746570607e-01
8.423806351935456682e-01 2.532893128904794011e-01
8.420930681499768644e-01 2.537289300646583534e-01
8.418086241967153160e-01 2.539205353864708026e-01
8.415273155183935483e-01 2.538572850748236909e-01
8.412491541653387417e-01 2.535335123471001983e-01
8.409741520530575887e-01 2.529447714890772914e-01
8.407023209617254800e-01 2.520878710132278822e-01
8.404336725356813531e-01 2.509608958393448330e-01
8.401682182829298684e-01 2.495632185747800325e-01
8.399059695746476928e-01 2.478955001071705688e-01
8.396469376446965560e-01 2.459596798453458077e-01
8.393911335891421910e-01 2.437589560497852581e-01
8.391385683657790473e-01 2.412977567786275257e-01
8.388892527936607779e-01 2.385817020360858909e-01
8.386431975526364990e-01 2.356175577465148274e-01
8.384004131828938222e-01 2.324131821910750406e-01
8.381609100845073268e-01 2.289774655385027335e-01
8.379246985169923612e-01 2.253202630821793118e-01
8.376917885988663937e-01 2.214523227693329377e-01
8.374621903072152485e-01 2.173852075821897101e-01
8.372359134772653366e-01 2.131312133120147612e-01
8.370129678019632147e-01 2.087032822608212712e-01
8.367933628315593619e-01 2.041149134160149536e-01
8.365771079731999516e-01 1.993800696723959098e-01
8.363642124905233954e-01 1.945130827225691472e-01
8.361546855032634395e-01 1.895285562979082683e-01
8.359485359868589205e-01 1.844412685129142859e-01
8.357457727720690732e-01 1.792660741399920155e-01
8.355464045445951671e-01 1.740178077121306288e-01
8.353504398447083590e-01 1.687111884109037674e-01
8.351578870668843191e-01 1.633607277407999325e-01
8.349687544594431854e-01 1.579806410132692795e-01
8.347830501241964019e-01 1.525847636615438319e-01
8.346007820160994406e-01 1.471864733786130697e-01
8.344219579429116296e-01 1.417986190161162341e-01
8.342465855648608652e-01 1.364334571023406717e-01
8.340746723943164298e-01 1.311025967352376642e-01
8.339062257954661384e-01 1.258169534844290616e-01
8.337412529840017017e-01 1.205867127980645992e-01
8.335797610268094182e-01 1.154213032589872651e-01
8.334217568416670829e-01 1.103293798727432024e-01
8.332672471969482242e-01 1.053188174005092043e-01
8.331162387113316692e-01 1.003967135754381818e-01
8.329687378535184372e-01 9.556940186325521558e-02
8.328247509419542949e-01 9.084247324951877367e-02
8.326842841445594168e-01 8.622080636000525877e-02
8.325473434784637083e-01 8.170860505050114853e-02
8.324139348097496782e-01 7.730944244191134684e-02
8.322840638532006396e-01 7.302631023111283426e-02
8.321577361720561283e-01 6.886167198377365906e-02
8.320349571777735376e-01 6.481751901876672828e-02
8.319157321297963037e-01 6.089542743126623303e-02
8.318000661353288638e-01 5.709661477903426458e-02
8.316879641491171649e-01 5.342199497622122234e-02
8.315794309732373879e-01 4.987222999629551540e-02
8.314744712568894469e-01 4.644777706650837779e-02
8.313730894961983697e-01 4.314893012240230558e-02
8.312752900340213413e-01 3.997585437194468849e-02
8.311810770597617415e-01 3.692861291257471673e-02
8.310904546091898437e-01 3.400718451164825434e-02
8.310034265642698426e-01 3.121147199874043515e-02
8.309199966529935422e-01 2.854130132189054703e-02
8.308401684492207062e-01 2.599641222190567785e-02
8.307639453725257361e-01 2.357644259927431374e-02
8.306913306880517878e-01 2.128090978223513147e-02
8.306223275063699951e-01 1.910919276674509157e-02
8.305569387833472428e-01 1.706051981220903929e-02
8.304951673200186013e-01 1.513396536892158348e-02
8.304370157624680893e-01 1.332845917978825630e-02
8.303824866017147643e-01 1.164280870888446083e-02
8.303315821736065860e-01 1.007573409733743437e-02
8.302843046587196074e-01 8.625912975542410210e-03
8.302406560822653825e-01 7.292030980486320299e-03
8.302006383140035917e-01 6.072832958059521703e-03
8.301642530681623278e-01 4.967169676354551804e-03
8.301315019033641551e-01 3.974035425080690159e-03
8.301023862225602734e-01 3.092593019334339069e-03
8.300769072729694553e-01 2.322184284753641380e-03
8.300550661460249779e-01 1.662325859588207992e-03
8.300368637773281044e-01 1.112691882649459452e-03
8.300223009466077828e-01 6.730866354166885985e-04
8.300113782776872284e-01 3.434112993273224861e-04
8.300040962384570564e-01 1.236295569374754315e-04
8.300004551408557418e-01 1.373675331034202826e-05
