4.132196871480340455e-03 4.384797297414423755e-12
8.264393742960680911e-03 1.598898873775637367e-11
1.239659061444102137e-02 1.104950601337157731e-10
1.652878748592136182e-02 4.941302204566428616e-10
2.066098435740170228e-02 1.636614763713485814e-09
2.479318122888204273e-02 4.428094275628826710e-09
2.892537810036238319e-02 1.036170879969831918e-08
3.305757497184272364e-02 2.172943311149180813e-08
3.718977184332306063e-02 4.181865523087773382e-08
4.132196871480340455e-02 7.512170417041936381e-08
4.545416558628374848e-02 1.275758299840687354e-07
4.958636245776408547e-02 2.063128263184504076e-07
5.371855932924442245e-02 3.199298386445564724e-07
5.785075620072476638e-02 4.786236924526236286e-07
6.198295307220511030e-02 6.943163998830964865e-07
6.611514994368544729e-02 9.781943261253559749e-07
7.024734681516578427e-02 1.343894117069602290e-06
7.437954368664612126e-02 1.806936505668813172e-06
7.851174055812647212e-02 2.377854473160820270e-06
8.264393742960680911e-02 3.077676450174694300e-06
8.677613430108714609e-02 3.915727962060124143e-06
9.090833117256749696e-02 4.916498521747350186e-06
9.504052804404783394e-02 6.099543499726333436e-06
9.917272491552817093e-02 7.498482127723405459e-06
1.033049217870085079e-01 9.127925044795692685e-06
1.074371186584888449e-01 1.106764264906289108e-05
1.115693155299691958e-01 1.334549767763357249e-05
1.157015124014495328e-01 1.602205250197854058e-05
1.198337092729298697e-01 1.917884853427779987e-05
1.239659061444102206e-01 2.278632596832721901e-05
1.280981030158905576e-01 2.677556383787694838e-05
1.322302998873708946e-01 3.104082280928589587e-05
1.363624967588512316e-01 3.529784000650404294e-05
1.404946936303315685e-01 3.918565952696544883e-05
1.446268905018119055e-01 4.224396629388861584e-05
1.487590873732922425e-01 4.407237017525068954e-05
1.528912842447726073e-01 4.455615494935298186e-05
1.570234811162529442e-01 4.476767196236368178e-05
1.611556779877332812e-01 4.914009600704384101e-05
1.652878748592136182e-01 6.271095959249285603e-05
1.694200717306939552e-01 8.749125466737684700e-05
1.735522686021742922e-01 1.246890960855585211e-04
1.776844654736546292e-01 1.750988547245603847e-04
1.818166623451349939e-01 2.384658690411268090e-04
1.859488592166153309e-01 3.144484948422108768e-04
1.900810560880956679e-01 4.016049101550807094e-04
1.942132529595760049e-01 4.979844524035934635e-04
1.983454498310563419e-01 6.004656410512912651e-04
2.024776467025366788e-01 7.156564680354755631e-04
2.066098435740170158e-01 8.313376573150250276e-04
2.107420404454973528e-01 9.322312565235832448e-04
2.148742373169776898e-01 1.024275969628121339e-03
2.190064341884580545e-01 1.108408187288396126e-03
2.231386310599383915e-01 1.185163304590529376e-03
2.272708279314187285e-01 1.254743002419285046e-03
2.314030248028990655e-01 1.315646218474911949e-03
2.355352216743794025e-01 1.367593460858548869e-03
2.396674185458597395e-01 1.411256054952875856e-03
2.437996154173400765e-01 1.449080028074146249e-03
2.479318122888204412e-01 1.479010665662358788e-03
2.520640091603007504e-01 1.501012356749399255e-03
2.561962060317811152e-01 1.516351651347176916e-03
2.603284029032614244e-01 1.527379166301931577e-03
2.644605997747417891e-01 1.532003231100165577e-03
2.685927966462221539e-01 1.530231398179246255e-03
2.727249935177024631e-01 1.525288540610319609e-03
2.768571903891828279e-01 1.517124690760339456e-03
2.809893872606631371e-01 1.504796704449599867e-03
2.851215841321435018e-01 1.489544200726825116e-03
2.892537810036238111e-01 1.475445505766594329e-03
2.933859778751041758e-01 1.460541256943423448e-03
2.975181747465844850e-01 1.445229511447065386e-03
3.016503716180648498e-01 1.433321044869140725e-03
3.057825684895452145e-01 1.420555431234689012e-03
3.099147653610255237e-01 1.405093324492586934e-03
3.140469622325058885e-01 1.389791298060521390e-03
3.181791591039861977e-01 1.372207000663810007e-03
3.223113559754665625e-01 1.350638153898763016e-03
3.264435528469468717e-01 1.328476567125992745e-03
3.305757497184272364e-01 1.303512541031654100e-03
3.347079465899076012e-01 1.274254186347073027e-03
3.388401434613879104e-01 1.245141380455547448e-03
3.429723403328682751e-01 1.212685895661812533e-03
3.471045372043485844e-01 1.177019120588774278e-03
3.512367340758289491e-01 1.141307864008344079e-03
3.553689309473092584e-01 1.102432508883805298e-03
3.595011278187896231e-01 1.062237606849075061e-03
3.636333246902699878e-01 1.021309760992846405e-03
3.677655215617502971e-01 9.776154699796212304e-04
3.718977184332306618e-01 9.351766242809907452e-04
3.760299153047109710e-01 8.909332648083167702e-04
3.801621121761913358e-01 8.463067418535866020e-04
3.842943090476716450e-01 8.021194156520303816e-04
3.884265059191520097e-01 7.568559924292241579e-04
3.925587027906323190e-01 7.134316505176198538e-04
3.966908996621126837e-01 6.694425266218035839e-04
4.008230965335930485e-01 6.269163857534451774e-04
4.049552934050733577e-01 5.850983838955111250e-04
4.090874902765537224e-01 5.443581121119063417e-04
4.132196871480340317e-01 5.053230538471347724e-04
4.173518840195143964e-01 4.672957158925797046e-04
4.214840808909947056e-01 4.315957261660978515e-04
4.256162777624750704e-01 3.970127860956063331e-04
4.297484746339553796e-01 3.651081526896152933e-04
4.338806715054357444e-01 3.345131606526403748e-04
4.380128683769161091e-01 3.067577631168874478e-04
4.421450652483964183e-01 2.805150245784972848e-04
4.462772621198767831e-01 2.570881072973737200e-04
4.504094589913570923e-01 2.353136953092906818e-04
4.545416558628374570e-01 2.162209372308746826e-04
4.586738527343177663e-01 1.987670218604130053e-04
4.628060496057981310e-01 1.837378735304517820e-04
4.669382464772784957e-01 1.702101592943490178e-04
4.710704433487588050e-01 1.587240353308213647e-04
4.752026402202391697e-01 1.485634660939518393e-04
4.793348370917194790e-01 1.400294334824181029e-04
4.834670339631998437e-01 1.326117832888600511e-04
4.875992308346801529e-01 1.263339701651043515e-04
4.917314277061605177e-01 1.209034520371133931e-04
4.958636245776408824e-01 1.160638421786393704e-04
4.999958214491211916e-01 1.118375596856170456e-04
5.041280183206015009e-01 1.077534468777314574e-04
5.082602151920818656e-01 1.040392395572766555e-04
5.123924120635622304e-01 1.002928728847074887e-04
5.165246089350425951e-01 9.658885936959443817e-05
5.206568058065228488e-01 9.291275789034531116e-05
5.247890026780032136e-01 8.907121078969922772e-05
5.289211995494835783e-01 8.531549371564701133e-05
5.330533964209639430e-01 8.143053892939374492e-05
5.371855932924443078e-01 7.746412755934789312e-05
5.413177901639245615e-01 7.360250046669528470e-05
5.454499870354049262e-01 6.965133590874713503e-05
5.495821839068852910e-01 6.573952292092856561e-05
5.537143807783656557e-01 6.194860457339023535e-05
5.578465776498459094e-01 5.817528763237504182e-05
5.619787745213262742e-01 5.451882931614599094e-05
5.661109713928066389e-01 5.104750535531643927e-05
5.702431682642870037e-01 4.767658126786371200e-05
5.743753651357673684e-01 4.445039970023473893e-05
5.785075620072476221e-01 4.148240017648546855e-05
5.826397588787279869e-01 3.865979009686038395e-05
5.867719557502083516e-01 3.600932562874841240e-05
5.909041526216887164e-01 3.358089792880250009e-05
5.950363494931689701e-01 3.135438409749309455e-05
5.991685463646493348e-01 2.929378414923212832e-05
6.033007432361296996e-01 2.740050245202538522e-05
6.074329401076100643e-01 2.569723130741286457e-05
6.115651369790904290e-01 2.415209223875266879e-05
6.156973338505706828e-01 2.273369805493175705e-05
6.198295307220510475e-01 2.143135353279419748e-05
6.239617275935314122e-01 2.023392324476161770e-05
6.280939244650117770e-01 1.915614462471886199e-05
6.322261213364921417e-01 1.814675256866028457e-05
6.363583182079723954e-01 1.719692394888752164e-05
6.404905150794527602e-01 1.629790635928492679e-05
6.446227119509331249e-01 1.544215929544424546e-05
6.487549088224134897e-01 1.462863219942936738e-05
6.528871056938937434e-01 1.385693556493738774e-05
6.570193025653741081e-01 1.310973188420748926e-05
6.611514994368544729e-01 1.238574026497202134e-05
6.652836963083348376e-01 1.168456493548238047e-05
6.694158931798152024e-01 1.100663444381316381e-05
6.735480900512954561e-01 1.035240060808500130e-05
6.776802869227758208e-01 9.722827571478480932e-06
6.818124837942561856e-01 9.118909256634125037e-06
6.859446806657365503e-01 8.541779021807890842e-06
6.900768775372168040e-01 7.992643693262311205e-06
6.942090744086971688e-01 7.474088616250879660e-06
6.983412712801775335e-01 6.983518606734385269e-06
7.024734681516578982e-01 6.521177699798442925e-06
7.066056650231382630e-01 6.087369352505754207e-06
7.107378618946185167e-01 5.681726739438892523e-06
7.148700587660988814e-01 5.303610704933672773e-06
7.190022556375792462e-01 4.951786419869848348e-06
7.231344525090596109e-01 4.625344568336542592e-06
7.272666493805399757e-01 4.324448488485001929e-06
7.313988462520202294e-01 4.045844559946836977e-06
7.355310431235005941e-01 3.787594628067629602e-06
7.396632399949809589e-01 3.547977964098780410e-06
7.437954368664613236e-01 3.325058486137659488e-06
7.479276337379415773e-01 3.117085593975991513e-06
7.520598306094219421e-01 2.922365367635162913e-06
7.561920274809023068e-01 2.739321774970076100e-06
7.603242243523826716e-01 2.566509492219431542e-06
7.644564212238630363e-01 2.406316138995956622e-06
7.685886180953432900e-01 2.254735343528315387e-06
7.727208149668236548e-01 2.110681833018479324e-06
7.768530118383040195e-01 1.973352893963941001e-06
7.809852087097843842e-01 1.842879245530471492e-06
7.851174055812646380e-01 1.721285200780533061e-06
7.892496024527450027e-01 1.605334171769274984e-06
7.933817993242253674e-01 1.494551826945420700e-06
7.975139961957057322e-01 1.390977611314632395e-06
8.016461930671860969e-01 1.293683719831886852e-06
8.057783899386663506e-01 1.201018662920337251e-06
8.099105868101467154e-01 1.115089668424268349e-06
8.140427836816270801e-01 1.034564592371408809e-06
8.181749805531074449e-01 9.585405657078316492e-07
8.223071774245876986e-01 8.890078620174873306e-07
8.264393742960680633e-01 8.230501822538339896e-07
8.305715711675484281e-01 7.630490747936374423e-07
8.347037680390287928e-01 7.063049878593811025e-07
8.388359649105091576e-01 6.547127867339797366e-07
8.429681617819894113e-01 6.059417512321054875e-07
8.471003586534697760e-01 5.616281444913740543e-07
8.512325555249501408e-01 5.199573806589751991e-07
8.553647523964305055e-01 4.812894752112985016e-07
8.594969492679107592e-01 4.456438363718650967e-07
8.636291461393911240e-01 4.121016463464833595e-07
8.677613430108714887e-01 3.806910712865914505e-07
8.718935398823518534e-01 3.518297715933038153e-07
8.760257367538322182e-01 3.246680204508171122e-07
8.801579336253124719e-01 2.991875576592335665e-07
8.842901304967928366e-01 2.753400467158269984e-07
8.884223273682732014e-01 2.530532051218715624e-07
8.925545242397535661e-01 2.322813401522100502e-07
8.966867211112339309e-01 2.129600361480046814e-07
9.008189179827141846e-01 1.950256585643238350e-07
9.049511148541945493e-01 1.783952446905409785e-07
9.090833117256749141e-01 1.630020038115513496e-07
9.132155085971552788e-01 1.487471600060592765e-07
9.173477054686355325e-01 1.355228705438679906e-07
9.214799023401158973e-01 1.234775114501614719e-07
9.256120992115962620e-01 1.122741931113569619e-07
9.297442960830766268e-01 1.018751378088155069e-07
9.338764929545569915e-01 9.223400318099936184e-08
9.380086898260372452e-01 8.326920646608458641e-08
9.421408866975176100e-01 7.487031982034579834e-08
9.462730835689979747e-01 6.706074328008645393e-08
9.504052804404783394e-01 5.987602166387648159e-08
9.545374773119585932e-01 5.335939358872898384e-08
9.586696741834389579e-01 4.756585801200840425e-08
9.628018710549193226e-01 4.252136280349376993e-08
9.669340679263996874e-01 3.835402988056856305e-08
9.710662647978800521e-01 3.488460579214363816e-08
9.751984616693603058e-01 3.190039704562188798e-08
9.793306585408406706e-01 2.905404735027467790e-08
9.834628554123210353e-01 2.583945670137620582e-08
9.875950522838014001e-01 2.175033749154986326e-08
9.917272491552817648e-01 1.630852766775989181e-08
9.958594460267620185e-01 9.129795926995273367e-09
