9.999929926039285988e-01 6.477617293193284781e-11 6.472104568915841827e-11 1.294972186210912532e-10
9.999369350951872182e-01 5.000740373813606235e-09 5.240242068099248150e-09 1.024098244191285438e-08
9.998248289298345970e-01 3.501164490887909276e-08 4.031259614293215315e-08 7.532424105181125252e-08
9.996566918107343547e-01 1.159270512948377324e-07 1.533858542599410386e-07 2.693129055547787578e-07
9.994325502886860502e-01 2.584878129976447073e-07 4.102783487024956501e-07 6.687661617001403044e-07
9.991524397582347561e-01 4.435837751518057622e-07 8.806685275362233799e-07 1.324252302688029142e-06
9.988164044520804197e-01 6.235609212570348600e-07 1.615026727701573530e-06 2.238587648958608496e-06
9.984244974340934498e-01 7.410505976783675415e-07 2.617572494887280671e-06 3.358623092565648424e-06
9.979767805909345313e-01 7.560157108330940325e-07 3.826978109571025624e-06 4.582993820404119445e-06
9.974733246222837746e-01 6.655447421368872067e-07 5.117912713869251053e-06 5.783457456006138048e-06
9.969142090296747583e-01 5.044202510893209713e-07 6.329151478196652953e-06 6.833571729285973924e-06
9.962995221039410154e-01 3.263676542542184005e-07 7.310179996663390039e-06 7.636547650917608916e-06
9.956293609112738530e-01 1.781068799802921997e-07 7.966512868987257100e-06 8.144619748967548770e-06
9.949038312778941684e-01 8.182637484115803367e-08 8.283188541269790575e-06 8.365014916110949310e-06
9.941230477733420390e-01 3.415211692971054708e-08 8.317608118502474139e-06 8.351760235432185097e-06
9.932871336923834171e-01 1.775556664550001039e-08 8.169091819296665167e-06 8.186847385942164443e-06
9.923962210355425917e-01 1.499634342822335720e-08 7.942240957503410504e-06 7.957237300931634612e-06
9.914504504882553082e-01 1.530852339736763195e-08 7.719507595780310548e-06 7.734816119177677617e-06
9.904499713986549825e-01 1.517860603773083111e-08 7.549379045866261645e-06 7.564557651903992708e-06
9.893949417539875668e-01 1.463876897013880345e-08 7.448033836631337716e-06 7.462672605601476588e-06
9.882855281556643945e-01 1.430986169928915673e-08 7.408617887823017738e-06 7.422927749522307068e-06
9.871219057929534468e-01 1.435301838353323990e-08 7.412666956620881264e-06 7.427019975004414244e-06
9.859042584153148159e-01 1.460891742610902343e-08 7.439973606026972170e-06 7.454582523453081291e-06
9.846327783033848036e-01 1.491485441148254882e-08 7.474892790971218667e-06 7.489807645382700865e-06
9.833076662386126543e-01 1.520883924748378270e-08 7.508612849068929753e-06 7.523821688316413152e-06
9.819291314715545838e-01 1.549196516665928717e-08 7.538272203439227625e-06 7.553764168605886938e-06
9.804973916888306551e-01 1.578044801454994507e-08 7.564566183377315277e-06 7.580346631391864905e-06
9.790126729787500537e-01 1.608685045057450658e-08 7.589392982915542538e-06 7.605479833366116727e-06
9.774752097956083130e-01 1.641806835696949591e-08 7.614388399746237139e-06 7.630806468103206751e-06
9.758852449226647074e-01 1.677713735996936791e-08 7.640434262316192027e-06 7.657211399676160660e-06
9.742430294338046970e-01 1.716514717435440574e-08 7.667781920816600899e-06 7.684947067990955337e-06
9.725488226538907544e-01 1.758273968021646432e-08 7.696369784751746181e-06 7.713952524431963412e-06
9.708028921178131210e-01 1.803092951641287154e-08 7.726073286788006926e-06 7.744104216304420406e-06
9.690055135282433785e-01 1.851127645163744280e-08 7.756815199441926496e-06 7.775326475893563346e-06
9.671569707120963866e-01 1.902572821913835589e-08 7.788575951094949814e-06 7.807601679314088561e-06
9.652575555757119119e-01 1.957643039562661763e-08 7.821367136457752265e-06 7.840943566853378525e-06
9.633075680587586120e-01 2.016562699985285807e-08 7.855207856797310735e-06 7.875373483797164378e-06
9.613073160868705891e-01 2.079564424351095966e-08 7.890114671202067782e-06 7.910910315445579327e-06
9.592571155230216196e-01 2.146890984425165103e-08 7.926100821215015637e-06 7.947569731059268098e-06
9.571572901176472747e-01 2.218797451029612557e-08 7.963178251161660720e-06 7.985366225671957597e-06
9.550081714575215930e-01 2.295552514236642052e-08 8.001359087449767387e-06 8.024314612592134099e-06
9.528100989133938548e-01 2.377439178823596057e-08 8.040656079410609777e-06 8.064430471198845562e-06
9.505634195863998936e-01 2.464755365731204922e-08 8.081082533602810129e-06 8.105730087260122694e-06
9.482684882532497195e-01 2.557814557100761655e-08 8.122652185285448247e-06 8.148230330856456069e-06
9.459256673102045543e-01 2.656946563348747146e-08 8.165379142300839563e-06 8.191948607934326581e-06
9.435353267158499424e-01 2.762498356916256013e-08 8.209277879715872671e-06 8.236902863285035668e-06
9.410978439326758149e-01 2.874834951526968559e-08 8.254363246228788668e-06 8.283111595744057639e-06
9.386136038674692816e-01 2.994340331204132446e-08 8.300650467285086717e-06 8.330593870597128068e-06
9.360829988105354715e-01 3.121418416765780709e-08 8.348155145050684958e-06 8.379369329218342010e-06
9.335064283737481983e-01 3.256494107161234609e-08 8.396893258029600331e-06 8.429458199101212836e-06
9.308842994274482141e-01 3.400014358386399539e-08 8.446881161374342108e-06 8.480881304958205521e-06
9.282170260361926051e-01 3.552449348275389748e-08 8.498135587950755970e-06 8.533660081433510258e-06
9.255050293933699823e-01 3.714293677406899639e-08 8.550673649907050900e-06 8.587816586681119513e-06
9.227487377546885750e-01 3.886067672890239292e-08 8.604512840689134510e-06 8.643373517418036678e-06
9.199485863705505473e-01 4.068318739269797836e-08 8.659671037450025364e-06 8.700354224842723799e-06
9.171050174173192016e-01 4.261622800293176215e-08 8.716166503801241303e-06 8.758782731804173118e-06
9.142184799274961637e-01 4.466585826912051780e-08 8.774017892851711405e-06 8.818683751120832617e-06
9.112894297188129933e-01 4.683845437533838910e-08 8.833244250489259553e-06 8.880082704864598558e-06
9.083183293222523158e-01 4.914072621449397633e-08 8.893865018801802697e-06 8.943005745016296653e-06
9.053056479090089148e-01 5.157973520137160866e-08 8.955900039591783719e-06 9.007479774793155142e-06
9.022518612164014407e-01 5.416291361455920490e-08 9.019369557901810560e-06 9.073532471516370109e-06
8.991574514727500578e-01 5.689808465508537971e-08 9.084294225470413418e-06 9.141192310125499036e-06
8.960229073212242490e-01 5.979348401120642479e-08 9.150695104046837041e-06 9.210488588058042778e-06
8.928487237426827594e-01 6.285778246804087575e-08 9.218593668485568871e-06 9.281451450953609019e-06
8.896354019775085664e-01 6.610010997781600027e-08 9.288011809549284571e-06 9.354111919527099790e-06
8.863834494464586378e-01 6.953008131503107843e-08 9.358971836334921483e-06 9.428501917649952614e-06
8.830933796705355832e-01 7.315782290773641231e-08 9.431496478262246024e-06 9.504654301169982529e-06
8.797657121898962984e-01 7.699400171431939967e-08 9.505608886528915679e-06 9.582602888243235516e-06
8.764009724818118130e-01 8.104985557430141887e-08 9.581332635001149395e-06 9.662382490575450284e-06
8.729996918776874448e-01 8.533722558956411490e-08 9.658691720412958194e-06 9.744028946002521594e-06
8.695624074791592495e-01 8.986859029507601452e-08 9.737710561852448498e-06 9.827579152147523825e-06
8.660896620732798645e-01 9.465710234787525148e-08 9.818413999438990440e-06 9.913071101786865758e-06
8.625820040468066274e-01 9.971662691680572329e-08 9.900827292115726340e-06 1.000054391903253282e-05
8.590399872996037356e-01 1.050617831541232018e-07 9.984976114506065417e-06 1.009003789766018902e-05
8.554641711571759899e-01 1.107079876452938598e-07 1.007088655273666279e-05 1.018159454038195612e-05
8.518551202823445578e-01 1.166715011563363455e-07 1.015858509915820868e-05 1.027525660031454464e-05
8.482134045860796334e-01 1.229694778979494781e-07 1.024809864588102209e-05 1.037106812377897151e-05
8.445395991375062028e-01 1.296200184961106162e-07 1.033945447704218203e-05 1.046907449553829259e-05
8.408342840730926859e-01 1.366422257622651548e-07 1.043268025969912547e-05 1.056932248546139145e-05
8.370980445050408836e-01 1.440562646553656250e-07 1.052780403326304856e-05 1.067186029791841382e-05
8.333314704288905528e-01 1.518834259572854199e-07 1.062485419735683496e-05 1.077673762331411993e-05
8.295351566303517110e-01 1.601461941303629755e-07 1.072385949798141882e-05 1.088400569211178146e-05
8.257097025913817667e-01 1.688683199530993323e-07 1.082484901188068653e-05 1.099371733183378594e-05
8.218557123955192445e-01 1.780748978311568582e-07 1.092785212893472458e-05 1.110592702676588067e-05
8.179737946324929787e-01 1.877924486762993506e-07 1.103289853247592583e-05 1.122069098115222557e-05
8.140645623021183219e-01 1.980490084154928793e-07 1.114001817734306384e-05 1.133806718575855590e-05
8.101286327174976876e-01 2.088742227435648348e-07 1.124924126550300701e-05 1.145811548824657118e-05
8.061666274075389715e-01 2.202994486824580356e-07 1.136059821907163158e-05 1.158089766775409020e-05
8.021791720188100605e-01 2.323578634249756214e-07 1.147411965051140450e-05 1.170647751393637938e-05
7.981668962167405290e-01 2.450845810284206712e-07 1.158983632979345255e-05 1.183492091082187248e-05
7.941304335861911756e-01 2.585167777218130720e-07 1.170777914829119904e-05 1.196629592601301205e-05
7.900704215314038326e-01 2.726938262927117670e-07 1.182797907912166115e-05 1.210067290541437223e-05
7.859875011753471030e-01 2.876574404453823653e-07 1.195046713365800428e-05 1.223812457410338649e-05
7.818823172584756787e-01 3.034518294703357415e-07 1.207527431387229711e-05 1.237872614334263354e-05
7.777555180369191135e-01 3.201238647170207730e-07 1.220243156013552736e-05 1.252255542485254740e-05
7.736077551801137098e-01 3.377232573622721189e-07 1.233196969408001011e-05 1.266969295144228202e-05
7.694396836678969454e-01 3.563027497336509702e-07 1.246391935600752220e-05 1.282022210574117386e-05
7.652519616870785413e-01 3.759183197068788365e-07 1.259831093636012877e-05 1.297422925606700756e-05
7.610452505275047130e-01 3.966293999996577650e-07 1.273517450059083586e-05 1.313180390059049330e-05
7.568202144776331464e-01 4.184991129181531722e-07 1.287453970682233005e-05 1.329303881974048375e-05
7.525775207196347960e-01 4.415945220990260572e-07 1.301643571548335223e-05 1.345803023758237839e-05
7.483178392240364962e-01 4.659869027430829902e-07 1.316089109014094473e-05 1.362687799288402852e-05
7.440418426439263655e-01 4.917520316684878798e-07 1.330793368864519295e-05 1.379968572031368093e-05
7.397502062087333297e-01 5.189705011989551868e-07 1.345759054363418269e-05 1.397656104483313809e-05
7.354436076176006365e-01 5.477280574379335976e-07 1.360988773148338178e-05 1.415761578892131591e-05
7.311227269323696820e-01 5.781159694396117210e-07 1.376485022872236960e-05 1.434296619816198079e-05
7.267882464701895806e-01 6.102314310734488558e-07 1.392250175500295002e-05 1.453273318607639866e-05
7.224408506957726850e-01 6.441780025778920865e-07 1.408286460176279224e-05 1.472704260434068401e-05
7.180812261133078245e-01 6.800660966502152075e-07 1.424595944579396190e-05 1.492602554244417774e-05
7.137100611580553533e-01 7.180135157479009234e-07 1.441180514700819076e-05 1.512981866275609094e-05
7.093280460876336679e-01 7.581460463240706229e-07 1.458041852982375983e-05 1.533856457614783035e-05
7.049358728730203971e-01 8.005981170521430910e-07 1.475181414755232617e-05 1.555241226460446979e-05
7.005342350892819203e-01 8.455135249290431309e-07 1.492600402923892344e-05 1.577151755416796795e-05
6.961238278060495333e-01 8.930462336694068161e-07 1.510299740815103951e-05 1.599604364182044718e-05
6.917053474777603572e-01 9.433612454659104342e-07 1.528280043087194387e-05 1.622616167633785525e-05
6.872794918336787573e-01 9.966355431537623026e-07 1.546541584538464864e-05 1.646205138853840946e-05
6.828469597677172542e-01 1.053059098812870406e-06 1.565084266578502104e-05 1.670390176459789208e-05
6.784084512280725843e-01 1.112835937013861677e-06 1.583907581015156450e-05 1.695191174716542448e-05
6.739646671066958916e-01 1.176185240449351922e-06 1.603010570690815252e-05 1.720629094735750571e-05
6.695163091286140400e-01 1.243342479277719082e-06 1.622391786330151483e-05 1.746726034257923497e-05
6.650640797411186966e-01 1.314560544806016119e-06 1.642049238818874655e-05 1.773505293299476119e-05
6.606086820028420625e-01 1.390110868174826194e-06 1.661980345942264874e-05 1.800991432759747345e-05
6.561508194727354581e-01 1.470284505374312268e-06 1.682181872487733659e-05 1.829210323025164822e-05
6.516911960989699715e-01 1.555393180121111948e-06 1.702649862501042099e-05 1.858189180513153293e-05
6.472305161077733793e-01 1.645770284018554651e-06 1.723379562464259760e-05 1.887956590866115246e-05
6.427694838922265452e-01 1.741771852555165041e-06 1.744365334235024125e-05 1.918542519490540777e-05
6.383088039010300641e-01 1.843777554928612521e-06 1.765600556795380441e-05 1.949978312288241651e-05
6.338491805272643553e-01 1.952191764714710207e-06 1.787077516216181502e-05 1.982296692687652608e-05
6.293913179971579730e-01 2.067444805411476432e-06 1.808787283773599170e-05 2.015531764314746813e-05
6.249359202588813389e-01 2.189994499431763874e-06 1.830719582856286137e-05 2.049719032799462694e-05
6.204836908713859955e-01 2.320328176405741249e-06 1.852862646138556357e-05 2.084895463779130355e-05
6.160353328933040329e-01 2.458965327010763027e-06 1.875203065456137089e-05 2.121099598157213392e-05
6.115915487719274513e-01 2.606461099810684193e-06 1.897725637797964868e-05 2.158371747779033457e-05
6.071530402322826703e-01 2.763410849347651918e-06 1.920413211754578653e-05 2.196754296689343972e-05
6.027205081663212782e-01 2.930455922295388898e-06 1.943246539512604170e-05 2.236292131742142932e-05
5.982946525222396783e-01 3.108290839586378749e-06 1.966204139910082476e-05 2.277033223868720521e-05
5.938761721939505023e-01 3.297671966133053576e-06 1.989262178042144013e-05 2.319029374655449201e-05
5.894657649107180042e-01 3.499427673189246449e-06 2.012394366279665728e-05 2.362337133598590373e-05
5.850641271269794164e-01 3.714469884489599646e-06 2.035571890221503789e-05 2.407018878670463753e-05
5.806719539123662566e-01 3.943806754381209699e-06 2.058763360976872167e-05 2.453144036414992967e-05
5.762899388419446822e-01 4.188556071700514467e-06 2.081934792237519395e-05 2.500790399407570841e-05
5.719187738866919890e-01 4.449958806503370956e-06 2.105049596923030188e-05 2.550045477573367284e-05
5.675591493042273505e-01 4.729392053541336065e-06 2.128068593909418005e-05 2.601007799263551612e-05
5.632117535298103439e-01 5.028380458115081336e-06 2.150950010728195537e-05 2.653788056539703756e-05
5.588772730676303535e-01 5.348605082164665252e-06 2.173649463499016963e-05 2.708509971715483404e-05
5.545563923823992880e-01 5.691908570502371051e-06 2.196119891164299444e-05 2.765310748214536379e-05
5.502497937912667059e-01 6.060295439506016949e-06 2.218311417814788753e-05 2.824340961765390364e-05
5.459581573560735590e-01 6.455926330056411443e-06 2.240171115077194534e-05 2.885763748082835679e-05
5.416821607759634283e-01 6.881105173122381106e-06 2.261642636689495059e-05 2.949753154001733254e-05
5.374224792803652395e-01 7.338258384390200472e-06 2.282665699988656725e-05 3.016491538427676857e-05
5.331797855223667781e-01 7.829905463958022432e-06 2.303175394432151516e-05 3.086165940827954098e-05
5.289547494724954335e-01 8.358620696447400695e-06 2.323101305676157912e-05 3.158963375320898151e-05
5.247480383129214943e-01 8.926986024330250049e-06 2.342366455123918488e-05 3.235065057556943662e-05
5.205603163321029792e-01 9.537535589333358271e-06 2.360886068971947512e-05 3.314639627905283678e-05
5.163922448198863258e-01 1.019269285462441020e-05 2.378566207121547176e-05 3.397835492583988365e-05
5.122444819630809221e-01 1.089470165167521678e-05 2.395302300056740920e-05 3.484772465224262428e-05
5.081176827415242458e-01 1.164555285893361054e-05 2.410977659918966200e-05 3.575532945812327085e-05
5.040124988246528215e-01 1.244690874118075222e-05 2.425462049256279923e-05 3.670152923374355315e-05
4.999295784685960919e-01 1.330002720146800648e-05 2.438610405959247221e-05 3.768613126106047699e-05
4.958695664138087489e-01 1.420568832134818865e-05 2.450261834294718155e-05 3.870830666429536681e-05
4.918331037832596175e-01 1.516412558548155957e-05 2.460238978444871519e-05 3.976651536993027646e-05
4.878208279811899750e-01 1.617496408619032035e-05 2.468347895383374074e-05 4.085844304002406109e-05
4.838333725924608419e-01 1.723716781797091611e-05 2.474378537513770654e-05 4.198095319310861926e-05
4.798713672825022369e-01 1.834899786410491168e-05 2.478105941780743782e-05 4.313005728191234950e-05
4.759354376978815471e-01 1.950798293191085376e-05 2.479292200982869039e-05 4.430090494173954415e-05
4.720262053675070568e-01 2.071090323796811290e-05 2.477689265200532691e-05 4.548779588997343981e-05
4.681442876044807355e-01 2.195378830123817423e-05 2.473042587552788570e-05 4.668421417676605993e-05
4.642902974086181578e-01 2.323192868311732025e-05 2.465095590210916591e-05 4.788288458522648616e-05
4.604648433696482135e-01 2.453990126696703255e-05 2.453594885463816265e-05 4.907585012160519181e-05
4.566685295711094827e-01 2.587160719601199995e-05 2.438296144629046566e-05 5.025456864230246561e-05
4.529019554949590409e-01 2.722032125016219398e-05 2.418970467029992000e-05 5.141002592046211737e-05
4.491657159269072386e-01 2.857875117060315308e-05 2.395411064518723101e-05 5.253286181579038070e-05
4.454604008624936107e-01 2.993910534210070999e-05 2.367440046603134918e-05 5.361350580813206256e-05
4.417865954139201801e-01 3.129316726600334846e-05 2.334915069525175129e-05 5.464231796125509975e-05
4.381448797176555332e-01 3.263237547440132853e-05 2.297735601698768036e-05 5.560973149138900888e-05
4.345358288428239346e-01 3.394790782444246995e-05 2.255848559300770189e-05 5.650639341745017184e-05
4.309600127003961889e-01 3.523076951282389733e-05 2.209253080258971911e-05 5.732330031541361644e-05
4.274179959531934081e-01 3.647188449890826923e-05 2.158004232145097702e-05 5.805192682035924625e-05
4.239103379267200600e-01 3.766219030875569908e-05 2.102215488186748307e-05 5.868434519062317876e-05
4.204375925208407860e-01 3.879273628422193654e-05 2.042059853282113911e-05 5.921333481704307226e-05
4.170003081223125907e-01 3.985478522067737410e-05 1.977769575169870299e-05 5.963248097237607709e-05
4.135990275181879450e-01 4.083991799206658540e-05 1.909634430828861104e-05 5.993626230035519983e-05
4.102342878101035151e-01 4.174014020373652967e-05 1.837998630773001596e-05 6.012012651146654563e-05
4.069066203294643413e-01 4.254798926439122748e-05 1.763256430607556494e-05 6.018055357046679242e-05
4.036165505535411757e-01 4.325663959567685717e-05 1.685846577397663563e-05 6.011510536965348941e-05
4.003645980224912471e-01 4.386000317107831238e-05 1.606245746693965137e-05 5.992246063801796375e-05
3.971512762573172206e-01 4.435282223419108463e-05 1.524961144477431440e-05 5.960243367896539564e-05
3.939770926787756200e-01 4.473075109345156758e-05 1.442522458079208527e-05 5.915597567424365284e-05
3.908425485272498667e-01 4.499042417081051715e-05 1.359473343501488056e-05 5.858515760582539941e-05
3.877481387835984838e-01 4.512950817269337277e-05 1.276362636122698734e-05 5.789313453392036350e-05
3.846943520909912317e-01 4.514673707425984653e-05 1.193735470003292316e-05 5.708409177429276630e-05
3.816816706777476087e-01 4.504192960422133657e-05 1.112124489743789068e-05 5.616317450165922724e-05
3.787105702811868202e-01 4.481598982118547507e-05 1.032041338889445681e-05 5.513640321007993019e-05
3.757815200725037053e-01 4.447089213699048220e-05 9.539686098195121326e-06 5.401057823518560353e-05
3.728949825826807229e-01 4.400965262227744573e-05 8.783524403665962248e-06 5.279317702594340459e-05
3.700514136294494882e-01 4.343628858770621088e-05 8.055959397423005314e-06 5.149224798512921789e-05
3.672512622453111830e-01 4.275576826705134885e-05 7.360536179776937723e-06 5.011630444682828826e-05
3.644949706066298867e-01 4.197395200736918358e-05 6.700269765468396882e-06 4.867422177283757707e-05
3.617829739638073194e-01 4.109752579253580883e-05 6.077613914077133700e-06 4.717513970661294507e-05
3.591157005725517104e-01 4.013392729838167317e-05 5.494443828433018940e-06 4.562837112681469550e-05
3.564935716262516152e-01 3.909126420984864283e-05 4.952053201403044906e-06 4.404331741125168604e-05
3.539170011894644530e-01 3.797822422040750777e-05 4.451165556674796249e-06 4.242938977708230402e-05
3.513863961325305874e-01 3.680397615710015246e-05 3.991959258729089831e-06 4.079593541582924568e-05
3.489021560673241651e-01 3.557806202653852494e-05 3.574105004541264803e-06 3.915216703107979101e-05
3.464646732841499821e-01 3.431028037135555565e-05 3.196814100519102388e-06 3.750709447187465761e-05
3.440743326897954257e-01 3.301056217880558695e-05 2.858895415271708107e-06 3.586945759407729294e-05
3.417315117467501495e-01 3.168884149862290477e-05 2.558818615262418686e-06 3.424766011388532600e-05
3.394365804136000309e-01 3.035492380914157136e-05 2.294781153399955576e-06 3.264970496254152694e-05
3.371899010866060142e-01 2.901835587760467035e-05 2.064776488254333881e-06 3.108313236585900338e-05
3.349918285424783315e-01 2.768830129833039784e-05 1.866661156664192387e-06 2.955496245499458980e-05
3.328427098823525387e-01 2.637342601363051355e-05 1.698218627840705206e-06 2.807164464147121833e-05
3.307428844769784160e-01 2.508179801256089773e-05 1.557218397083862216e-06 2.663901640964476143e-05
3.286926839131293909e-01 2.382080512629698078e-05 1.441469515345506583e-06 2.526227464164248652e-05
3.266924319412412570e-01 2.259709413264562495e-05 1.348868318187237024e-06 2.394596245083286282e-05
3.247424444242879571e-01 2.141653254522991233e-05 1.277439664167124399e-06 2.269397220939703758e-05
3.228430292879034269e-01 2.028419113940731173e-05 1.225368951820811639e-06 2.150956009122812379e-05
3.209944864717564905e-01 1.920434139213209764e-05 1.191020116646139209e-06 2.039536150877823537e-05
3.191971078821866925e-01 1.818046227366249717e-05 1.172937797121081264e-06 1.935340007078357885e-05
3.174511773461091702e-01 1.721526077468308417e-05 1.169846188198159598e-06 1.838510696288124462e-05
3.157569705661952275e-01 1.631073071662850649e-05 1.180682395136061828e-06 1.749141311176456980e-05
3.141147550773351060e-01 1.546829136730916058e-05 1.204722185572132205e-06 1.667301355288129151e-05
3.125247902043917225e-01 1.468903345022425737e-05 1.241839439062616207e-06 1.593087288928687442e-05
3.109873270212499818e-01 1.397402950425464927e-05 1.292859796388248350e-06 1.526688930064289720e-05
3.095026083111693249e-01 1.332454350763712339e-05 1.359832853357498243e-06 1.468437636099462100e-05
3.080708685284453408e-01 1.274185894759561682e-05 1.445921945058937275e-06 1.418778089265455367e-05
3.066923337613873257e-01 1.222643125933066340e-05 1.554601221339561737e-06 1.378103248067022492e-05
3.053672216966151209e-01 1.177624014278684632e-05 1.688037526809115033e-06 1.346427766959596156e-05
3.040957415846852196e-01 1.138456474441525899e-05 1.844903572645634714e-06 1.322946831706089350e-05
3.028780942070465332e-01 1.103780907956169044e-05 2.018277347971012209e-06 1.305608642753270264e-05
3.017144718443355300e-01 1.071426810713238245e-05 2.194515244853739482e-06 1.290878335198612109e-05
3.006050582460124132e-01 1.038467319057709902e-05 2.353868339233105218e-06 1.273854152981020339e-05
2.995500286013450530e-01 1.001494239916403533e-05 2.473119616534143731e-06 1.248806201569817949e-05
2.985495495117446718e-01 9.570908073290859344e-06 2.529818431643401519e-06 1.210072650493426171e-05
2.976037789644573883e-01 9.024140035603620441e-06 2.507060250221164655e-06 1.153120028582478552e-05
2.967128663076163964e-01 8.357572496607244274e-06 2.397472724024275192e-06 1.075504522063151947e-05
2.958769522266579410e-01 7.569616404134712246e-06 2.205249524761130410e-06 9.774865928895843504e-06
2.950961687221056451e-01 6.675783871342824872e-06 1.945652038933458409e-06 8.621435910276283704e-06
2.943706390887261271e-01 5.707428900763158892e-06 1.642152264895900797e-06 7.349581165659059478e-06
2.937004778960589091e-01 4.707830221277429010e-06 1.322044234701761031e-06 6.029874455979190253e-06
2.930857909703251662e-01 3.726349389585036888e-06 1.011695131725980722e-06 4.738044521311018034e-06
2.925266753777161499e-01 2.811702514255486867e-06 7.325649450453068208e-07 3.544267459300793582e-06
2.920232194090653377e-01 2.005471845820875663e-06 4.987622809924582998e-07 2.504234126813333751e-06
2.915755025659065858e-01 1.336882514971801487e-06 3.163876122532899126e-07 1.653270127225091453e-06
2.911835955479193938e-01 8.196238602187879778e-07 1.844298084313549524e-07 1.004053668650143010e-06
2.908475602417650019e-01 4.511505960196611216e-07 9.666681038862362663e-08 5.478174064082847085e-07
2.905674497113138743e-01 2.145037290873311574e-07 4.393130525285266830e-08 2.584350343401838522e-07
2.903433081892657364e-01 8.229859958762194958e-08 1.620696709554823164e-08 9.850556668317018453e-08
2.901751710701652720e-01 2.219513462703960889e-08 4.236099091232154346e-09 2.643123371827176158e-08
2.900630649048128173e-01 2.945111594057216915e-09 5.499575737052586312e-10 3.495069167762475443e-09
2.900070073960713257e-01 3.679015107765218067e-11 6.793459951636988398e-12 4.358361102928916988e-11
