7.941539001675071985e-01 3.714938681278429300e+00 -6.671612597107303699e-01 -4.307856435542558038e-01
7.880946665208656832e-01 3.702054500880931798e+00 -6.675238221394282911e-01 -4.189333482488631355e-01
7.820541380124034214e-01 3.689170320483434296e+00 -6.677085496116975660e-01 -4.071534938543037718e-01
7.760332534310884212e-01 3.676286140085936793e+00 -6.677183050097657002e-01 -3.954489544628045361e-01
7.700329485129273621e-01 3.663401959688439291e+00 -6.675560023104836205e-01 -3.838225183268408891e-01
7.640541557955371488e-01 3.650517779290941789e+00 -6.672246042356804185e-01 -3.722768868610707993e-01
7.580978044732156196e-01 3.637633598893444287e+00 -6.667271198814624933e-01 -3.608146737061557197e-01
7.521648202525300642e-01 3.624749418495947229e+00 -6.660666023280530368e-01 -3.494384038549340765e-01
7.462561252084484176e-01 3.611865238098449726e+00 -6.652461462317860175e-01 -3.381505128413744288e-01
7.403726376410366683e-01 3.598981057700952224e+00 -6.642688854008765853e-01 -3.269533459927007057e-01
7.345152719327383561e-01 3.581802150504288740e+00 -6.644883563548259486e-01 -3.129982571377775691e-01
7.286849384062684676e-01 3.568917970106791682e+00 -6.631597629938620342e-01 -3.019948148662023879e-01
7.228825431831330528e-01 3.551739062910128197e+00 -6.629284381858727704e-01 -2.882447867409808073e-01
7.171089880428072050e-01 3.538854882512630695e+00 -6.612631783638153182e-01 -2.774460482183226939e-01
7.113651702825823930e-01 3.525970702115133193e+00 -6.594581577133005190e-01 -2.667495899088637712e-01
7.056519825781144561e-01 3.508791794918470153e+00 -6.586107664825778807e-01 -2.533309668983536600e-01
6.999703128446880251e-01 3.495907614520972650e+00 -6.564912241212235156e-01 -2.428532715771150041e-01
6.943210440992209076e-01 3.483023434123475148e+00 -6.542424407198828007e-01 -2.324834210001282819e-01
6.887050543230297528e-01 3.470139253725977646e+00 -6.518678106774891123e-01 -2.222228819285370915e-01
6.831232163253794232e-01 3.461549800127646126e+00 -6.484539599378345009e-01 -2.148599323365634473e-01
6.775763976078352790e-01 3.448665619730148624e+00 -6.458810039763972499e-01 -2.048108964329108939e-01
6.720654602294386937e-01 3.440076166131817104e+00 -6.423491067940738652e-01 -1.976350369602082324e-01
6.665912606727323331e-01 3.431486712533485584e+00 -6.387771831948477752e-01 -1.905455825646938939e-01
6.611546497106485232e-01 3.422897258935153619e+00 -6.351673615785017324e-01 -1.835426207163209089e-01
6.557564722742870167e-01 3.414307805336822099e+00 -6.315217645593453888e-01 -1.766261923313432458e-01
6.503975673215990350e-01 3.405718351738490579e+00 -6.278425079695911792e-01 -1.697962919627750977e-01
6.450787677070018988e-01 3.397128898140158615e+00 -6.241316998674777405e-01 -1.630528680119331386e-01
6.398009000519401246e-01 3.392834171340993077e+00 -6.197140428317812200e-01 -1.590587841785610634e-01
6.345647846164164108e-01 3.384244717742661113e+00 -6.159746743463864194e-01 -1.524718545802545844e-01
6.293712351715102793e-01 3.379949990943495575e+00 -6.115771036812451822e-01 -1.485987816712239784e-01
6.242210588729060206e-01 3.375655264144329593e+00 -6.071999105155174714e-01 -1.447763758710642612e-01
6.191150561354493709e-01 3.367065810545998072e+00 -6.034442843004398371e-01 -1.384140472594120874e-01
6.140540205087497982e-01 3.362771083746832090e+00 -5.990954210402248403e-01 -1.347108629309305416e-01
6.090387385538520437e-01 3.358476356947666552e+00 -5.947706527317918601e-01 -1.310574519371781876e-01
6.040699897209920177e-01 3.354181630148500570e+00 -5.904711297245088808e-01 -1.274535109103775155e-01
5.991485462284583674e-01 3.349886903349334588e+00 -5.861979936871311025e-01 -1.238987193027327599e-01
5.942751729425787000e-01 3.345592176550169050e+00 -5.819523773020354174e-01 -1.203927395171375953e-01
5.894506272588477813e-01 3.341297449751003068e+00 -5.777354039618759485e-01 -1.169352170428445692e-01
5.846756589842166951e-01 3.337002722951837530e+00 -5.735481874687459181e-01 -1.135257805960581817e-01
5.799510102205619466e-01 3.332707996152671548e+00 -5.693918317359289993e-01 -1.101640422654045631e-01
5.752774152493501658e-01 3.328413269353505566e+00 -5.652674304923205328e-01 -1.068495976622418075e-01
5.706556004175220576e-01 3.324118542554340028e+00 -5.611760669896059817e-01 -1.035820260757618766e-01
5.660862840246053684e-01 3.319823815755174046e+00 -5.571188137122721207e-01 -1.003608906328395944e-01
5.615701762110812956e-01 3.315529088956008064e+00 -5.530967320905330054e-01 -9.718573846258538040e-02
5.571079788480177708e-01 3.315529088956008064e+00 -5.487018641221070858e-01 -9.641350737862530718e-02
5.527003854279871620e-01 3.311234362156842526e+00 -5.447665483883072923e-01 -9.331197034322848138e-02
5.483480809572889303e-01 3.306939635357676543e+00 -5.408693278514130620e-01 -9.025512771639138121e-02
5.440517418494880131e-01 3.306939635357676543e+00 -5.366315852091824157e-01 -8.954797354123579523e-02
5.398120358202899149e-01 3.302644908558511005e+00 -5.328263787280270725e-01 -8.656260247949425224e-02
5.356296217837692719e-01 3.298350181759345023e+00 -5.290620943062221970e-01 -8.362052439764836032e-02
5.315051497499621025e-01 3.298350181759345023e+00 -5.249881937537348442e-01 -8.297662700978204742e-02
5.274392607238466146e-01 3.294055454960179041e+00 -5.213209881010529845e-01 -8.010368979179170734e-02
5.234325866057206733e-01 3.294055454960179041e+00 -5.173607912294857503e-01 -7.949518488031678820e-02
5.194857500929945804e-01 3.289760728161013503e+00 -5.137938372832796530e-01 -7.668987755502013060e-02
5.155993645834152650e-01 3.289760728161013503e+00 -5.099500342073117753e-01 -7.611614395634512531e-02
5.117740340797345411e-01 3.285466001361847521e+00 -5.064864208619893615e-01 -7.337688628346795972e-02
5.080103530958381963e-01 3.285466001361847521e+00 -5.027616259645151242e-01 -7.283725907854497750e-02
5.043089065643495683e-01 3.281171274562681983e+00 -4.994043556140705387e-01 -7.016240327857044268e-02
5.006702697457220408e-01 3.281171274562681983e+00 -4.958011055979250625e-01 -6.965617485283824573e-02
4.970950081388354480e-01 3.276876547763516001e+00 -4.925530917459600144e-01 -6.704400739845979562e-02
4.935836773931083221e-01 3.276876547763516001e+00 -4.890738437417886941e-01 -6.657042854403441567e-02
4.901368232221421928e-01 3.276876547763516001e+00 -4.856584831951934467e-01 -6.610554574948596107e-02
4.867549813189092078e-01 3.272581820964350019e+00 -4.825850384127563508e-01 -6.357745307048782990e-02
4.834386772724975634e-01 3.272581820964350019e+00 -4.792971445502435812e-01 -6.314429435004309532e-02
4.801884264864264007e-01 3.272581820964350019e+00 -4.760747380815985585e-01 -6.271976316957353359e-02
4.770047340985457129e-01 3.268287094165184481e+00 -4.731815359268239929e-01 -6.027230218231257458e-02
4.738880949025289779e-01 3.268287094165184481e+00 -4.700898766281213503e-01 -5.987849682570420273e-02
4.708389932709752812e-01 3.268287094165184481e+00 -4.670652135795623772e-01 -5.949322523029983156e-02
4.678579030801310323e-01 3.263992367366018499e+00 -4.643576253436840218e-01 -5.712279107074528378e-02
4.649452876362413223e-01 3.263992367366018499e+00 -4.614668006249823540e-01 -5.676717727780644651e-02
4.621015996035464091e-01 3.263992367366018499e+00 -4.586443876372203743e-01 -5.641997913005133286e-02
4.593272809339300489e-01 3.263992367366018499e+00 -4.558908250258198458e-01 -5.608125058729329648e-02
4.566227627982337722e-01 3.259697640566852517e+00 -4.534417958857797082e-01 -5.380413784618149481e-02
4.539884655192468199e-01 3.259697640566852517e+00 -4.508258498874662679e-01 -5.349373699568980844e-02
4.514247985063806201e-01 3.259697640566852517e+00 -4.482800421243065547e-01 -5.319165855241055757e-02
4.489321601920417404e-01 3.259697640566852517e+00 -4.458047682531111611e-01 -5.289794946387652019e-02
4.465109379697087544e-01 3.259697640566852517e+00 -4.434004129686630602e-01 -5.261265537689688299e-02
4.441615081337252913e-01 3.255402913767686979e+00 -4.412880496379538720e-01 -5.044108002765233800e-02
4.418842358208189824e-01 3.255402913767686979e+00 -4.390255099107284176e-01 -5.018246222111904381e-02
4.396794749533525781e-01 3.255402913767686979e+00 -4.368350125233919634e-01 -4.993207915702825572e-02
4.375475681843203901e-01 3.255402913767686979e+00 -4.347168979121796006e-01 -4.968996974867342237e-02
4.354888468440940019e-01 3.251108186968520997e+00 -4.328799051195341696e-01 -4.759751536899554936e-02
4.335036308889290146e-01 3.251108186968520997e+00 -4.309065822651345079e-01 -4.738053771819805693e-02
4.315922288512386018e-01 3.251108186968520997e+00 -4.290066311212262784e-01 -4.717162768864253952e-02
4.297549377916430879e-01 3.251108186968520997e+00 -4.271803469687887600e-01 -4.697081774808917198e-02
4.279920432528022678e-01 3.246813460169355459e+00 -4.256249889144965159e-01 -4.495061622762546588e-02
4.263038192150382377e-01 3.246813460169355459e+00 -4.239461017746856131e-01 -4.477330753223236065e-02
4.246905280537539018e-01 3.246813460169355459e+00 -4.223417330873174835e-01 -4.460386879383161640e-02
4.231524204986565896e-01 3.246813460169355459e+00 -4.208121321954128025e-01 -4.444232634575121660e-02
4.216897355947903936e-01 3.246813460169355459e+00 -4.193575368219522592e-01 -4.428870529411686741e-02
4.203027006653853870e-01 3.246813460169355459e+00 -4.179781730329312772e-01 -4.414302951395015356e-02
4.189915312765278288e-01 3.246813460169355459e+00 -4.166742552022255075e-01 -4.400532164545799957e-02
4.177564312036581851e-01 3.246813460169355459e+00 -4.154459859782742570e-01 -4.387560309051401902e-02
4.165975923999014618e-01 3.246813460169355459e+00 -4.142935562525858484e-01 -4.375389400933238360e-02
4.155151949662341804e-01 3.246813460169355459e+00 -4.132171451300697407e-01 -4.364021331733455161e-02
4.145094071234947664e-01 3.246813460169355459e+00 -4.122169199012015173e-01 -4.353457868220959870e-02
4.135803851862391856e-01 3.246813460169355459e+00 -4.112930360160234056e-01 -4.343700652116838645e-02
4.127282735384469881e-01 3.251108186968520997e+00 -4.102556866477763409e-01 -4.510985869173850249e-02
4.119532046110824242e-01 3.251108186968520997e+00 -4.094852610302890938e-01 -4.502514617740062397e-02
4.112552988615123528e-01 3.251108186968520997e+00 -4.087915363187480389e-01 -4.494886734757064933e-02
4.106346647547852724e-01 3.251108186968520997e+00 -4.081746203284054575e-01 -4.488103405712580429e-02
4.100913987467746380e-01 3.251108186968520997e+00 -4.076346089372836490e-01 -4.482165684837952774e-02
4.096255852691877419e-01 3.251108186968520997e+00 -4.071715860712734614e-01 -4.477074494944296296e-02
4.092372967164437658e-01 3.251108186968520997e+00 -4.067856236910911139e-01 -4.472830627279080623e-02
4.089265934344231135e-01 3.251108186968520997e+00 -4.064767817810948092e-01 -4.469434741403163075e-02
4.086935237110882468e-01 3.251108186968520997e+00 -4.062451083399617469e-01 -4.466887365088276218e-02
