1.000000000000000000e+00 1.754659426136644537e-14
9.999972614488692457e-01 9.255358930231922946e-06
9.999753537320944519e-01 8.329771963073484325e-05
9.999315419905308033e-01 2.313797564932608647e-04
9.998658336075276765e-01 4.534961676103838610e-04
9.997782396565543239e-01 7.496386254363148881e-04
9.996687748993329237e-01 1.119793875410551994e-03
9.995374577833513463e-01 1.563938978533236171e-03
9.993843104387539755e-01 2.082032171127700705e-03
9.992093586746126910e-01 2.673997869064699551e-03
9.990126319745771255e-01 3.339704632539739100e-03
9.987941634919056400e-01 4.078935425297923294e-03
9.985539900438789029e-01 4.891350218514443557e-03
9.982921521055947434e-01 5.776441848960085605e-03
9.980086938031473842e-01 6.733486965308922538e-03
9.977036629061907247e-01 7.761494789026150698e-03
9.973771108198884461e-01 8.859157170330226802e-03
9.970290925762507195e-01 1.002480392865836949e-02
9.966596668248601798e-01 1.125636763748090984e-02
9.962688958229877212e-01 1.255136177892903805e-02
9.958568454251008895e-01 1.390687552824479423e-02
9.954235850717656486e-01 1.531958735483352103e-02
9.949691877779440752e-01 1.678579822252629014e-02
9.944937301206895341e-01 1.830148356347871541e-02
9.939972922262412247e-01 1.986236155352138696e-02
9.934799577565216477e-01 2.146397371712972096e-02
9.929418138950367734e-01 2.310177271870270804e-02
9.923829513321842377e-01 2.477121150481602710e-02
9.918034642499690134e-01 2.646782784753783091e-02
9.912034503061319946e-01 2.818731882960628585e-02
9.905830106176919392e-01 2.992560085898138961e-02
9.899422497439052115e-01 3.167885228109645901e-02
9.892812756686446551e-01 3.344353739356215049e-02
9.886001997822015941e-01 3.521641245004226983e-02
9.878991368625141822e-01 3.699451585602819143e-02
9.871782050558240984e-01 3.877514602649910491e-02
9.864375258567663618e-01 4.055583116504467289e-02
9.856772240878945990e-01 4.233429547688505323e-02
9.848974278786448711e-01 4.410842605965255292e-02
9.840982686437431681e-01 4.587624400832123611e-02
9.832798810610587914e-01 4.763588225698545814e-02
9.824424030489076198e-01 4.938557151988543642e-02
9.815859757428095911e-01 5.112363454826140269e-02
9.807107434717041716e-01 5.284848792780107163e-02
9.798168537336269246e-01 5.455864990419340144e-02
9.789044571708529485e-01 5.625275229378945419e-02
9.779737075445096295e-01 5.792955441545891149e-02
9.770247617086642578e-01 5.958795712875871592e-02
9.760577795838903947e-01 6.122701541264854302e-02
9.750729241303173200e-01 6.284594838340051837e-02
9.740703613201668887e-01 6.444414614544777264e-02
9.730502601097836823e-01 6.602117332287897600e-02
9.720127924111615636e-01 6.757676948141831674e-02
9.709581330629719620e-01 6.911084689482710486e-02
9.698864598010998872e-01 7.062348623279797455e-02
9.687979532286905560e-01 7.211493076510043509e-02
9.676927967857137380e-01 7.358557961621738086e-02
9.665711767180491520e-01 7.503598049773786693e-02
9.654332820461001274e-01 7.646682222245310134e-02
9.642793045329385304e-01 7.787892718851929796e-02
9.631094386519880590e-01 7.927324393006372760e-02
9.619238815542512366e-01 8.065083976967139801e-02
9.607228330350836565e-01 8.201289357863354723e-02
9.595064955005246921e-01 8.336068864805595835e-02
9.582750739331863388e-01 8.469560569071732381e-02
9.570287758577088466e-01 8.601911602220516095e-02
9.557678113057879177e-01 8.733277500356911860e-02
9.544923927807792419e-01 8.863821586146093667e-02
9.532027352218859217e-01 8.993714403230279597e-02
9.518990559679367802e-01 9.123133220285599421e-02
9.505815747207589927e-01 9.252261624009563978e-02
9.492505135081529266e-01 9.381289221841580817e-02
9.479060966464750715e-01 9.510411476169375322e-02
9.465485507028356116e-01 9.639829692095167046e-02
9.451781044569156354e-01 9.769751180394931067e-02
9.437949888624128647e-01 9.900389615900928586e-02
9.423994370081199001e-01 1.003196560891178868e-01
9.409916840786429759e-01 1.016470750308718640e-01
9.395719673147682194e-01 1.029885240730097073e-01
9.381405259734800772e-01 1.043464746080664945e-01
9.366976012876407909e-01 1.057235132055654031e-01
9.352434364253371379e-01 1.071223584643264531e-01
9.337782764489004350e-01 1.085458794442946545e-01
9.323023682736073514e-01 1.099971150956865346e-01
9.308159606260690833e-01 1.114792938980584819e-01
9.293193040023144391e-01 1.129958526993420365e-01
9.278126506255754968e-01 1.145504535128936408e-01
9.262962544037811607e-01 1.161469968001341418e-01
9.247703708867682781e-01 1.177896295515302172e-01
9.232352572232149779e-01 1.194827462966749215e-01
9.216911721173044469e-01 1.212309810449043873e-01
9.201383757851274714e-01 1.230391881029067047e-01
9.185771299108294041e-01 1.249124097572876790e-01
9.170076976025097748e-01 1.268558289689038776e-01
9.154303433478827579e-01 1.288747055191032109e-01
9.138453329697040495e-01 1.309742944866980896e-01
9.122529335809730355e-01 1.331597465203011310e-01
9.106534135399185770e-01 1.354359900938221506e-01
9.090470424047729647e-01 1.378075967704462390e-01
9.074340908883458123e-01 1.402786314155155256e-01
9.058148308124016612e-01 1.428524902421214049e-01
9.041895350618514016e-01 1.455317304860634098e-01
9.025584775387651693e-01 1.483178963257242577e-01
9.009219331162118261e-01 1.512113463256217205e-01
8.992801775919377905e-01 1.542110881366810238e-01
8.976334876418869957e-01 1.573146263934171174e-01
8.959821407735748533e-01 1.605178296898199242e-01
8.943264152793215516e-01 1.638148221957744510e-01
8.926665901893525712e-01 1.671979049200740530e-01
8.910029452247755222e-01 1.706575108787519446e-01
8.893357607504404072e-01 1.741821975454304616e-01
8.876653177276911943e-01 1.777586790062277156e-01
8.859918976670165813e-01 1.813718992764160598e-01
8.843157825806093886e-01 1.850051473126236024e-01
8.826372549348397989e-01 1.886402134137923070e-01
8.809565976026534351e-01 1.922575859726384506e-01
8.792740938159001596e-01 1.958366869285117773e-01
8.775900271176024781e-01 1.993561437805382031e-01
8.759046813141717625e-01 2.027940956341670597e-01
8.742183404275797320e-01 2.061285304542821162e-01
8.725312886474941854e-01 2.093376504582624420e-01
8.708438102833855332e-01 2.124002623740776086e-01
8.691561897166144579e-01 2.152961890810771162e-01
8.674687113525059168e-01 2.180066989123714549e-01
8.657816595724202591e-01 2.205149485932400844e-01
8.640953186858282287e-01 2.228064353821724575e-01
8.624099728823975131e-01 2.248694534275507140e-01
8.607259061840998315e-01 2.266955486052577295e-01
8.590434023973465560e-01 2.282799651058994295e-01
8.573627450651601922e-01 2.296220757350136421e-01
8.556842174193907136e-01 2.307257862148149319e-01
8.540081023329834098e-01 2.315999016786804421e-01
8.523346822723087968e-01 2.322584409996392707e-01
8.506642392495595839e-01 2.327208816082870502e-01
8.489970547752244689e-01 2.330123141316611246e-01
8.473334098106475309e-01 2.331634827464439397e-01
8.456735847206784396e-01 2.332106839895378148e-01
8.440178592264251378e-01 2.331954945370587340e-01
8.423665123581129954e-01 2.331642980371916307e-01
8.407198224080622007e-01 2.331675835873229241e-01
8.390780668837881651e-01 2.332589951306116016e-01
8.374415224612349329e-01 2.334941230481935026e-01
8.358104649381484785e-01 2.339290471844254760e-01
8.341851691875983299e-01 2.346186641323220468e-01
8.325659091116541788e-01 2.356148590521447150e-01
8.309529575952270264e-01 2.369646101455090970e-01
8.293465864600815252e-01 2.387081372575728666e-01
8.277470664190269556e-01 2.408772194383476395e-01
8.261546670302959416e-01 2.434938050017206035e-01
8.245696566521172333e-01 2.465690194519770673e-01
8.229923023974902163e-01 2.501026429646414084e-01
8.214228700891706980e-01 2.540830849756396392e-01
8.198616242148725197e-01 2.584878364729240596e-01
8.183088278826955442e-01 2.632843389217923713e-01
8.167647427767850132e-01 2.684311788264751031e-01
8.152296291132317130e-01 2.738795019957170340e-01
8.137037455962188304e-01 2.795745413884370145e-01
8.121873493744246053e-01 2.854571639528273863e-01
8.106806959976855520e-01 2.914653607017154702e-01
8.091840393739309079e-01 2.975356258836402423e-01
8.076976317263926397e-01 3.036041918946346674e-01
8.062217235510995561e-01 3.096081042175141129e-01
8.047565635746628532e-01 3.154861341346598125e-01
8.033023987123592002e-01 3.211795361769724244e-01
8.018594740265199139e-01 3.266326627897079282e-01
8.004280326852316607e-01 3.317934513295936472e-01
7.990083159213569042e-01 3.366137991043829936e-01
7.976005629918800910e-01 3.410498414694071445e-01
7.962050111375871264e-01 3.450621465882808825e-01
7.948218955430843558e-01 3.486158387626271393e-01
7.934514492971644906e-01 3.516806605096311489e-01
7.920939033535249196e-01 3.542309819748541422e-01
7.907494864918470645e-01 3.562457648888380790e-01
7.894184252792409984e-01 3.577084871340805439e-01
7.881009440320632109e-01 3.586070330761395586e-01
7.867972647781140694e-01 3.589335541035702515e-01
7.855076072192207493e-01 3.586843032833119671e-01
7.842321886942120734e-01 3.578594476368434640e-01
7.829712241422911445e-01 3.564628612458871637e-01
7.817249260668137634e-01 3.545019021765884459e-01
7.804935044994752991e-01 3.519871760444355790e-01
7.792771669649163346e-01 3.489322889097978275e-01
7.780761184457487545e-01 3.453535920811822701e-01
7.768905613480119321e-01 3.412699212992005293e-01
7.757206954670614607e-01 3.367023326710474329e-01
7.745667179538998637e-01 3.316738376178715031e-01
7.734288232819508391e-01 3.262091389827658228e-01
7.723072032142863641e-01 3.203343703238951679e-01
7.712020467713094352e-01 3.140768402854847152e-01
7.701135401989001039e-01 3.074647837999801570e-01
7.690418669370280291e-01 3.005271217292675434e-01
7.679872075888385385e-01 2.932932304035162918e-01
7.669497398902163088e-01 2.857927223651998694e-01
7.659296386798331024e-01 2.780552394753905698e-01
7.649270758696826711e-01 2.701102593914901373e-01
7.639422204161095964e-01 2.619869162816119701e-01
7.629752382913357334e-01 2.537138365017156394e-01
7.620262924554904727e-01 2.453189898273612501e-01
7.610955428291470426e-01 2.368295567017378034e-01
7.601831462663730665e-01 2.282718118338106505e-01
7.592892565282958195e-01 2.196710243525671069e-01
7.584140242571904000e-01 2.110513745926854146e-01
7.575575969510923713e-01 2.024358874504774142e-01
7.567201189389411997e-01 1.938463821041237767e-01
7.559017313562567120e-01 1.853034377372488606e-01
7.551025721213551201e-01 1.768263747392091745e-01
7.543227759121053921e-01 1.684332506802616314e-01
7.535624741432336293e-01 1.601408701779831467e-01
7.528217949441758927e-01 1.519648075878334836e-01
7.521008631374858089e-01 1.439194412722671901e-01
7.513998002177983970e-01 1.360179980373237008e-01
7.507187243313553360e-01 1.282726061820505803e-01
7.500577502560947796e-01 1.206943554934610113e-01
7.494169893823080519e-01 1.132933624463335481e-01
7.487965496938679966e-01 1.060788388400340371e-01
7.481965357500309777e-01 9.905916212844696755e-02
7.476170486678156424e-01 9.224194577625142999e-02
7.470581861049631067e-01 8.563410810425677033e-02
7.465200422434783434e-01 7.924193826426004228e-02
7.460027077737587664e-01 7.307115820288107022e-02
7.455062698793105680e-01 6.712697972427725257e-02
7.450308122220559159e-01 6.141415603182426991e-02
7.445764149282343425e-01 5.593702740559514108e-02
7.441431545748991017e-01 5.069956094229651627e-02
7.437311041770122699e-01 4.570538453407197582e-02
7.433403331751398113e-01 4.095781548044824527e-02
7.429709074237492716e-01 3.645988430395465801e-02
7.426228891801115450e-01 3.221435446746471337e-02
7.422963370938092664e-01 2.822373876610314095e-02
7.419913061968526069e-01 2.449031318787556893e-02
7.417078478944051367e-01 2.101612900750639973e-02
7.414460099561210882e-01 1.780302380279908531e-02
7.412058365080943512e-01 1.485263197013969236e-02
7.409873680254228656e-01 1.216639517556180293e-02
7.407906413253873001e-01 9.745573021198442737e-03
7.406156895612460156e-01 7.591254045682865013e-03
7.404625422166486448e-01 5.704367022456577514e-03
7.403312251006670675e-01 4.085692382358964946e-03
7.402217603434456672e-01 2.735873475028832019e-03
7.401341663924723147e-01 1.655427304106096321e-03
7.400684580094692988e-01 8.447543280574169216e-04
7.399999999999999911e-01 3.757353041067376739e-14
