1.000000000000000000e+00 9.661513811209943015e-10
9.971346704871060229e-01 2.221728183371407539e-11
9.942693409742120458e-01 1.596036844353498907e-11
9.914040114613180688e-01 1.404918716085834518e-11
9.885386819484240917e-01 1.019072413260824206e-11
9.856733524355301146e-01 1.023360476221091275e-11
9.828080229226361375e-01 1.036857665698276421e-11
9.799426934097421604e-01 9.119831625992169677e-12
9.770773638968481833e-01 7.838821605710144524e-12
9.742120343839542063e-01 9.319613657188252631e-12
9.713467048710602292e-01 6.755792106294400412e-12
9.684813753581661411e-01 7.212703524717145598e-12
9.656160458452721640e-01 7.622263931139627857e-12
9.627507163323781869e-01 6.753204766229981004e-12
9.598853868194842098e-01 6.107973935659538611e-12
9.570200573065902327e-01 7.562857458343064110e-12
9.541547277936962557e-01 7.146941025104602829e-12
9.512893982808022786e-01 5.600841838926395866e-12
9.484240687679083015e-01 5.771689549904923666e-12
9.455587392550143244e-01 6.275221661744545543e-12
9.426934097421203473e-01 6.493961184766972039e-12
9.398280802292263703e-01 6.592828713514187200e-12
9.369627507163323932e-01 6.093692824643559547e-12
9.340974212034384161e-01 5.265689793920724782e-12
9.312320916905444390e-01 5.632899095081578267e-12
9.283667621776504619e-01 5.483019854118920122e-12
9.255014326647564848e-01 5.295310197273028763e-12
9.226361031518625078e-01 5.348534982962949158e-12
9.197707736389685307e-01 6.238404758052151777e-12
9.169054441260744426e-01 5.111142412084213049e-12
9.140401146131804655e-01 5.169657237014124718e-12
9.111747851002864884e-01 5.790464462085420649e-12
9.083094555873925113e-01 5.865117419512344554e-12
9.054441260744985343e-01 5.549167028662260748e-12
9.025787965616045572e-01 5.149030507523022493e-12
8.997134670487105801e-01 6.103414215002933574e-12
8.968481375358166030e-01 6.718522006093907706e-12
8.939828080229226259e-01 5.932931663316098891e-12
8.911174785100286488e-01 6.831392656420076648e-12
8.882521489971346718e-01 8.626865714844722532e-12
8.853868194842406947e-01 8.835999640299796454e-12
8.825214899713467176e-01 9.131298148168376372e-12
8.796561604584527405e-01 1.092447313166822198e-11
8.767908309455587634e-01 1.240271340491316820e-11
8.739255014326647863e-01 1.390676289403369736e-11
8.710601719197708093e-01 1.675879574003502626e-11
8.681948424068768322e-01 1.913861083502332860e-11
8.653295128939828551e-01 2.277315315490913150e-11
8.624641833810888780e-01 2.764593415305327539e-11
8.595988538681949009e-01 3.161370470960989110e-11
8.567335243553009239e-01 3.729821659859133831e-11
8.538681948424069468e-01 4.489122615303209329e-11
8.510028653295128587e-01 5.327532512366950357e-11
8.481375358166188816e-01 6.365818289166824684e-11
8.452722063037249045e-01 7.577836275141081046e-11
8.424068767908309274e-01 9.097082115383514633e-11
8.395415472779369503e-01 1.085678144607804541e-10
8.366762177650429733e-01 1.293387758005692945e-10
8.338108882521489962e-01 1.542731775661110305e-10
8.309455587392550191e-01 1.839079999399473309e-10
8.280802292263610420e-01 2.201675369795097481e-10
8.252148997134670649e-01 2.614690963742560825e-10
8.223495702005730879e-01 3.109154878000452982e-10
8.194842406876791108e-01 3.698054085177204797e-10
8.166189111747851337e-01 4.395509234367267482e-10
8.137535816618911566e-01 5.223961818678901636e-10
8.108882521489971795e-01 6.199402657891539548e-10
8.080229226361030914e-01 7.351530495469660309e-10
8.051575931232091143e-01 8.713317289910094132e-10
8.022922636103151373e-01 1.032613883289457135e-09
7.994269340974211602e-01 1.220801015833217207e-09
7.965616045845271831e-01 1.444950270546030424e-09
7.936962750716332060e-01 1.705924956851845309e-09
7.908309455587392289e-01 2.014401756511574604e-09
7.879656160458452518e-01 2.376095320499871377e-09
7.851002865329512748e-01 2.800924825407946628e-09
7.822349570200572977e-01 3.299430284542381742e-09
7.793696275071633206e-01 3.883622756717386437e-09
7.765042979942693435e-01 4.568285749684264374e-09
7.736389684813753664e-01 5.369024336232541827e-09
7.707736389684813894e-01 6.304981869931225447e-09
7.679083094555874123e-01 7.400076551533629754e-09
7.650429799426934352e-01 8.678713747656274791e-09
7.621776504297994581e-01 1.017134021452648085e-08
7.593123209169054810e-01 1.191231646657797683e-08
7.564469914040115039e-01 1.394182103098273728e-08
7.535816618911175269e-01 1.630584733902651351e-08
7.507163323782235498e-01 1.905794455581144575e-08
7.478510028653295727e-01 2.226055784149139072e-08
7.449856733524355956e-01 2.598328308067721082e-08
7.421203438395416185e-01 3.030829276440272224e-08
7.392550143266476415e-01 3.533130765731584688e-08
7.363896848137536644e-01 4.115988971875594871e-08
7.335243553008596873e-01 4.791927210590074537e-08
7.306590257879655992e-01 5.575483186248675338e-08
7.277936962750716221e-01 6.483062264805994346e-08
7.249283667621776450e-01 7.533547830007591983e-08
7.220630372492836679e-01 8.749168500798987225e-08
7.191977077363896909e-01 1.015447850249984185e-07
7.163323782234957138e-01 1.177857598122500349e-07
7.134670487106017367e-01 1.365394979302436695e-07
7.106017191977077596e-01 1.581864097488505649e-07
7.077363896848137825e-01 1.831514708783288370e-07
7.048710601719198054e-01 2.119325444027708727e-07
7.020057306590257173e-01 2.450860847602598369e-07
6.991404011461317403e-01 2.832633185789745767e-07
6.962750716332377632e-01 3.271920547831541626e-07
6.934097421203437861e-01 3.777187203013454564e-07
6.905444126074498090e-01 4.357915202035655966e-07
6.876790830945558319e-01 5.025141263104160316e-07
6.848137535816618549e-01 5.791158628198900260e-07
6.819484240687678778e-01 6.670128982477763202e-07
6.790830945558739007e-01 7.678192446292086970e-07
6.762177650429799236e-01 8.833339393277128693e-07
6.733524355300859465e-01 1.015643988466763403e-06
6.704871060171919694e-01 1.167052801065437961e-06
6.676217765042979924e-01 1.340237190561310854e-06
6.647564469914040153e-01 1.538171318316017278e-06
6.618911174785100382e-01 1.764283069860539399e-06
6.590257879656160611e-01 2.022395165113266557e-06
6.561604584527220840e-01 2.316943209734745324e-06
6.532951289398281070e-01 2.652847570061567239e-06
6.504297994269341299e-01 3.035789177374681458e-06
6.475644699140401528e-01 3.472172465990297496e-06
6.446991404011461757e-01 3.969160388805903494e-06
6.418338108882521986e-01 4.534945674095069990e-06
6.389684813753582215e-01 5.178480023459997028e-06
6.361031518624642445e-01 5.910014351684367284e-06
6.332378223495702674e-01 6.740638127666898072e-06
6.303724928366762903e-01 7.682838258915580809e-06
6.275071633237823132e-01 8.750503184273838997e-06
6.246418338108883361e-01 9.958523150999099016e-06
6.217765042979943590e-01 1.132403576775686815e-05
6.189111747851002709e-01 1.286555379920173436e-05
6.160458452722062939e-01 1.460424755350686610e-05
6.131805157593123168e-01 1.656421591178514063e-05
6.103151862464183397e-01 1.877239446912426502e-05
6.074498567335243626e-01 2.126055915141478181e-05
6.045845272206303855e-01 2.406445491942577064e-05
6.017191977077364085e-01 2.722606041061226279e-05
5.988538681948424314e-01 3.079371890635229647e-05
5.959885386819484543e-01 3.482153624645434320e-05
5.931232091690544772e-01 3.937075598514638841e-05
5.902578796561603891e-01 4.451027052709832788e-05
5.873925501432664120e-01 5.031209366279654205e-05
5.845272206303724349e-01 5.685436917701736093e-05
5.816618911174784579e-01 6.421677971957251430e-05
5.787965616045844808e-01 7.247617759276181459e-05
5.759312320916905037e-01 8.170899673132225871e-05
5.730659025787965266e-01 9.197914914693683386e-05
5.702005730659025495e-01 1.033412409014999866e-04
5.673352435530085724e-01 1.158346931333653629e-04
5.644699140401145954e-01 1.294745452469214797e-04
5.616045845272206183e-01 1.442554203094914556e-04
5.587392550143266412e-01 1.601432304596528411e-04
5.558739255014326641e-01 1.770680391928181052e-04
5.530085959885386870e-01 1.949323632288724184e-04
5.501432664756447100e-01 2.136008261004462838e-04
5.472779369627507329e-01 2.328949049115180969e-04
5.444126074498567558e-01 2.526069583836942911e-04
5.415472779369627787e-01 2.724933438003063202e-04
5.386819484240688016e-01 2.922702406067401171e-04
5.358166189111748245e-01 3.116302541457116604e-04
5.329512893982808475e-01 3.302502445876598358e-04
5.300859598853868704e-01 3.477734280750155449e-04
5.272206303724928933e-01 3.638519265223294497e-04
5.243553008595989162e-01 3.781500563491135836e-04
5.214899713467049391e-01 3.903162141796201468e-04
5.186246418338109621e-01 4.000803455710411072e-04
5.157593123209169850e-01 4.071829898748546839e-04
5.128939828080230079e-01 4.114236799068748951e-04
5.100286532951290308e-01 4.127188585698604584e-04
5.071633237822350537e-01 4.108740249648690224e-04
5.042979942693409656e-01 4.057289625052362680e-04
5.014326647564469885e-01 3.971138794440776110e-04
4.985673352435530115e-01 3.849106142297387123e-04
4.957020057306590344e-01 3.691272868309170008e-04
4.928366762177650573e-01 3.498422738630324602e-04
4.899713467048710802e-01 3.272028989158570766e-04
4.871060171919771031e-01 3.014198155142366886e-04
4.842406876790831260e-01 2.727306855376809835e-04
4.813753581661891490e-01 2.413956099189817905e-04
4.785100286532951719e-01 2.077762765111401677e-04
4.756446991404011948e-01 1.724755711620673537e-04
4.727793696275072177e-01 1.362391922157257795e-04
4.699140401146132406e-01 9.589245019014924765e-05
4.670487106017192636e-01 6.289164593908935785e-05
4.641833810888252865e-01 3.610800195019692183e-05
4.613180515759311984e-01 1.711578079266473651e-05
4.584527220630372213e-01 6.202148142619989812e-06
4.555873925501432442e-01 3.507647079459275119e-06
4.527220630372492671e-01 4.281987912690965459e-06
4.498567335243552900e-01 3.923132680938579142e-06
4.469914040114613130e-01 2.743198137977742590e-06
4.441260744985673359e-01 1.559184966026805341e-06
4.412607449856733588e-01 7.464453233296808321e-07
4.383954154727793817e-01 4.100979822396766394e-07
4.355300859598854046e-01 4.107505731099081459e-07
4.326647564469914276e-01 3.629347133937699255e-07
4.297994269340974505e-01 2.663857685547554865e-07
4.269340974212034734e-01 1.645015572648844682e-07
4.240687679083094963e-01 8.846249244243153953e-08
4.212034383954155192e-01 4.899485261944391823e-08
4.183381088825215421e-01 4.077635296084736183e-08
4.154727793696275651e-01 3.575275187017723511e-08
4.126074498567335880e-01 2.724826586586459598e-08
4.097421203438396109e-01 1.777133284974752314e-08
4.068767908309455228e-01 1.002381466719270975e-08
4.040114613180515457e-01 5.290129223567419103e-09
4.011461318051575686e-01 3.458350938956300524e-09
3.982808022922635915e-01 2.851258784630772425e-09
3.954154727793696145e-01 2.215718941656064089e-09
3.925501432664756374e-01 1.512674874248887136e-09
3.896848137535816603e-01 9.125739608428773408e-10
3.868194842406876832e-01 5.165983196775414399e-10
3.839541547277937061e-01 3.248290803004039162e-10
3.810888252148997291e-01 2.452446024037158168e-10
3.782234957020057520e-01 1.911154567935113846e-10
3.753581661891117749e-01 1.420699391463386974e-10
3.724928366762177978e-01 9.729427680182922700e-11
3.696275071633238207e-01 6.718822026519077895e-11
3.667621776504298436e-01 4.931099972793617781e-11
3.638968481375358666e-01 3.867982323324525851e-11
3.610315186246418895e-01 3.560617772846441653e-11
3.581661891117479124e-01 3.071256443609726716e-11
3.553008595988539353e-01 2.534585562263824698e-11
3.524355300859599582e-01 2.489513629966300101e-11
3.495702005730658701e-01 2.363086115675372412e-11
3.467048710601718930e-01 2.169465822265959076e-11
3.438395415472779160e-01 2.348549306419034366e-11
3.409742120343839389e-01 2.144271565862609918e-11
3.381088825214899618e-01 2.368297051524859143e-11
3.352435530085959847e-01 2.398279838611294679e-11
3.323782234957020076e-01 2.463160057863955643e-11
3.295128939828080306e-01 2.243347521635463693e-11
3.266475644699140535e-01 2.573558380292162440e-11
3.237822349570200764e-01 2.406243433672461407e-11
3.209169054441260993e-01 2.345706615058951172e-11
3.180515759312321222e-01 2.704224344451944262e-11
3.151862464183381451e-01 2.470017940181534755e-11
3.123209169054441681e-01 2.667403277423208152e-11
3.094555873925501910e-01 2.550554038804886403e-11
3.065902578796562139e-01 2.545092608885468621e-11
3.037249283667622368e-01 2.603923847377398459e-11
3.008595988538682597e-01 3.057271449891096893e-11
2.979942693409742827e-01 2.730516507343239141e-11
2.951289398280803056e-01 3.014756153052466914e-11
2.922636103151862175e-01 2.907709836796890102e-11
2.893982808022922404e-01 2.948373142852567241e-11
2.865329512893982633e-01 3.014469923678930741e-11
2.836676217765042862e-01 3.438878348749341285e-11
2.808022922636103091e-01 3.383842164805805908e-11
2.779369627507163321e-01 3.205355425528466640e-11
2.750716332378223550e-01 3.697449985073930634e-11
2.722063037249283779e-01 3.364522896398547402e-11
2.693409742120344008e-01 3.493059660963915292e-11
2.664756446991404237e-01 3.803245565703328168e-11
2.636103151862464467e-01 3.673373411006153333e-11
2.607449856733524696e-01 3.753886784751969685e-11
2.578796561604584925e-01 3.911487106433853000e-11
2.550143266475645154e-01 3.729207220803942846e-11
2.521489971346705383e-01 4.026100980381031036e-11
2.492836676217765612e-01 4.781472787152019066e-11
2.464183381088825842e-01 4.479039708571441736e-11
2.435530085959886071e-01 4.210428880546679409e-11
2.406876790830946300e-01 4.580190740566258967e-11
2.378223495702005419e-01 4.231676814514528928e-11
2.349570200573065648e-01 4.468891576236977414e-11
2.320916905444125877e-01 5.023480936783286666e-11
2.292263610315186106e-01 4.666483172099944454e-11
2.263610315186246336e-01 4.764955791047853495e-11
2.234957020057306565e-01 5.160626440070537058e-11
2.206303724928366794e-01 5.411554537815277399e-11
2.177650429799427023e-01 5.824009330357426961e-11
2.148997134670487252e-01 5.703507111043393252e-11
2.120343839541547482e-01 5.441609662870661168e-11
2.091690544412607711e-01 6.088266696346877893e-11
2.063037249283667940e-01 6.178207251350542606e-11
2.034383954154728169e-01 6.821152670477559354e-11
2.005730659025788398e-01 5.995045432305445843e-11
1.977077363896848627e-01 7.144738273234807480e-11
1.948424068767908857e-01 7.385587974528817767e-11
1.919770773638969086e-01 6.412906317088129526e-11
1.891117478510029315e-01 7.066447427206412613e-11
1.862464183381089544e-01 7.528235673737171396e-11
1.833810888252149773e-01 7.019015230147473972e-11
1.805157593123208892e-01 7.577333899222438163e-11
1.776504297994269121e-01 8.124047268243117514e-11
1.747851002865329351e-01 7.500194909582091896e-11
1.719197707736389580e-01 8.978285476191061321e-11
1.690544412607449809e-01 9.219256608128389985e-11
1.661891117478510038e-01 9.593199845614464039e-11
1.633237822349570267e-01 8.904459114500440364e-11
1.604584527220630497e-01 1.013275921502021504e-10
1.575931232091690726e-01 1.036710370327931230e-10
1.547277936962750955e-01 1.060771123717607622e-10
1.518624641833811184e-01 1.082152978337802551e-10
1.489971346704871413e-01 1.290068885051454117e-10
1.461318051575931642e-01 1.093961449205593794e-10
1.432664756446991872e-01 1.191454712667905369e-10
1.404011461318052101e-01 1.496504864473280350e-10
1.375358166189112330e-01 1.288279205535758365e-10
1.346704871060172559e-01 1.246486108774647050e-10
1.318051575931232788e-01 1.446429642726343445e-10
1.289398280802293018e-01 1.739885041596167525e-10
1.260744985673353247e-01 1.425797535592465692e-10
1.232091690544412366e-01 1.502899887872999329e-10
1.203438395415472595e-01 1.798854676327010793e-10
1.174785100286532824e-01 1.835937929461906037e-10
1.146131805157593053e-01 1.821614942221216893e-10
1.117478510028653282e-01 2.029188761465405832e-10
1.088825214899713512e-01 2.224160022823440386e-10
1.060171919770773741e-01 2.185499559104187028e-10
1.031518624641833970e-01 1.966872220648951952e-10
1.002865329512894199e-01 2.487677008833344416e-10
9.742120343839544283e-02 2.808430432654773767e-10
9.455587392550146575e-02 2.925738262771204745e-10
9.169054441260748867e-02 2.528331433104824555e-10
8.882521489971351158e-02 2.705978496830852009e-10
8.595988538681953450e-02 3.583597585343767378e-10
8.309455587392555742e-02 4.165302547320948179e-10
8.022922636103158034e-02 4.483597382254345121e-10
7.736389684813760326e-02 4.418280463713841755e-10
7.449856733524362618e-02 3.205616883050765864e-10
7.163323782234964909e-02 1.740345645373508887e-10
6.876790830945556099e-02 8.710834831227032282e-11
6.590257879656158391e-02 3.885929425462286702e-11
6.303724928366760683e-02 1.751039938047149747e-11
6.017191977077362974e-02 9.486547832004976755e-12
5.730659025787965266e-02 8.036491611074225716e-12
5.444126074498567558e-02 7.597460854880111469e-12
5.157593123209169850e-02 6.125582679983310186e-12
4.871060171919772142e-02 5.022399596904536523e-12
4.584527220630374433e-02 4.900699637766514627e-12
4.297994269340976725e-02 6.708869570992703757e-12
4.011461318051579017e-02 7.057984838937381156e-12
3.724928366762181309e-02 6.751255804404721061e-12
3.438395415472783601e-02 3.031113988277711613e-12
3.151862464183385892e-02 5.745095154816026728e-13
2.865329512893988184e-02 4.791382134800015180e-14
2.578796561604590476e-02 1.670729395657915856e-15
2.292263610315192768e-02 1.953530780534436570e-17
2.005730659025795060e-02 -5.896376454722045279e-21
1.719197707736397351e-02 -7.380442779986508870e-22
1.432664756446999643e-02 -1.559773449911208845e-24
1.146131805157590833e-02 -5.178440915950885859e-28
8.595988538681931246e-03 -1.952774121129789022e-32
5.730659025787954164e-03 0.000000000000000000e+00
2.865329512893977082e-03 0.000000000000000000e+00
0.000000000000000000e+00 0.000000000000000000e+00
