2.857142857142857206e+00 1.390290100264260286e-07 1.121671211745595944e-06 1.260700221772029993e-06
2.857136003266570690e+00 1.380329219821179806e-07 1.121674543736283046e-06 1.259707465718406400e-06
2.857081173383687833e+00 1.302162516518794051e-07 1.121172012736263557e-06 1.251388264388145847e-06
2.856971519630636003e+00 1.154986902485058956e-07 1.117434884756421812e-06 1.232933575004927629e-06
2.856807054032185711e+00 9.581397971136504673e-08 1.105445227728027028e-06 1.201259207439391334e-06
2.856587794623842491e+00 7.366521028081482029e-08 1.078830029871434410e-06 1.152495240152248317e-06
2.856313765449871589e+00 5.169928309204940580e-08 1.031272827205954559e-06 1.082972110298002595e-06
2.855984996560660072e+00 3.230543742889108373e-08 9.582494636890828543e-07 9.905549011179727138e-07
2.855601524009421244e+00 1.720117012060417166e-08 8.587171908353231669e-07 8.759183609559274544e-07
2.855163389848241806e+00 7.173076336598746272e-09 7.362268784338539016e-07 7.433999547704516313e-07
2.854670642123470437e+00 2.015950403314212423e-09 5.989518241954271758e-07 6.009677745987416889e-07
2.854123334870446893e+00 7.055524639685560569e-10 4.583974966191168666e-07 4.591030490830850622e-07
2.853521528107579641e+00 1.753711019931837764e-09 3.270142890518320193e-07 3.287680000717635392e-07
2.852865287829762231e+00 3.641304271452343066e-09 2.153958737605135554e-07 2.190371780319657943e-07
2.852154686001135975e+00 5.194270317422312346e-09 1.299790352591797436e-07 1.351733055766020452e-07
2.851389800547198927e+00 5.792679075817555552e-09 7.201704672986156647e-08 7.780972580567900043e-08
2.850570715346260720e+00 5.370681329927675708e-09 3.811008013952765525e-08 4.348076146945542195e-08
2.849697520220244140e+00 4.246165883795499918e-09 2.196282877438016292e-08 2.620899465817568352e-08
2.848770310924834348e+00 2.877356065954551770e-09 1.659809658869712137e-08 1.947545265465169671e-08
2.847789189138979715e+00 1.651955081659449372e-09 1.619073014544719960e-08 1.784268522710665434e-08
2.846754262453740303e+00 7.767783901442906392e-10 1.699476343115684799e-08 1.777154182130114298e-08
2.845665644360488855e+00 2.760755972801238899e-10 1.731704626711890760e-08 1.759312186439900166e-08
2.844523454238467863e+00 5.936161855831928624e-11 1.687884049884452687e-08 1.693820211740284357e-08
2.843327817341695596e+00 3.764710296321742883e-12 1.603580053044325390e-08 1.603956524073960178e-08
2.842078864785230863e+00 1.092358562304650535e-11 1.520458209294448385e-08 1.521550567856753691e-08
2.840776733530795628e+00 2.643648909594154542e-11 1.461056287296960427e-08 1.463699936206553726e-08
2.839421566371756356e+00 3.212366480991130759e-11 1.428150209505317063e-08 1.431362575986309546e-08
2.838013511917463205e+00 2.873769874052902140e-11 1.414349585689603078e-08 1.417223355563654298e-08
2.836552724576953732e+00 2.195943103418494047e-11 1.410942741957244464e-08 1.413138685060661060e-08
2.835039364542022433e+00 1.581794340648313013e-11 1.411955012950673242e-08 1.413536807291323339e-08
2.833473597769650354e+00 1.166930086553294825e-11 1.414382640200256956e-08 1.415549570286810738e-08
2.831855595963808980e+00 9.343222455880098250e-12 1.417003491382839689e-08 1.417937813628427479e-08
2.830185536556629966e+00 8.263281943719946461e-12 1.419350905929621248e-08 1.420177234123992548e-08
2.828463602688946477e+00 7.937206537928800133e-12 1.421243949862591696e-08 1.422037670516385224e-08
2.826689983190211919e+00 8.029048516839177804e-12 1.422658140679213669e-08 1.423461045530898461e-08
2.824864872557790729e+00 8.315099104172156703e-12 1.423680888643922817e-08 1.424512398554338527e-08
2.822988470935631433e+00 8.652561237298295104e-12 1.424454392162694949e-08 1.425319648286424893e-08
2.821060984092317092e+00 8.966238067457091527e-12 1.425115997408350273e-08 1.426012621215095448e-08
2.819082623398500687e+00 9.233142346090178685e-12 1.425762449305409700e-08 1.426685763540017592e-08
2.817053605803725880e+00 9.461193107900475711e-12 1.426443184681549433e-08 1.427389303992339078e-08
2.814974153812637603e+00 9.669375679158535489e-12 1.427171667869810013e-08 1.428138605437725826e-08
2.812844495460579797e+00 9.875226365897422262e-12 1.427941731733880151e-08 1.428929254370468360e-08
2.810664864288589637e+00 1.008990090840540727e-11 1.428740917767051800e-08 1.429749907857890985e-08
2.808435499317787354e+00 1.031852014917961296e-11 1.429558180777585027e-08 1.430590032792502406e-08
2.806156645023165197e+00 1.056226532619146008e-11 1.430386618973976808e-08 1.431442845506594863e-08
2.803828551306775996e+00 1.082070118307103025e-11 1.431223160908914205e-08 1.432305231027221049e-08
2.801451473470331521e+00 1.109315123022652913e-11 1.432067089878346941e-08 1.433176405001369541e-08
2.799025672187203995e+00 1.137933609768836626e-11 1.432918624661027451e-08 1.434056558270795771e-08
2.796551413473840064e+00 1.167943664603839763e-11 1.433778045914797675e-08 1.434945989579401423e-08
2.794028968660589918e+00 1.199390859694151557e-11 1.434645360924777061e-08 1.435844751784467865e-08
2.791458614361952861e+00 1.232335333497377900e-11 1.435520295211161294e-08 1.436752630544657857e-08
2.788840632446242918e+00 1.266840779138870417e-11 1.436402401446462926e-08 1.437669242225600395e-08
2.786175310004679329e+00 1.302966695039628980e-11 1.437291162026480567e-08 1.438594128721518419e-08
2.783462939319903295e+00 1.340775919630526143e-11 1.438186044800346925e-08 1.439526820719976052e-08
2.780703817833925839e+00 1.380327942062001302e-11 1.439086518964903206e-08 1.440466846906962329e-08
2.777898248115510338e+00 1.421685442373903230e-11 1.439992051273616048e-08 1.441413736715986099e-08
2.775046537826992399e+00 1.464912974416929359e-11 1.440902097692800399e-08 1.442367010667214110e-08
2.772148999690541071e+00 1.510074983345022566e-11 1.441816097392052111e-08 1.443326172375394711e-08
2.769205951453864945e+00 1.557239717968922484e-11 1.442733470165071657e-08 1.444290709883037574e-08
2.766217715855368908e+00 1.606476269670371782e-11 1.443653615609060104e-08 1.445260091878728071e-08
2.763184620588760687e+00 1.657856063154055381e-11 1.444575913150118187e-08 1.446233769213268272e-08
2.760106998267115141e+00 1.711450870487336164e-11 1.445499721872571322e-08 1.447211172743054296e-08
2.756985186386402553e+00 1.767336262348715495e-11 1.446424380493497738e-08 1.448191716755843330e-08
2.753819527288475122e+00 1.825588123236969121e-11 1.447349207053603800e-08 1.449174795176838962e-08
2.750610368123525884e+00 1.886285075373645821e-11 1.448273498764470390e-08 1.450159783839840126e-08
2.747358060812022273e+00 1.949507860902193269e-11 1.449196531931760762e-08 1.451146039792658202e-08
2.744062962006110329e+00 2.015337131882598827e-11 1.450117561828232274e-08 1.452132898960109938e-08
2.740725433050506865e+00 2.083859678945356700e-11 1.451035822797342249e-08 1.453119682476285378e-08
2.737345839942872949e+00 2.155159396558062873e-11 1.451950528209679874e-08 1.454105687606233200e-08
2.733924553293676230e+00 2.229326721412482020e-11 1.452860870600132929e-08 1.455090197321540299e-08
2.730461948285553220e+00 2.306451019266442172e-11 1.453766021735313761e-08 1.456072472754575008e-08
2.726958404632162214e+00 2.386625835731709186e-11 1.454665132789600691e-08 1.457051758625325943e-08
2.723414306536546370e+00 2.469945763899794341e-11 1.455557334422669814e-08 1.458027280186563950e-08
2.719830042649001189e+00 2.556508642050948043e-11 1.456441736957227329e-08 1.458998245599273542e-08
2.716206006024451725e+00 2.646414110288054116e-11 1.457317430518358373e-08 1.459963844628641377e-08
2.712542594079353719e+00 2.739764124670087483e-11 1.458183485173496231e-08 1.460923249298161568e-08
2.708840208548108919e+00 2.836663858699151493e-11 1.459038951082475056e-08 1.461875614941169850e-08
2.705099255439014527e+00 2.937219702732308050e-11 1.459882858576370436e-08 1.462820078279097042e-08
2.701320144989733940e+00 3.041542497702704134e-11 1.460714218324080169e-08 1.463755760821777275e-08
2.697503291622316279e+00 3.149743541868778123e-11 1.461532021369775195e-08 1.464681764911639509e-08
2.693649113897743863e+00 3.261939170994582640e-11 1.462335239256662529e-08 1.465597178427651081e-08
2.689758034470037806e+00 3.378246387305493653e-11 1.463122824011215883e-08 1.466501070398515045e-08
2.685830480039904877e+00 3.498786860931572506e-11 1.463893708238948297e-08 1.467392495099874744e-08
2.681866881307949146e+00 3.623683428546554529e-11 1.464646805059105072e-08 1.468270488487646008e-08
2.677867672927436438e+00 3.753064458817756870e-11 1.465381008168333512e-08 1.469134072627146478e-08
2.673833293456632454e+00 3.887057848490384244e-11 1.466095191704702869e-08 1.469982249553186210e-08
2.669764185310709692e+00 4.025798860376611516e-11 1.466788210253879418e-08 1.470814009114252360e-08
2.665660794713231585e+00 4.169422334112189991e-11 1.467458898737478902e-08 1.471628321071587519e-08
2.661523571647217423e+00 4.318068699798067334e-11 1.468106072276622108e-08 1.472424140976416160e-08
2.657352969805799159e+00 4.471881826516510575e-11 1.468728526095646732e-08 1.473200407922158910e-08
2.653149446542466983e+00 4.631007225740680228e-11 1.469325035358716717e-08 1.473956042584453243e-08
2.648913462820916109e+00 4.795596812470024377e-11 1.469894354980369433e-08 1.474689951792833975e-08
2.644645483164496547e+00 4.965804097382855440e-11 1.470435219453667582e-08 1.475401023551046590e-08
2.640345975605273843e+00 5.141787759925348691e-11 1.470946342641260492e-08 1.476088130401180364e-08
2.636015411632702143e+00 5.323710115356140398e-11 1.471426417529969881e-08 1.476750127645322039e-08
2.631654266141922882e+00 5.511737378509298601e-11 1.471874116026836736e-08 1.477385853405341120e-08
2.627263017381684662e+00 5.706040672765811515e-11 1.472288088643411120e-08 1.477994129316172945e-08
2.622842146901898541e+00 5.906795058466847442e-11 1.472666964311902846e-08 1.478573759370365826e-08
2.618392139500831384e+00 6.114180518411060039e-11 1.473009350030375254e-08 1.479123530548781939e-08
2.613913483171942165e+00 6.328381161682321549e-11 1.473313830572531544e-08 1.479642211734210078e-08
2.609406669050367000e+00 6.549587354723315610e-11 1.473578968220148812e-08 1.480128555574867086e-08
2.604872191359061340e+00 6.777992885457085799e-11 1.473803302388984624e-08 1.480581295274437464e-08
2.600310547354602431e+00 7.013797924251159002e-11 1.473985349363367845e-08 1.480999147287614441e-08
2.595722237272661381e+00 7.257208001604424062e-11 1.474123601847350592e-08 1.481380809848951812e-08
2.591107764273143932e+00 7.508433594543796121e-11 1.474216528689047141e-08 1.481724962283586574e-08
2.586467634385014591e+00 7.767691892758086284e-11 1.474262574494923754e-08 1.482030266387678631e-08
2.581802356450805469e+00 8.035206261852392859e-11 1.474260159196287539e-08 1.482295365458135710e-08
2.577112442070815135e+00 8.311204869485487956e-11 1.474207677685516246e-08 1.482518882554996737e-08
2.572398405547005051e+00 8.595924810269739256e-11 1.474103499370303698e-08 1.482699424180570898e-08
2.567660763826602910e+00 8.889608289258835373e-11 1.473945967789701087e-08 1.482835576078956250e-08
2.562900036445411533e+00 9.192505294891785556e-11 1.473733400085948414e-08 1.482925905380836667e-08
2.558116745470837561e+00 9.504873319674069157e-11 1.473464086604498422e-08 1.482968959924168690e-08
2.553311415444638133e+00 9.826977301135069367e-11 1.473136290349674514e-08 1.482963267650806878e-08
2.548484573325402458e+00 1.015909095803088006e-10 1.472748246504762887e-08 1.482907337462789755e-08
2.543636748430762040e+00 1.050149559410348687e-10 1.472298161884673087e-08 1.482799657478772294e-08
2.538768472379346441e+00 1.085448221100474745e-10 1.471784214357880037e-08 1.482638696568881702e-08
2.533880279032485916e+00 1.121835057832148721e-10 1.471204552284866504e-08 1.482422902863184391e-08
2.528972704435665353e+00 1.159341074706830292e-10 1.470557293851228753e-08 1.482150704598295568e-08
2.524046286759742852e+00 1.197998189662158966e-10 1.469840526484293682e-08 1.481820508380912066e-08
2.519101566241932044e+00 1.237839564502175735e-10 1.469052306086197993e-08 1.481430701731217199e-08
2.514139085126560147e+00 1.278899298422333238e-10 1.468190656358145651e-08 1.480979649342365894e-08
2.509159387605602198e+00 1.321212859253068162e-10 1.467253568009841595e-08 1.480465696602370597e-08
2.504163019759009234e+00 1.364816797518139089e-10 1.466238997946643023e-08 1.479887165921821190e-08
2.499150529494818862e+00 1.409749080436719520e-10 1.465144868400524597e-08 1.479242359204889220e-08
2.494122466489073542e+00 1.456049076165075483e-10 1.463969066024589968e-08 1.478529556786238179e-08
2.489079382125543916e+00 1.503757523845844996e-10 1.462709440900712125e-08 1.477747016139167403e-08
2.484021829435260287e+00 1.552916788802833463e-10 1.461363805508503058e-08 1.476892973396529378e-08
2.478950363035868687e+00 1.603570867090404162e-10 1.459929933623762460e-08 1.475965642294663619e-08
2.473865539070810193e+00 1.655765404926784191e-10 1.458405559114843088e-08 1.474963213164108606e-08
2.468767915148332825e+00 1.709548032020565733e-10 1.456788374736601571e-08 1.473883855056804095e-08
2.463658050280345790e+00 1.764968126214923622e-10 1.455076030721496254e-08 1.472725711983643399e-08
2.458536504821113855e+00 1.822077305160820215e-10 1.453266133415839004e-08 1.471486906467443572e-08
2.453403840405810943e+00 1.880929307118329046e-10 1.451356243702052747e-08 1.470165536773232709e-08
2.448260619888931178e+00 1.941580052167456287e-10 1.449343875379321988e-08 1.468759675900993436e-08
2.443107407282561816e+00 2.004088256171048316e-10 1.447226493449699394e-08 1.467267376011408574e-08
2.437944767694538051e+00 2.068514860080724104e-10 1.445001512245764116e-08 1.465686660846568136e-08
2.432773267266466810e+00 2.134924069431709901e-10 1.442666293412337161e-08 1.464015534106651866e-08
2.427593473111648414e+00 2.203382560944708889e-10 1.440218143835538606e-08 1.462251969444982529e-08
2.422405953252883215e+00 2.273960732906038901e-10 1.437654313340186769e-08 1.460393920669244711e-08
2.417211276560180977e+00 2.346732048806073719e-10 1.434971992280047705e-08 1.458439312768105293e-08
2.412010012688380112e+00 2.421773858789523158e-10 1.432168308942140787e-08 1.456386047530034302e-08
2.406802732014676760e+00 2.499167414108000199e-10 1.429240326755970788e-08 1.454232000897046922e-08
2.401590005576077935e+00 2.578998273700650895e-10 1.426185041301287871e-08 1.451975024038292617e-08
2.396372405006779616e+00 2.661356609840904935e-10 1.422999377112527421e-08 1.449612943210934428e-08
2.391150502475481332e+00 2.746337635977967533e-10 1.419680184195797658e-08 1.447143560555574955e-08
2.385924870622640803e+00 2.834041999399624746e-10 1.416224234278211298e-08 1.444564654272205281e-08
2.380696082497678390e+00 2.924576249624670510e-10 1.412628216775958761e-08 1.441873979272203786e-08
2.375464711496135806e+00 3.018053441342501888e-10 1.408888734352833340e-08 1.439069268766255742e-08
2.370231331296793975e+00 3.114593408143418227e-10 1.405002298134557251e-08 1.436148232215989753e-08
2.364996515798767796e+00 3.214324036000648560e-10 1.400965322481560004e-08 1.433108562841565440e-08
2.359760839058567150e+00 3.317380995644827883e-10 1.396774119209085629e-08 1.429947929165531441e-08
2.354524875227147707e+00 3.423909262496181104e-10 1.392424891348170833e-08 1.426663983973130359e-08
2.349289198486947061e+00 3.534063431770920664e-10 1.387913726210153621e-08 1.423254360527860599e-08
2.344054382988920882e+00 3.648008542950909563e-10 1.383236587853133806e-08 1.419716673282641267e-08
2.338821002789579051e+00 3.765920954648310590e-10 1.378389308782754450e-08 1.416048518329234449e-08
2.333589631788036023e+00 3.887988879056177312e-10 1.373367580912830862e-08 1.412247469703391704e-08
2.328360843663073609e+00 4.014413286931360488e-10 1.368166945641113551e-08 1.408311078510424571e-08
2.323135211810233081e+00 4.145408267944765755e-10 1.362782783170219432e-08 1.404236865849665052e-08
2.317913309278934797e+00 4.281201880226447374e-10 1.357210300888119218e-08 1.400022319690381133e-08
2.312695708709636477e+00 4.422035932896410478e-10 1.351444520918249302e-08 1.395664880247211799e-08
2.307482982271037653e+00 4.568166591491493977e-10 1.345480266930651577e-08 1.391161932845565018e-08
2.302275701597334745e+00 4.719863825663477489e-10 1.339312150129660419e-08 1.386510788386293219e-08
2.297074437725533880e+00 4.877410852752382355e-10 1.332934554783092721e-08 1.381708663310614714e-08
2.291879761032831642e+00 5.041103558549886244e-10 1.326341623283447587e-08 1.376752658868943926e-08
2.286692241174065998e+00 5.211248179995985413e-10 1.319527241063015183e-08 1.371639722862973290e-08
2.281512447019247602e+00 5.388160327802145290e-10 1.312485021772749329e-08 1.366366625050768155e-08
2.276340946591176806e+00 5.572161267352618365e-10 1.305208292941637062e-08 1.360929905615161632e-08
2.271178307003152597e+00 5.763575434646540242e-10 1.297690082782248375e-08 1.355325837128711699e-08
2.266025094396783679e+00 5.962725498913687853e-10 1.289923108558450123e-08 1.349550363547584861e-08
2.260881873879903470e+00 6.169928247715391537e-10 1.281899767232794293e-08 1.343599049709947029e-08
2.255749209464601002e+00 6.385488363813005434e-10 1.273612129123964411e-08 1.337467012762092522e-08
2.250627664005369066e+00 6.609691705214734430e-10 1.265051935293089123e-08 1.331148852345234823e-08
2.245517799137381587e+00 6.842799102687993203e-10 1.256210599720844506e-08 1.324638590747722194e-08
2.240420175214904663e+00 7.085036662019552346e-10 1.247079216904587038e-08 1.317929583524780876e-08
2.235335351249846170e+00 7.336588557568750113e-10 1.237648576058747635e-08 1.311014461634433389e-08
2.230263884850454570e+00 7.597586985925957903e-10 1.227909182904478105e-08 1.303885052763735544e-08
2.225206332160170941e+00 7.868102330333082048e-10 1.217851289807158355e-08 1.296532313110487232e-08
2.220163247796641315e+00 8.148134199446348744e-10 1.207464935385040050e-08 1.288946277379501160e-08
2.215135184790895995e+00 8.437599991924872506e-10 1.196739994370168617e-08 1.281115994289414654e-08
2.210122694526705622e+00 8.736326542068666066e-10 1.185666238490395694e-08 1.273029503911081848e-08
2.205126326680112214e+00 9.044039827073448222e-10 1.174233408981861019e-08 1.264673807252593206e-08
2.200146629159155154e+00 9.360356641603130673e-10 1.162431301180166133e-08 1.256034867596194441e-08
2.195184148043782812e+00 9.684776916663838790e-10 1.150249861415422444e-08 1.247097630582058412e-08
2.190239427525972005e+00 1.001667730841908911e-09 1.137679296277385662e-08 1.237846069361574858e-08
2.185313009850049504e+00 1.035530649578186113e-09 1.124710193857235918e-08 1.228263258815053041e-08
2.180405435253228941e+00 1.069978183386084537e-09 1.111333656477675171e-08 1.218331474816281785e-08
2.175517241906368415e+00 1.104908891086216441e-09 1.097541444026865149e-08 1.208032333135483215e-08
2.170648965854952817e+00 1.140208254077792586e-09 1.083326126649664645e-08 1.197346952057441525e-08
2.165801140960312399e+00 1.175749100046174794e-09 1.068681245293431464e-08 1.186256155298045594e-08
2.160974298841076724e+00 1.211392196313167263e-09 1.053601478226323325e-08 1.174740697857639100e-08
2.156168968814877296e+00 1.246987229349125406e-09 1.038082811447897961e-08 1.162781534382809261e-08
2.151385677840303323e+00 1.282373903267475906e-09 1.022122710439460605e-08 1.150360100766206500e-08
2.146624950459111947e+00 1.317383452395966610e-09 1.005720290695196218e-08 1.137458635934790419e-08
2.141887308738709805e+00 1.351840237947376323e-09 9.888764841445769988e-09 1.124060507939312046e-08
2.137173272214899722e+00 1.385563685332673738e-09 9.715941984074748756e-09 1.110150566940739706e-08
2.132483357834908944e+00 1.418370387748559764e-09 9.538784658805857349e-09 1.095715504655438154e-08
2.127818079900699821e+00 1.450076242993855345e-09 9.357365794855442643e-09 1.080744203784927586e-08
2.123177950012570925e+00 1.480498891003567803e-09 9.171782120838897498e-09 1.065228101184244235e-08
2.118563477013053031e+00 1.509460094883852454e-09 8.982155165973732408e-09 1.049161526085756563e-08
2.113975166931112426e+00 1.536788089672987375e-09 8.788632041419611985e-09 1.032542013109257909e-08
2.109413522926653961e+00 1.562320098229522541e-09 8.591385976753843759e-09 1.015370607498333032e-08
2.104879045235347856e+00 1.585904476733325596e-09 8.390616590118686389e-09 9.976521066851981172e-09
2.100372231113772692e+00 1.607403034606311481e-09 8.186549875523769921e-09 9.793952910130050590e-09
2.095893574784883029e+00 1.626692970422017508e-09 7.979437892142484446e-09 9.606130862564472797e-09
2.091443567383815871e+00 1.643668643563546307e-09 7.769558148945381145e-09 9.413226792508909254e-09
2.087022696904029750e+00 1.658243213123328407e-09 7.557212680002899837e-09 9.215455893126213354e-09
2.082631448143791530e+00 1.670349871032425594e-09 7.342726812012823658e-09 9.013076683045226712e-09
2.078270302653012269e+00 1.679942897335742635e-09 7.126447631656919202e-09 8.806390528992637436e-09
2.073939738680441014e+00 1.686998361674381064e-09 6.908742163420933196e-09 8.595740525095283034e-09
2.069640231121218310e+00 1.691514490150182734e-09 6.689995275390633977e-09 8.381509765540786725e-09
2.065372251464798747e+00 1.693511824073901655e-09 6.470607334311003705e-09 8.164119158384883646e-09
2.061136267743247430e+00 1.693032887838158863e-09 6.250991634989797641e-09 7.944024522827944304e-09
2.056932744479915698e+00 1.690141683889195778e-09 6.031571634707519721e-09 7.721713318596695233e-09
2.052762142638497433e+00 1.684922756406985809e-09 5.812778024423852627e-09 7.497700780830814862e-09
2.048624919572482828e+00 1.677479913550780824e-09 5.595045673696886852e-09 7.272525587247637070e-09
2.044521528975004721e+00 1.667934759928560501e-09 5.378810486634713151e-09 7.046745246563239944e-09
2.040452420829082403e+00 1.656424728276738282e-09 5.164506210076705137e-09 6.820930938353408470e-09
2.036418041358278419e+00 1.643100972339552172e-09 4.952561234617758938e-09 6.595662206957287742e-09
2.032418832977765710e+00 1.628125906998891565e-09 4.743395431366729525e-09 6.371521338365593380e-09
2.028455234245809535e+00 1.611670514326536426e-09 4.537417065564946044e-09 6.149087579891452691e-09
2.024527679815677050e+00 1.593911578246038512e-09 4.335019830009714880e-09 5.928931408255723407e-09
2.020636600387970994e+00 1.575028567905479766e-09 4.136580037656120425e-09 5.711608605561563175e-09
2.016782422663398577e+00 1.555200770979733276e-09 3.942454012192235878e-09 5.497654783171937515e-09
2.012965569295980472e+00 1.534604093227072771e-09 3.752975712613457414e-09 5.287579805840499786e-09
2.009186458846700329e+00 1.513408336688982430e-09 3.568454623469838541e-09 5.081862960158788504e-09
2.005445505737605494e+00 1.491774266221868998e-09 3.389173940001605523e-09 4.880948206223442261e-09
2.001743120206361137e+00 1.469851343196354947e-09 3.215389071324693553e-09 4.685240414521038160e-09
1.998079708261263132e+00 1.447775393229152305e-09 3.047326480233259242e-09 4.495101873462404102e-09
1.994455671636713445e+00 1.425667160339581489e-09 2.885182872076837439e-09 4.310850032416412311e-09
1.990871407749168043e+00 1.403630682580358458e-09 2.729124740302223054e-09 4.132755422882580478e-09
1.987327309653552421e+00 1.381752928414986220e-09 2.579288267990416441e-09 3.961041196405398732e-09
1.983823766000161637e+00 1.360103237916799649e-09 2.435779581384279548e-09 3.795882819301067203e-09
1.980361160992038627e+00 1.338733749060536179e-09 2.298675342534319776e-09 3.637409091594845616e-09
1.976939874342841907e+00 1.317679994523375865e-09 2.168023665891034629e-09 3.485703660414402843e-09
1.973560281235207770e+00 1.296962171362465509e-09 2.043845335917673066e-09 3.340807507280135473e-09
1.970222752279604306e+00 1.276586701742035356e-09 1.926135301197888925e-09 3.202722002939915802e-09
1.966927653473692361e+00 1.256547826517475136e-09 1.814864415961356544e-09 3.071412242478824855e-09
1.963675346162188751e+00 1.236830033547030173e-09 1.709981398921064233e-09 2.946811432468090270e-09
1.960466186997239735e+00 1.217409990477657507e-09 1.611414977735476623e-09 2.828824968213129580e-09
1.957300527899312081e+00 1.198258943132607208e-09 1.519076188162541391e-09 2.717335131295144050e-09
1.954178716018599493e+00 1.179344856771907313e-09 1.432860794874442335e-09 2.612205651646341169e-09
1.951101093696954170e+00 1.160634713801102170e-09 1.352651802036690342e-09 2.513286515837783412e-09
1.948067998430345726e+00 1.142096429350813182e-09 1.278322023516189367e-09 2.420418452867000274e-09
1.945079762831849690e+00 1.123700587419042115e-09 1.209736693782392064e-09 2.333437281201435214e-09
1.942136714595173785e+00 1.105422254826500220e-09 1.146756130204016659e-09 2.252178385030514397e-09
1.939239176458722458e+00 1.087242027067957203e-09 1.089238498964111371e-09 2.176480526032063817e-09
1.936387466170204297e+00 1.069147357870174739e-09 1.037042767583680012e-09 2.106190125453853097e-09
1.933581896451788795e+00 1.051133326092930059e-09 9.900318831799525995e-10 2.041165209272882451e-09
1.930822774965811339e+00 1.033203240323298236e-09 9.480760189420882647e-10 1.981279259265385467e-09
1.928110404281035084e+00 1.015369201533806406e-09 9.110553647038008774e-10 1.926424566237606973e-09
1.925445081839471495e+00 9.976519322250933878e-10 8.788615257819335983e-10 1.876513458007023574e-09
1.922827099923761773e+00 9.800806715812286127e-10 8.513965234520097609e-10 1.831477195033238374e-09
1.920256745625124717e+00 9.626921205765048157e-10 8.285692062743910944e-10 1.791261326850895910e-09
1.917734300811874792e+00 9.455295291797260522e-10 8.102910544454696421e-10 1.755820583625194454e-09
1.915260042098510640e+00 9.286417968014483557e-10 7.964767482005055131e-10 1.725118545001952731e-09
1.912834240815383113e+00 9.120841408496735706e-10 7.870582689406371473e-10 1.699142409790310511e-09
1.910457162978938861e+00 8.959217362191706675e-10 7.820223056599950908e-10 1.677944041879163587e-09
1.908129069262549660e+00 8.802374926497997197e-10 7.814764233013562521e-10 1.661713915951153490e-09
1.905850214967927059e+00 8.651446231522150982e-10 7.857378210048917084e-10 1.650882444157107117e-09
1.903620849997124997e+00 8.508019719025334888e-10 7.954203979642898521e-10 1.646222369866825512e-09
1.901441218825134838e+00 8.374284114201704932e-10 8.114761676457126339e-10 1.648904579065883024e-09
1.899311560473077032e+00 8.253087095355652372e-10 8.351345159011514889e-10 1.660443225436715072e-09
1.897232108481988533e+00 8.147839505949091967e-10 8.676873353249294150e-10 1.682471285919839025e-09
1.895203090887214170e+00 8.062190075896102412e-10 9.100966190666473731e-10 1.716315626656257718e-09
1.893224730193397543e+00 7.999457438135218888e-10 9.624531444699860597e-10 1.762398888283507431e-09
1.891297243350082979e+00 7.961861523597404551e-10 1.023379954954629084e-09 1.819566107314364576e-09
1.889420841727923905e+00 7.949686211516557018e-10 1.089533242410614429e-09 1.884501863562269303e-09
1.887595731095502938e+00 7.960564959701949073e-10 1.155383237934354394e-09 1.951439733904549611e-09
1.885822111596768158e+00 7.989107853083870635e-10 1.213440472291166348e-09 2.012351257599552688e-09
1.884100177729084669e+00 8.027070841667021319e-10 1.255021923790237671e-09 2.057729007956941251e-09
1.882430118321905432e+00 8.064160812530428714e-10 1.271537037587505599e-09 2.077953118840549297e-09
1.880812116516064281e+00 8.089481234171154570e-10 1.256140579953781351e-09 2.065088703370898669e-09
1.879246349743692202e+00 8.093450901378047210e-10 1.205481779119103237e-09 2.014826869256908164e-09
1.877732989708760902e+00 8.069950924830882012e-10 1.121210296917674186e-09 1.928205389400763318e-09
1.876272202368251651e+00 8.018368354322275729e-10 1.010901582900961804e-09 1.812738418333187309e-09
1.874864147913958279e+00 7.945234237559838639e-10 8.881419821887118629e-10 1.682665405944694693e-09
1.873508980754919007e+00 7.865195162710168810e-10 7.716536114594421840e-10 1.558173127730457411e-09
1.872206849500483994e+00 7.801188050840207075e-10 6.835114871491391514e-10 1.463630292233159859e-09
1.870957896944019039e+00 7.783788234935766072e-10 6.466743338498311846e-10 1.425053157343408929e-09
1.869762260047246549e+00 7.849809044777493990e-10 6.821812047851292968e-10 1.467162109262877455e-09
1.868620069925225557e+00 8.040311956157596712e-10 8.064331004219495159e-10 1.610464296037708877e-09
1.867531451831974554e+00 8.398181391230282718e-10 1.028970864713248371e-09 1.868789003836277366e-09
1.866496525146734697e+00 8.965445724211204057e-10 1.351081632920023326e-09 2.247626205341142077e-09
1.865515403360880065e+00 9.780512673530063442e-10 1.765432984898669479e-09 2.743484252251676443e-09
1.864588194065470494e+00 1.087535475737204202e-09 2.256772399451495495e-09 3.344307875188697422e-09
1.863714998939453915e+00 1.227291496666958099e-09 2.803568668712963771e-09 4.030860165379922077e-09
1.862895913738515707e+00 1.398464546502864366e-09 3.380338609178309534e-09 4.778803155681175141e-09
1.862131028284578660e+00 1.600851798773810273e-09 3.960317168196107926e-09 5.561168966969919854e-09
1.861420426455952182e+00 1.832754634007648142e-09 4.518102711277666293e-09 6.350857345285312160e-09
1.860764186178134771e+00 2.090896478745638836e-09 5.031941854877487508e-09 7.122838333623127585e-09
1.860162379415267742e+00 2.370435142573103904e-09 5.485399434840900252e-09 7.855834577414006638e-09
1.859615072162244420e+00 2.665060797720672125e-09 5.868271117374739737e-09 8.533331915095416824e-09
1.859122324437472606e+00 2.967194077964043758e-09 6.176716909400582984e-09 9.143910987364618057e-09
1.858684190276293391e+00 3.268277426223038870e-09 6.412702111076966083e-09 9.680979537300003299e-09
1.858300717725054785e+00 3.559134906311916438e-09 6.582911260122241367e-09 1.014204616643415119e-08
1.857971948835843268e+00 3.830399560370235322e-09 6.697341107936520762e-09 1.052774066830678338e-08
1.857697919661872366e+00 4.072951572805207113e-09 6.767779880768157403e-09 1.084073145357335624e-08
1.857478660253529146e+00 4.278371154822296229e-09 6.806348991866681554e-09 1.108472014668897861e-08
1.857314194655078632e+00 4.439357781312377770e-09 6.824232460521359446e-09 1.126359024183374714e-08
1.857142857142857428e+00 4.613524947603119203e-09 6.832295162956037473e-09 1.144582011055918811e-08
