2.240420175214904663e+00 5.538896138560516630e-02 2.236984319741223359e+00 1.240311039291411149e-01
2.235335351249846170e+00 5.538896138560516630e-02 2.231907293742120491e+00 1.237496047993579956e-01
2.230263884850454570e+00 5.538896138560516630e-02 2.226843604823837808e+00 1.234688451530136372e-01
2.225206332160170941e+00 5.192715129900484644e-02 2.222206950730039932e+00 1.154967047703931993e-01
2.220163247796641315e+00 5.192715129900484644e-02 2.217170663998429880e+00 1.152349494367647248e-01
2.215135184790895995e+00 4.846534121240451964e-02 2.212534140315643771e+00 1.073152591028593700e-01
2.210122694526705178e+00 4.846534121240451964e-02 2.207527535791609097e+00 1.070724221441285706e-01
2.205126326680112214e+00 4.500353112580419979e-02 2.202893662723905521e+00 9.920497643052848813e-02
2.200146629159155154e+00 4.500353112580419979e-02 2.197919007086959198e+00 9.898094809744815981e-02
2.195184148043782812e+00 4.500353112580419979e-02 2.192961550424193273e+00 9.875769430190318998e-02
2.190239427525971561e+00 4.154172103920387299e-02 2.188349835226395701e+00 9.096014816338029996e-02
2.185313009850049504e+00 4.154172103920387299e-02 2.183427667734625821e+00 9.075555515127170514e-02
2.180405435253228497e+00 3.807991095260355313e-02 2.178824745537082386e+00 8.300957967059896525e-02
2.175517241906368415e+00 3.807991095260355313e-02 2.173940095896741198e+00 8.282348268674864789e-02
2.170648965854952817e+00 3.807991095260355313e-02 2.169075349112756790e+00 8.263814396844669508e-02
2.165801140960312399e+00 3.461810086600322633e-02 2.164503508538421883e+00 7.496094789859190921e-02
2.160974298841076724e+00 3.461810086600322633e-02 2.159679558405302124e+00 7.479388516426611899e-02
2.156168968814877296e+00 3.115629077940290648e-02 2.155122541274648196e+00 6.716735941002389965e-02
2.151385677840302879e+00 3.115629077940290648e-02 2.150341571717124367e+00 6.701835391523257301e-02
2.146624950459111947e+00 3.115629077940290648e-02 2.145583154802467085e+00 6.687005130458821556e-02
2.141887308738709805e+00 2.769448069280258315e-02 2.141065964310092440e+00 5.931087428836241682e-02
2.137173272214899722e+00 2.769448069280258315e-02 2.136353735466648640e+00 5.918033818288491454e-02
2.132483357834908944e+00 2.423267060620225982e-02 2.131857267556262592e+00 5.167070940479710078e-02
2.127818079900699821e+00 2.423267060620225982e-02 2.127193359332701483e+00 5.155766832546325451e-02
2.123177950012570481e+00 2.423267060620225982e-02 2.122554591771834254e+00 5.144523659080555561e-02
2.118563477013053031e+00 2.077086051960193649e-02 2.118106488956275513e+00 4.400122242572999942e-02
2.113975166931112426e+00 2.077086051960193649e-02 2.113519168602955745e+00 4.390592612960091817e-02
2.109413522926653961e+00 2.077086051960193649e-02 2.108958508575069946e+00 4.381118367102225519e-02
2.104879045235347856e+00 1.730905043300161317e-02 2.104563738830615982e+00 3.643163831302480976e-02
2.100372231113772692e+00 1.730905043300161317e-02 2.100057599820211784e+00 3.635363353531897296e-02
2.095893574784883029e+00 1.730905043300161317e-02 2.095579614384516010e+00 3.627611611793017665e-02
2.091443567383815871e+00 1.384724034640129157e-02 2.091243057550432827e+00 2.895979623996497443e-02
2.087022696904029750e+00 1.384724034640129157e-02 2.086822610906133857e+00 2.889858134022085800e-02
2.082631448143791086e+00 1.384724034640129157e-02 2.082431783141503789e+00 2.883777660643854074e-02
2.078270302653012269e+00 1.384724034640129157e-02 2.078071055760287500e+00 2.877738870654230827e-02
2.073939738680441014e+00 1.038543025980096825e-02 2.073827895058852011e+00 2.153836933632621159e-02
2.069640231121217866e+00 1.038543025980096825e-02 2.069528619363885991e+00 2.149371790309131947e-02
2.065372251464798747e+00 1.038543025980096825e-02 2.065260869871484051e+00 2.144939389480631300e-02
2.061136267743247430e+00 1.038543025980096825e-02 2.061025114588469709e+00 2.140540217209816257e-02
2.056932744479915698e+00 6.923620173200645787e-03 2.056883443581839277e+00 1.424130726418548071e-02
2.052762142638497433e+00 6.923620173200645787e-03 2.052712941702083516e+00 1.421243183184107799e-02
2.048624919572482828e+00 6.923620173200645787e-03 2.048575817797702925e+00 1.418378749961305210e-02
2.044521528975004721e+00 6.923620173200645787e-03 2.044472525550957265e+00 1.415537740867523105e-02
2.040452420829082403e+00 6.923620173200645787e-03 2.040403514934079787e+00 1.412720467451423524e-02
2.036418041358278419e+00 6.923620173200645787e-03 2.036369232159938036e+00 1.409927238658784110e-02
2.032418832977765710e+00 6.923620173200645787e-03 2.032370119633101435e+00 1.407158360798619126e-02
2.028455234245809535e+00 3.461810086600322894e-03 2.028443079623272638e+00 7.022112764458795370e-03
2.024527679815677050e+00 3.461810086600322894e-03 2.024515548727276126e+00 7.008516344073805263e-03
2.020636600387970550e+00 3.461810086600322894e-03 2.020624492615145318e+00 6.995046192967917242e-03
2.016782422663398577e+00 3.461810086600322894e-03 2.016770337985032135e+00 6.981703788294997548e-03
2.012965569295980472e+00 3.461810086600322894e-03 2.012953507488422833e+00 6.968490593200071456e-03
2.009186458846700329e+00 3.461810086600322894e-03 2.009174419683793733e+00 6.955408056658881309e-03
2.005445505737605050e+00 3.461810086600322894e-03 2.005433488990708391e+00 6.942457613318983242e-03
2.001743120206361137e+00 3.461810086600322894e-03 2.001731125644375275e+00 6.929640683342432918e-03
1.998079708261262910e+00 1.073161126846100127e-01 1.986585056084066103e+00 2.140148020789222061e-01
1.994455671636713445e+00 1.073161126846100127e-01 1.982981867997392511e+00 2.136266306372510138e-01
1.990871407749168043e+00 1.073161126846100127e-01 1.979418223841146407e+00 2.132427192630850787e-01
1.987327309653552421e+00 1.073161126846100127e-01 1.975894514409067160e+00 2.128631100566328038e-01
1.983823766000161637e+00 1.073161126846100127e-01 1.972411126115603652e+00 2.124878446463215331e-01
1.980361160992038627e+00 1.073161126846100127e-01 1.968968440953536403e+00 2.121169641842323428e-01
1.976939874342841907e+00 1.073161126846100127e-01 1.965566836452087962e+00 2.117505093415873174e-01
1.973560281235207547e+00 1.038543025980096929e-01 1.962926713428313930e+00 2.045944803231684039e-01
1.970222752279604306e+00 1.038543025980096929e-01 1.959607167121021121e+00 2.042484863301154974e-01
1.966927653473692361e+00 1.038543025980096929e-01 1.956329822349235359e+00 2.039068909736325985e-01
1.963675346162188529e+00 1.038543025980096929e-01 1.953095038510743509e+00 2.035697317134999851e-01
1.960466186997239735e+00 1.038543025980096929e-01 1.949903170336046321e+00 2.032370455230299855e-01
1.957300527899311859e+00 1.038543025980096929e-01 1.946754567849457551e+00 2.029088688850123612e-01
1.954178716018599493e+00 1.038543025980096929e-01 1.943649576330722217e+00 2.025852377877137844e-01
1.951101093696954392e+00 1.038543025980096929e-01 1.940588536277149778e+00 2.022661877209309955e-01
1.948067998430345504e+00 1.038543025980096929e-01 1.937571783366276890e+00 2.019517536720991380e-01
1.945079762831849690e+00 1.003924925114093591e-01 1.935286100996492564e+00 1.949435586722427227e-01
1.942136714595173563e+00 1.003924925114093591e-01 1.932357871287953888e+00 1.946485947804964811e-01
1.939239176458722236e+00 1.003924925114093591e-01 1.929474922531951409e+00 1.943581920903332816e-01
1.936387466170204297e+00 1.003924925114093591e-01 1.926637570876303940e+00 1.940723824476806025e-01
1.933581896451788573e+00 1.003924925114093591e-01 1.923846127468594069e+00 1.937911971947865186e-01
1.930822774965811339e+00 1.003924925114093591e-01 1.921100898422049230e+00 1.935146671667827556e-01
1.928110404281035084e+00 1.003924925114093591e-01 1.918402184781969444e+00 1.932428226883030065e-01
1.925445081839471495e+00 1.003924925114093591e-01 1.915750282492717060e+00 1.929756935701577580e-01
1.922827099923761773e+00 1.003924925114093591e-01 1.913145482365262717e+00 1.927133091060651560e-01
1.920256745625124717e+00 1.003924925114093591e-01 1.910588070045293518e+00 1.924556980694384078e-01
1.917734300811874792e+00 1.003924925114093591e-01 1.908078325981890311e+00 1.922028887102307793e-01
1.915260042098510640e+00 1.003924925114093591e-01 1.905616525396770955e+00 1.919549087518372943e-01
1.912834240815383113e+00 1.003924925114093591e-01 1.903202938254112464e+00 1.917117853880550005e-01
1.910457162978938639e+00 1.003924925114093591e-01 1.900837829230943132e+00 1.914735452801003823e-01
1.908129069262549438e+00 1.003924925114093591e-01 1.898521457688119751e+00 1.912402145536860332e-01
1.905850214967927059e+00 1.003924925114093591e-01 1.896254077641885472e+00 1.910118187961555303e-01
1.903620849997124997e+00 1.003924925114093591e-01 1.894035937736013420e+00 1.907883830536774850e-01
1.901441218825134838e+00 9.693068242480903929e-02 1.892515660629533469e+00 1.840195177669299298e-01
1.899311560473077032e+00 9.693068242480903929e-02 1.890395999110072944e+00 1.838134116306612831e-01
1.897232108481988311e+00 9.693068242480903929e-02 1.888326308277823884e+00 1.836121644141651410e-01
1.895203090887213948e+00 9.693068242480903929e-02 1.886306815097710921e+00 1.834157981864666942e-01
1.893224730193397320e+00 9.693068242480903929e-02 1.884337741029917579e+00 1.832243344813356545e-01
1.891297243350082757e+00 9.693068242480903929e-02 1.882419302005605255e+00 1.830377942949248382e-01
1.889420841727923683e+00 9.693068242480903929e-02 1.880551708403231936e+00 1.828561980834678413e-01
1.887595731095502938e+00 9.693068242480903929e-02 1.878735165025481768e+00 1.826795657610356671e-01
1.885822111596767936e+00 9.693068242480903929e-02 1.876969871076806573e+00 1.825079166973528344e-01
1.884100177729084669e+00 9.693068242480903929e-02 1.875256020141581548e+00 1.823412697156736595e-01
1.882430118321905432e+00 9.693068242480903929e-02 1.873593800162874246e+00 1.821796430907174913e-01
1.880812116516064281e+00 9.693068242480903929e-02 1.871983393421837505e+00 1.820230545466651473e-01
1.879246349743692424e+00 9.693068242480903929e-02 1.870424976517717885e+00 1.818715212552151073e-01
1.877732989708760680e+00 9.693068242480903929e-02 1.868918720348490048e+00 1.817250598337003531e-01
1.876272202368251651e+00 9.693068242480903929e-02 1.867464790092118188e+00 1.815836863432662984e-01
1.874864147913958279e+00 9.693068242480903929e-02 1.866063345188438305e+00 1.814474162871092255e-01
1.873508980754919007e+00 9.693068242480903929e-02 1.864714539321677078e+00 1.813162646087764784e-01
1.872206849500483772e+00 9.693068242480903929e-02 1.863418520403597345e+00 1.811902456905274683e-01
1.870957896944019039e+00 9.693068242480903929e-02 1.862175430557279077e+00 1.810693733517567683e-01
1.869762260047246327e+00 9.693068242480903929e-02 1.860985406101531181e+00 1.809536608474783537e-01
1.868620069925225335e+00 9.693068242480903929e-02 1.859848577535946346e+00 1.808431208668723200e-01
1.867531451831974554e+00 9.693068242480903929e-02 1.858765069526587599e+00 1.807377655318932186e-01
1.866496525146734919e+00 9.693068242480903929e-02 1.857735000892317911e+00 1.806376063959407585e-01
1.865515403360879843e+00 9.693068242480903929e-02 1.856758484591770397e+00 1.805426544425928481e-01
1.864588194065470494e+00 9.693068242480903929e-02 1.855835627710963109e+00 1.804529200844013082e-01
1.863714998939453693e+00 9.693068242480903929e-02 1.854966531451551326e+00 1.803684131617495912e-01
1.862895913738515707e+00 9.693068242480903929e-02 1.854151291119734646e+00 1.802891429417741442e-01
1.862131028284578438e+00 9.693068242480903929e-02 1.853389996115801575e+00 1.802151181173478334e-01
1.861420426455952182e+00 9.693068242480903929e-02 1.852682729924329141e+00 1.801463468061269280e-01
1.860764186178134771e+00 9.693068242480903929e-02 1.852029570105024892e+00 1.800828365496606187e-01
1.860162379415267742e+00 9.693068242480903929e-02 1.851430588284223466e+00 1.800245943125642067e-01
1.859615072162244420e+00 9.693068242480903929e-02 1.850885850147031553e+00 1.799716264817553812e-01
1.859122324437472606e+00 9.693068242480903929e-02 1.850395415430124313e+00 1.799239388657536132e-01
1.858684190276293613e+00 9.693068242480903929e-02 1.849959337915195734e+00 1.798815366940434701e-01
1.858300717725054785e+00 9.693068242480903929e-02 1.849577665423058903e+00 1.798444246165007976e-01
1.857971948835843268e+00 9.693068242480903929e-02 1.849250439808403756e+00 1.798126067028832376e-01
1.857697919661872143e+00 9.693068242480903929e-02 1.848977696955206307e+00 1.797860864423834748e-01
1.857478660253529146e+00 9.693068242480903929e-02 1.848759466772794458e+00 1.797648667432470149e-01
1.857314194655078632e+00 9.693068242480903929e-02 1.848595773192566405e+00 1.797489499324529116e-01
