1.694909918171735086e+00 2.477640694481744297e-07
1.694867230330677987e+00 2.374648169230971512e-07
1.694781858293106458e+00 2.170639474265030956e-07
1.694653809347793860e+00 1.871526952441928626e-07
1.694483094427122971e+00 1.494578435933013694e-07
1.694269728106152506e+00 1.078109788179686905e-07
1.694013728601371671e+00 6.813016471552518070e-08
1.693715117769146294e+00 3.646035823363757947e-08
1.693373921103851654e+00 1.605833278483068627e-08
1.692990167735697105e+00 5.965509924108632639e-09
1.692563890428237627e+00 2.390615533085888166e-09
1.692095125575577397e+00 1.511395676026083262e-09
1.691583913199262712e+00 1.222247784126635568e-09
1.691030296944864730e+00 9.753522843451251333e-10
1.690434324078253336e+00 8.062347313615115722e-10
1.689796045481561260e+00 7.390335951857683969e-10
1.689115515648840660e+00 7.249867837248228598e-10
1.688392792681410626e+00 7.242846791710426737e-10
1.687627938282895812e+00 7.249048916229492653e-10
1.686821017753958873e+00 7.254466118026345980e-10
1.685972099986725814e+00 7.257602814774051551e-10
1.685081257458903581e+00 7.258646364392838049e-10
1.684148566227592347e+00 7.259076876827885268e-10
1.683174105922791819e+00 7.259772737178836673e-10
1.682157959740603337e+00 7.260803215822900306e-10
1.681100214436126006e+00 7.261991294593333343e-10
1.680000960316050618e+00 7.263223974063193238e-10
1.678860291230949153e+00 7.264478337402589153e-10
1.677678304567261858e+00 7.265764126157797273e-10
1.676455101238983447e+00 7.267088843271158296e-10
1.675190785679046890e+00 7.268453656043411112e-10
1.673885465830407870e+00 7.269857626086108644e-10
1.672539253136827719e+00 7.271300262676325321e-10
1.671152262533360355e+00 7.272781284640331758e-10
1.669724612436538358e+00 7.274300523751538532e-10
1.668256424734263277e+00 7.275857802124654618e-10
1.666747824775399289e+00 7.277452904510283999e-10
1.665198941359071538e+00 7.279085627773915844e-10
1.663609906723669818e+00 7.280755728897011310e-10
1.661980856535557383e+00 7.282463005538717652e-10
1.660311929877489767e+00 7.284207169052467941e-10
1.658603269236739619e+00 7.285987994494849119e-10
1.656855020492931096e+00 7.287805159253229647e-10
1.655067332905586497e+00 7.289658352249855500e-10
1.653240359101381785e+00 7.291547258046595518e-10
1.651374255061116125e+00 7.293471465696856088e-10
1.649469180106395205e+00 7.295430665169148787e-10
1.647525296886028778e+00 7.297424324884278826e-10
1.645542771362143775e+00 7.299452121904355876e-10
1.643521772796015412e+00 7.301513477727934767e-10
1.641462473733616534e+00 7.303607976702986362e-10
1.639365049990885170e+00 7.305735029696149709e-10
1.637229680638715434e+00 7.307894127032925966e-10
1.635056547987667974e+00 7.310084685512752030e-10
1.632845837572405090e+00 7.312306095916841023e-10
1.630597738135850738e+00 7.314557749586042348e-10
1.628312441613076089e+00 7.316839007205616873e-10
1.625990143114913078e+00 7.319149195804244272e-10
1.623631040911295953e+00 7.321487664543861545e-10
1.621235336414333927e+00 7.323853675083249347e-10
1.618803234161115379e+00 7.326246549339938350e-10
1.616334941796245372e+00 7.328665539638482647e-10
1.613830670054116956e+00 7.331109914449128176e-10
1.611290632740920215e+00 7.333578888094447845e-10
1.608715046716387764e+00 7.336071728292357521e-10
1.606104131875279784e+00 7.338587598744384754e-10
1.603458111128611030e+00 7.341125747281975033e-10
1.600777210384618510e+00 7.343685320964574007e-10
1.598061658529474238e+00 7.346265527997330026e-10
1.595311687407745094e+00 7.348865502059268917e-10
1.592527531802596430e+00 7.351484411206864921e-10
1.589709429415749220e+00 7.354121377406167133e-10
1.586857620847184513e+00 7.356775550580138503e-10
1.583972349574602978e+00 7.359446009871581312e-10
1.581053861932636195e+00 7.362131877943464999e-10
1.578102407091816373e+00 7.364832236318769937e-10
1.575118237037303359e+00 7.367546154149460007e-10
1.572101606547369634e+00 7.370272694494045194e-10
1.569052773171650372e+00 7.373010906977184959e-10
1.565971997209151700e+00 7.375759814962873526e-10
1.562859541686030473e+00 7.378518465810506265e-10
1.559715672333135794e+00 7.381285821628037077e-10
1.556540657563322716e+00 7.384060923943394147e-10
1.553334768448535907e+00 7.386842699299181291e-10
1.550098278696666165e+00 7.389630164579193639e-10
1.546831464628182662e+00 7.392422220334427841e-10
1.543534605152541594e+00 7.395217841091633275e-10
1.540207981744373456e+00 7.398015908914650773e-10
1.536851878419451811e+00 7.400815365415226283e-10
1.533466581710445142e+00 7.403615068564918027e-10
1.530052380642453747e+00 7.406413916521384119e-10
1.526609566708333254e+00 7.409210742834700899e-10
1.523138433843809203e+00 7.412004434039822035e-10
1.519639278402379556e+00 7.414793760935437454e-10
1.516112399130015831e+00 7.417577592241185235e-10
1.512558097139654834e+00 7.420354679166947941e-10
1.508976675885492114e+00 7.423123844803246788e-10
1.505368441137073354e+00 7.425883822107394875e-10
1.501733700953189032e+00 7.428633382728491007e-10
1.498072765655573457e+00 7.431371243972117677e-10
1.494385947802410408e+00 7.434096147253330868e-10
1.490673562161648480e+00 7.436806772973714891e-10
1.486935925684126136e+00 7.439501825561973445e-10
1.483173357476512910e+00 7.442179960662764473e-10
1.479386178774064309e+00 7.444839857633329876e-10
1.475574712913195974e+00 7.447480118593527773e-10
1.471739285303878653e+00 7.450099411902368384e-10
1.467880223401855089e+00 7.452696304611148909e-10
1.463997856680683718e+00 7.455269411564207534e-10
1.460092516603608948e+00 7.457817308037251170e-10
1.456164536595262238e+00 7.460338540277693027e-10
1.452214252013195095e+00 7.462831660516614738e-10
1.448242000119247530e+00 7.465295196321581973e-10
1.444248120050753759e+00 7.467727660762465659e-10
1.440232952791588028e+00 7.470127539315911430e-10
1.436196841143052350e+00 7.472493323234625487e-10
1.432140129694609021e+00 7.474823475626709786e-10
1.428063164794461937e+00 7.477116431154842304e-10
1.423966294519984466e+00 7.479370641525280879e-10
1.419849868648004110e+00 7.481584502326318826e-10
1.415714238624938393e+00 7.483756438459645435e-10
1.411559757536789084e+00 7.485884811037729021e-10
1.407386780078998756e+00 7.487968008409437116e-10
1.403195662526166565e+00 7.490004371102814369e-10
1.398986762701630582e+00 7.491992253319278504e-10
1.394760439946919783e+00 7.493929965307468762e-10
1.390517055091072818e+00 7.495815821701642934e-10
1.386256970419832646e+00 7.497648125673469648e-10
1.381980549644715506e+00 7.499425137992753066e-10
1.377688157871958419e+00 7.501145139366588674e-10
1.373380161571347902e+00 7.502806389861176669e-10
1.369056928544932106e+00 7.504407088119819091e-10
1.364718827895618602e+00 7.505945509879341617e-10
1.360366229995661813e+00 7.507419814620762314e-10
1.355999506455042747e+00 7.508828246059851992e-10
1.351619030089740603e+00 7.510168940275370868e-10
1.347225174889904675e+00 7.511440124814835521e-10
1.342818315987923006e+00 7.512639894151632882e-10
1.338398829626395781e+00 7.513766452753666581e-10
1.333967093126012360e+00 7.514817892802200902e-10
1.329523484853337489e+00 7.515792378194644616e-10
1.325068384188507142e+00 7.516687981941565489e-10
1.320602171492839094e+00 7.517502847769209096e-10
1.316125228076357789e+00 7.518235037424090827e-10
1.311637936165240603e+00 7.518882656828079216e-10
1.307140678869183503e+00 7.519443776311415248e-10
1.302633840148693878e+00 7.519916462189923831e-10
1.298117804782307649e+00 7.520298784456769853e-10
1.293592958333739773e+00 7.520588794186245447e-10
1.289059687118965236e+00 7.520784538895240855e-10
1.284518378173236108e+00 7.520884077812239591e-10
1.279969419218039750e+00 7.520885441088148055e-10
1.275413198627994404e+00 7.520786670853290458e-10
1.270850105397691943e+00 7.520585811375875495e-10
1.266280529108487540e+00 7.520280898602309905e-10
1.261704859895237396e+00 7.519869965003725162e-10
1.257123488412990486e+00 7.519351068200549126e-10
1.252536805803636577e+00 7.518722222617631277e-10
1.247945203662511604e+00 7.517981520112504292e-10
1.243349074004963528e+00 7.517126971672082349e-10
1.238748809232885106e+00 7.516156676177963302e-10
1.234144802101210248e+00 7.515068692747723325e-10
1.229537445684383723e+00 7.513861108195458061e-10
1.224927133342800012e+00 7.512532026918761374e-10
1.220314258689220832e+00 7.511079567100339896e-10
1.215699215555169133e+00 7.509501858923076173e-10
1.211082397957305545e+00 7.507797067703437298e-10
1.206464200063788406e+00 7.505963365140006520e-10
1.201845016160620894e+00 7.503998983030514669e-10
1.197225240617988185e+00 7.501902126204497364e-10
1.192605267856587714e+00 7.499671110785941933e-10
1.187985492313954783e+00 7.497304212805696434e-10
1.183366308410787271e+00 7.494799812402525813e-10
1.178748110517270131e+00 7.492156298531487611e-10
1.174131292919406544e+00 7.489372136121581282e-10
1.169516249785355066e+00 7.486445811311913498e-10
1.164903375131775665e+00 7.483375930005741385e-10
1.160293062790191954e+00 7.480161113305750316e-10
1.155685706373365429e+00 7.476800069984944869e-10
1.151081699241690792e+00 7.473291627172028274e-10
1.146481434469612148e+00 7.469634649541065737e-10
1.141885304812064073e+00 7.465828129872271524e-10
1.137293702670939100e+00 7.461871183157108396e-10
1.132707020061585190e+00 7.457763006676086242e-10
1.128125648579338502e+00 7.453502958584713938e-10
1.123549979366088136e+00 7.449090516412506939e-10
1.118980403076883734e+00 7.444525342272533211e-10
1.114417309846581494e+00 7.439807234955356611e-10
1.109861089256535926e+00 7.434936223693921525e-10
1.105312130301339568e+00 7.429912468075691360e-10
1.100770821355610662e+00 7.424736459655646462e-10
1.096237550140835904e+00 7.419408817926364745e-10
1.091712703692268027e+00 7.413930539306352999e-10
1.087196668325881799e+00 7.408302808074012984e-10
1.082689829605392173e+00 7.402527240663700757e-10
1.078192572309335073e+00 7.396605697157613684e-10
1.073705280398217887e+00 7.390540527434416904e-10
1.069228336981736582e+00 7.384334414315229281e-10
1.064762124286068534e+00 7.377990573319670115e-10
1.060307023621238187e+00 7.371512688645244733e-10
1.055863415348563539e+00 7.364905013014211056e-10
1.051431678848180118e+00 7.358172441412524994e-10
1.047012192486652893e+00 7.351320468312695510e-10
1.042605333584671001e+00 7.344355405185374859e-10
1.038211478384834852e+00 7.337284303443426171e-10
1.033831002019532930e+00 7.330115082498210063e-10
1.029464278478913863e+00 7.322856691763488703e-10
1.025111680578957296e+00 7.315518969491671402e-10
1.020773579929643571e+00 7.308112999609372052e-10
1.016450346903227775e+00 7.300650989932953783e-10
1.012142350602617480e+00 7.293146443507704934e-10
1.007849958829860393e+00 7.285614261130564595e-10
1.003573538054743031e+00 7.278070823467088253e-10
9.993134533835028588e-01 7.270534070545350305e-10
9.950700685276558932e-01 7.263023696384037596e-10
9.908437457729450948e-01 7.255561131992475420e-10
9.866348459484093336e-01 7.248169858161597707e-10
9.824437283955771427e-01 7.240875378761107212e-10
9.782707509377868149e-01 7.233705531895997821e-10
9.741162698496375061e-01 7.226690567509604897e-10
9.699806398265715668e-01 7.219863402103491733e-10
9.658642139545914329e-01 7.213259739897827113e-10
9.617673436801139619e-01 7.206918342836690608e-10
9.576903787799668777e-01 7.200880972031085367e-10
9.536336673315235490e-01 7.195192715759689751e-10
9.495975556829876485e-01 7.189901508637278943e-10
9.455823884238219179e-01 7.185058335405074201e-10
9.415885083553282575e-01 7.180716272145795146e-10
9.376162564613805817e-01 7.176930032703197165e-10
9.336659718793134388e-01 7.173754522352052337e-10
9.297379918709667290e-01 7.171243287388546465e-10
9.258326517938921807e-01 7.169446296909748926e-10
9.219502850727208099e-01 7.168407160760883148e-10
9.180912231706971349e-01 7.168159770361556093e-10
9.142557955613797027e-01 7.168724355778249671e-10
9.104443297005112568e-01 7.170102916313668839e-10
9.066571509980626553e-01 7.172274198707266611e-10
9.028945827904495403e-01 7.175188367751360057e-10
8.991569463129271966e-01 7.178761405560040034e-10
8.954445606721651574e-01 7.182869563813589383e-10
8.917577428190022193e-01 7.187344243374009526e-10
8.880968075213866442e-01 7.191967057913624122e-10
8.844620673375022113e-01 7.196466426865642555e-10
8.808538325890834519e-01 7.200514609520784747e-10
8.772724113349207320e-01 7.203726776351839051e-10
8.737181093445598457e-01 7.205661645584722911e-10
8.701912300721961202e-01 7.205823921499880002e-10
8.666920746307666956e-01 7.203669162718238726e-10
8.632209417662424222e-01 7.198610346068166457e-10
8.597781278321221521e-01 7.190027117232810599e-10
8.563639267641306452e-01 7.177276454222491460e-10
8.529786300551239764e-01 7.159705698852993266e-10
8.496225267302022210e-01 7.136666254439874743e-10
8.462959033220340821e-01 7.107529287508600550e-10
8.429990438463930147e-01 7.071700981514602768e-10
8.397322297779097333e-01 7.028638623963935411e-10
8.364957400260397691e-01 6.977865540143706503e-10
8.332898509112529606e-01 6.918985487237135772e-10
8.301148361414398824e-01 6.851694962173280485e-10
8.269709667885452031e-01 6.775793856555446694e-10
8.238585112654239762e-01 6.691193441275640666e-10
8.207777353029255263e-01 6.597921646466257343e-10
8.177289019272059312e-01 6.496125391075127921e-10
8.147122714372724284e-01 6.386069650322867768e-10
8.117281013827593039e-01 6.268133898727568068e-10
8.087766465419397033e-01 6.142804668373358263e-10
8.058581588999728096e-01 6.010666144037206412e-10
8.029728876273909410e-01 5.872387590039822999e-10
8.001210790588264565e-01 5.728709192740969739e-10
7.973029766719792466e-01 5.580425850185766208e-10
7.945188210668306938e-01 5.428370502681553588e-10
7.917688499451013273e-01 5.273397505421698288e-10
7.890532980899573889e-01 5.116365643070924153e-10
7.863723973459647576e-01 4.958123960289158869e-10
7.837263765992960041e-01 4.799497448506818882e-10
7.811154617581881343e-01 4.641276871208651432e-10
7.785398757336556841e-01 4.484208889775754215e-10
7.759998384204587207e-01 4.328989757623113079e-10
7.734955666783303041e-01 4.176259720122880372e-10
7.710272743134602980e-01 4.026599043613769906e-10
7.685951720602417492e-01 3.880525096241383143e-10
7.661994675632797236e-01 3.738489061156173949e-10
7.638403653596625986e-01 3.600873452322892276e-10
7.615180668614995874e-01 3.467989144547708861e-10
7.592327703387250493e-01 3.340072953789602488e-10
7.569846709021708087e-01 3.217285903676537717e-10
7.547739604869078134e-01 3.099712052543795526e-10
7.526008278358602421e-01 2.987360339223204691e-10
7.504654584836905062e-01 2.880167256707875329e-10
7.483680347409591427e-01 2.778003958666089664e-10
7.463087356785601534e-01 2.680684064752179588e-10
7.442877371124319019e-01 2.587976304295471011e-10
7.423052115885468982e-01 2.499617836234068244e-10
7.403613283681804713e-01 2.415329561683739761e-10
7.384562534134595513e-01 2.334832140181684649e-10
7.365901493731940031e-01 2.257861639708814447e-10
7.347631755689891797e-01 2.184183747060928855e-10
7.329754879816445801e-01 2.113606634054223977e-10
7.312272392378360575e-01 2.045990613128530885e-10
7.295185785970859094e-01 1.981255585243997053e-10
7.278496519390182939e-01 1.919385915656405843e-10
7.262206017509059697e-01 1.860431888250950219e-10
7.246315671155041382e-01 1.804510879795074686e-10
7.230826836991764983e-01 1.751805215337157688e-10
7.215740837403126218e-01 1.702561553710623650e-10
7.201058960380373186e-01 1.657090836141825187e-10
7.186782459412153212e-01 1.615775033469029397e-10
7.172912553377479572e-01 1.579073631473515086e-10
7.159450426441679172e-01 1.547510345393650550e-10
7.146397227955287867e-01 1.521617700853182472e-10
7.133754072355922293e-01 1.501880955548115622e-10
7.121522039073139299e-01 1.488866915733885711e-10
7.109702172436266343e-01 1.483792235674859212e-10
7.098295481585250588e-01 1.489534147653937943e-10
7.087302940384496708e-01 1.511405660345218511e-10
7.076725487339723397e-01 1.556337267194908495e-10
7.066564025517838576e-01 1.629282251109442841e-10
7.056819422469834402e-01 1.727276049763970875e-10
7.047492510156720957e-01 1.834030479037813267e-10
7.038584084878498626e-01 1.919485423428017584e-10
7.030094907206168031e-01 1.947624927589359619e-10
7.022025701916799756e-01 1.891926375440728378e-10
7.014377157931650508e-01 1.753074877345082502e-10
7.007149928257350169e-01 1.570922236407479264e-10
7.000344629930144169e-01 1.424094849832492138e-10
6.993961843963224512e-01 1.415538334062330010e-10
6.988002115297109462e-01 1.648246864545293713e-10
6.982465952753129645e-01 2.199349836654712207e-10
6.977353828989982798e-01 3.101065332662957647e-10
6.972666180463380492e-01 4.333906191484328216e-10
6.968403407388785720e-01 5.832814521729636849e-10
6.964565873707239119e-01 7.502616663851141690e-10
6.961153907054293821e-01 9.236892824860205452e-10
6.958167798732040055e-01 1.093458489295674279e-09
6.955607803684231705e-01 1.251063795474014681e-09
6.953474140474525944e-01 1.389996347388178904e-09
6.951766991267818163e-01 1.505602659141118426e-09
6.950486501814692186e-01 1.594706512010508730e-09
6.949632781438975782e-01 1.655188707822587236e-09
6.949205903028405906e-01 1.685752131559909888e-09
