9.999968517213240204e-01 1.046855275428006698e-11 1.051000438790540004e-11 2.097855714218546703e-11
9.999716658951003367e-01 7.803114589653738192e-10 8.502094388610526270e-10 1.630520897826426343e-09
9.999212963929331455e-01 5.104394024280587818e-09 6.504611241848039446e-09 1.160900526612862644e-08
9.998457475151985019e-01 1.518468375078530965e-08 2.434631251433492797e-08 3.953099626512023761e-08
9.997450257120028549e-01 2.906620618046145781e-08 6.292420867266041702e-08 9.199041485312188145e-08
9.996191395826301562e-01 4.055634270514494203e-08 1.274267050411008531e-07 1.679830477462458083e-07
9.994680998748095568e-01 4.337963912366448367e-08 2.144496857457323993e-07 2.578293248693969029e-07
9.992919194837965868e-01 3.609965220095748204e-08 3.100737723193534385e-07 3.461734245203109140e-07
9.990906134512729242e-01 2.316050976255529786e-08 3.944395840284234115e-07 4.176000937909786895e-07
9.988641989640614227e-01 1.109502929636938567e-08 4.511197810662491784e-07 4.622148103626185492e-07
9.986126953526603955e-01 3.770017613494124726e-09 4.748901474768272879e-07 4.786601650903214416e-07
9.983361240895909372e-01 9.659723753806421071e-10 4.724294840899783348e-07 4.733954564653589728e-07
9.980345087875652776e-01 4.589861081239516563e-10 4.564940600222061240e-07 4.569530461303300582e-07
9.977078751974703952e-01 4.933659051057227614e-10 4.388011657635769905e-07 4.392945316686827321e-07
9.973562512061697749e-01 4.842161923233798321e-10 4.260605396383823565e-07 4.265447558307057488e-07
9.969796668341213142e-01 4.422265333283103790e-10 4.198294996728169085e-07 4.202717262061452190e-07
9.965781542328162601e-01 4.259417318167799301e-10 4.184837419398149681e-07 4.189096836716317454e-07
9.961517476820325179e-01 4.291445552461663168e-10 4.194955507980186664e-07 4.199246953532648334e-07
9.957004835869087689e-01 4.352381478391090069e-10 4.209593660267557147e-07 4.213946041745948402e-07
9.952244004748360684e-01 4.399464947064354774e-10 4.220522281372364695e-07 4.224921746319429244e-07
9.947235389921684767e-01 4.441478361529340408e-10 4.227291612058768649e-07 4.231733090420298107e-07
9.941979419007533902e-01 4.486200694496593152e-10 4.232164156313217327e-07 4.236650357007713976e-07
9.936476540742797958e-01 4.535878795547671386e-10 4.236930184136086168e-07 4.241466062931633636e-07
9.930727224944473353e-01 4.590531698632169891e-10 4.242204399894552646e-07 4.246794931593184558e-07
9.924731962469561797e-01 4.649723810024497431e-10 4.247941792986853101e-07 4.252591516796877465e-07
9.918491265173146054e-01 4.713321420428925958e-10 4.253985395863795533e-07 4.258698717284224436e-07
9.912005665864702664e-01 4.781516338351164836e-10 4.260264552959888496e-07 4.265046069298239526e-07
9.905275718262602780e-01 4.854614588100340871e-10 4.266775229241722020e-07 4.271629843829822344e-07
9.898301996946847758e-01 4.932919539783168436e-10 4.273527826205944171e-07 4.278460745745727383e-07
9.891085097310003960e-01 5.016723102849919875e-10 4.280527440830500181e-07 4.285544163933350362e-07
9.883625635506378959e-01 5.106322564101740329e-10 4.287775028170631711e-07 4.292881350734733442e-07
9.875924248399408079e-01 5.202031282721330320e-10 4.295270970213290968e-07 4.300473001496012278e-07
9.867981593507286764e-01 5.304175874101845955e-10 4.303016053290675161e-07 4.308320229164777143e-07
9.859798348946828828e-01 5.413098321829892274e-10 4.311011271024645177e-07 4.316424369346475089e-07
9.851375213375579420e-01 5.529154410475579096e-10 4.319257655306213219e-07 4.324786809716688640e-07
9.842712905932156087e-01 5.652714439335531339e-10 4.327756259017022534e-07 4.333408973456358300e-07
9.833812166174857872e-01 5.784163619893462866e-10 4.336508168061877123e-07 4.342292331681770830e-07
9.824673754018524718e-01 5.923903379492724611e-10 4.345514502129597025e-07 4.351438405509089821e-07
9.815298449669653813e-01 6.072350043908194713e-10 4.354776411805745054e-07 4.360848761849653444e-07
9.805687053559790645e-01 6.229936820294961021e-10 4.364295075793128941e-07 4.370525012613424131e-07
9.795840386277192557e-01 6.397113114277378293e-10 4.374071699124216654e-07 4.380468812238494171e-07
9.785759288496767017e-01 6.574346126678490036e-10 4.384107510986300954e-07 4.390681857112979365e-07
9.775444620908295690e-01 6.762120110645844927e-10 4.394403763502581924e-07 4.401165883613227724e-07
9.764897264142964328e-01 6.960938144445562406e-10 4.404961729783533267e-07 4.411922667927978608e-07
9.754118118698154039e-01 7.171321163919421007e-10 4.415782703111931140e-07 4.422954024275850707e-07
9.743108104860587204e-01 7.393809391454625956e-10 4.426867995594496288e-07 4.434261804985950992e-07
9.731868162627734797e-01 7.628963974396482319e-10 4.438218937737529483e-07 4.445847901711925977e-07
9.720399251627571680e-01 7.877364608000131679e-10 4.449836877601112060e-07 4.457714242209112000e-07
9.708702351036651024e-01 8.139612886843911635e-10 4.461723180549421787e-07 4.469862793436265588e-07
9.696778459496493419e-01 8.416332501493797404e-10 4.473879228864083497e-07 4.482295561365577137e-07
9.684628595028339504e-01 8.708167461804243441e-10 4.486306421872657107e-07 4.495014589334461267e-07
9.672253794946226169e-01 9.015786917824315925e-10 4.499006175949379825e-07 4.508021962867203998e-07
9.659655115768424061e-01 9.339881329793758790e-10 4.511979924651538990e-07 4.521319805981332639e-07
9.646833633127243068e-01 9.681167132909304036e-10 4.525229119123130913e-07 4.534910286256040192e-07
9.633790441677192451e-01 1.004038473196596037e-09 4.538755228278356804e-07 4.548795613010322833e-07
9.620526655001522265e-01 1.041830065844765531e-09 4.552559739254202532e-07 4.562978039912650301e-07
9.607043405517152745e-01 1.081570749084250316e-09 4.566644157735122233e-07 4.577459865225964887e-07
9.593341844377989425e-01 1.123342573509478195e-09 4.581010008267441064e-07 4.592243434002535972e-07
9.579423141376648410e-01 1.167230361047297573e-09 4.595658834950782901e-07 4.607331138561255680e-07
9.565288484844571837e-01 1.213321914646817096e-09 4.610592201356726587e-07 4.622725420503194539e-07
9.550939081550584575e-01 1.261707898076383764e-09 4.625811690861194369e-07 4.638428769841958048e-07
9.536376156597849985e-01 1.312482185035469623e-09 4.641318907253838633e-07 4.654443729104193292e-07
9.521600953319291349e-01 1.365741787210579670e-09 4.657115474577522278e-07 4.670772892449628121e-07
9.506614733171432352e-01 1.421587034148963886e-09 4.673203037064284086e-07 4.687418907405773973e-07
9.491418775626689897e-01 1.480121589334265090e-09 4.689583259723468634e-07 4.704384475616811533e-07
9.476014378064152588e-01 1.541452671216404649e-09 4.706257827667616184e-07 4.721672354379780268e-07
9.460402855658807120e-01 1.605691075229616855e-09 4.723228446343264870e-07 4.739285357095561008e-07
9.444585541269252538e-01 1.672951348280240960e-09 4.740496841168960574e-07 4.757226354651763105e-07
9.428563785323900159e-01 1.743351851192807630e-09 4.758064757427154350e-07 4.775498275939082608e-07
9.412338955705699117e-01 1.817015008954551962e-09 4.775933959680647016e-07 4.794104109770192399e-07
9.395912437635320913e-01 1.894067139615912676e-09 4.794106231630918657e-07 4.813046903027077854e-07
9.379285633552922885e-01 1.974639028666304581e-09 4.812583375172483045e-07 4.832329765459146029e-07
9.362459962998392893e-01 2.058865662938665467e-09 4.831367210523867518e-07 4.851955867153253652e-07
9.345436862490159591e-01 2.146886611743825163e-09 4.850459575030980420e-07 4.871928441148418423e-07
9.328217785402554973e-01 2.238846064091496082e-09 4.869862322727012897e-07 4.892250783367928267e-07
9.310804201841718086e-01 2.334893041835541786e-09 4.889577323787281083e-07 4.912926254205636046e-07
9.293197598520090974e-01 2.435181503989551159e-09 4.909606463445194391e-07 4.933958278485090221e-07
9.275399478629484662e-01 2.539870530853776870e-09 4.929951641465522783e-07 4.955350346774060110e-07
9.257411361712739595e-01 2.649124566844512694e-09 4.950614771261246335e-07 4.977106016929691264e-07
9.239234783533998296e-01 2.763113369797686412e-09 4.971597778861500649e-07 4.999228912559477315e-07
9.220871295947581370e-01 2.882012500931316891e-09 4.992902602255652540e-07 5.021722727264965978e-07
9.202322466765504583e-01 3.006003312957787168e-09 5.014531190169296130e-07 5.044591223298874072e-07
9.183589879623605956e-01 3.135273076461965444e-09 5.036485501188556312e-07 5.067838231953175789e-07
9.164675133846365007e-01 3.270015441461160578e-09 5.058767502824242274e-07 5.091467657238854153e-07
9.145579844310331996e-01 3.410430342135430076e-09 5.081379170224396601e-07 5.115483473645750877e-07
9.126305641306280414e-01 3.556724502073741676e-09 5.104322485196693250e-07 5.139889730217431163e-07
9.106854170399998338e-01 3.709111347848584954e-09 5.127599435045348031e-07 5.164690548523833645e-07
9.087227092291806363e-01 3.867811575864327010e-09 5.151212011286370792e-07 5.189890127045014227e-07
9.067426082674767684e-01 4.033052988659927008e-09 5.175162208477032587e-07 5.215492738363632089e-07
9.047452832091629205e-01 4.205071178427402395e-09 5.199452022834931987e-07 5.241502734619205531e-07
9.027309045790479214e-01 4.384109432617068159e-09 5.224083450970131808e-07 5.267924545296302489e-07
9.006996443579169398e-01 4.570419094775181639e-09 5.249058488435394458e-07 5.294762679383145761e-07
8.986516759678476740e-01 4.764260066982553019e-09 5.274379128222208239e-07 5.322021728892033347e-07
8.965871742574040848e-01 4.965900639509073624e-09 5.300047359399361877e-07 5.349706365794452432e-07
8.945063154867095578e-01 5.175618146455086249e-09 5.326065165324499040e-07 5.377821346789050076e-07
8.924092773123967204e-01 5.393699221139116145e-09 5.352434522231020683e-07 5.406371514442411903e-07
8.902962387724406845e-01 5.620439826128357929e-09 5.379157397332968474e-07 5.435361795594252575e-07
8.881673802708736076e-01 5.856146023065324906e-09 5.406235747229834111e-07 5.464797207460487236e-07
8.860228835623819021e-01 6.101134009845983808e-09 5.433671515755657859e-07 5.494682855854118218e-07
8.838629317367885374e-01 6.355730335942343464e-09 5.461466632590414376e-07 5.525023935949837910e-07
8.816877092034224317e-01 6.620272663047764122e-09 5.489623010668017786e-07 5.555825737298495576e-07
8.794974016753728252e-01 6.895109878897388580e-09 5.518142544547896600e-07 5.587093643336870684e-07
8.772921961536346291e-01 7.180602460639276193e-09 5.547027108040714834e-07 5.618833132647107133e-07
8.750722809111428635e-01 7.477122889852989507e-09 5.576278552060111172e-07 5.651049780958640686e-07
8.728378454766982930e-01 7.785056412981778828e-09 5.605898702208412597e-07 5.683749266338230302e-07
8.705890806187859265e-01 8.104800666216479454e-09 5.635889356486120722e-07 5.716937363148285996e-07
8.683261783292886005e-01 8.436767025783959078e-09 5.666252282605520328e-07 5.750619952863359935e-07
8.660493318070947577e-01 8.781380518464035997e-09 5.696989215649311945e-07 5.784803020833952239e-07
8.637587354416036423e-01 9.139080328656113018e-09 5.728101854883139000e-07 5.819492658169700279e-07
8.614545847961294633e-01 9.510320530833486600e-09 5.759591861613509247e-07 5.854695066921843881e-07
8.591370765912049734e-01 9.895570436075422846e-09 5.791460855646747068e-07 5.890416560007501644e-07
8.568064086877853480e-01 1.029531496324113917e-08 5.823710412581917465e-07 5.926663562214329303e-07
8.544627800703562537e-01 1.071005567876431740e-08 5.856342060450203779e-07 5.963442617237847334e-07
8.521063908299448819e-01 1.114031071837814891e-08 5.889357276737687474e-07 6.000760383921469112e-07
8.497374421470371697e-01 1.158661590609025931e-08 5.922757484644129596e-07 6.038623643705032305e-07
8.473561362744010950e-01 1.204952499878381073e-08 5.956544049690664177e-07 6.077039299678502135e-07
8.449626765198195999e-01 1.252961066039770281e-08 5.990718276199962349e-07 6.116014382803939774e-07
8.425572672287326981e-01 1.302746478994791331e-08 6.025281403249709256e-07 6.155556051149188455e-07
8.401401137667909857e-01 1.354369933241467089e-08 6.060234600847195744e-07 6.195671594171342387e-07
8.377114225023227778e-01 1.407894695074776499e-08 6.095578965873673785e-07 6.236368435381151352e-07
8.352714007887138692e-01 1.463386198163592326e-08 6.131315517818975958e-07 6.277654137635335505e-07
8.328202569467058058e-01 1.520912064287207909e-08 6.167445194418965429e-07 6.319536400847686352e-07
8.303582002466095568e-01 1.580542263247097557e-08 6.203968846990519993e-07 6.362023073315229219e-07
8.278854408904383622e-01 1.642349091040255410e-08 6.240887235772964155e-07 6.405122144876990126e-07
8.254021899939623097e-01 1.706407367703828855e-08 6.278201025151259645e-07 6.448841761921642961e-07
8.229086595686829764e-01 1.772794422748239797e-08 6.315910778359672514e-07 6.493190220634496957e-07
8.204050625037332400e-01 1.841590248839938545e-08 6.354016952388859423e-07 6.538175977272853377e-07
8.178916125477015964e-01 1.912877576192319898e-08 6.392519892494231173e-07 6.583807650113463428e-07
8.153685242903823127e-01 1.986741987239455601e-08 6.431419826512253636e-07 6.630094025236199460e-07
8.128360131444556380e-01 2.063271960312570393e-08 6.470716858944286835e-07 6.677044054975544271e-07
8.102942953270955151e-01 2.142559065669819307e-08 6.510410965359058777e-07 6.724666871926040543e-07
8.077435878415101245e-01 2.224697983971847750e-08 6.550501985281776210e-07 6.772971783678960456e-07
8.051841084584150376e-01 2.309786699871806863e-08 6.590989616577036222e-07 6.821968286564216710e-07
8.026160756974407562e-01 2.397926563739954978e-08 6.631873408137649710e-07 6.871666064511645307e-07
8.000397088084754138e-01 2.489222417094087458e-08 6.673152753288206074e-07 6.922074994997615183e-07
7.974552277529471933e-01 2.583782766253255222e-08 6.714826882313180653e-07 6.973205158938506440e-07
7.948628531850439050e-01 2.681719860074352780e-08 6.756894855241812791e-07 7.025066841249248102e-07
7.922628064328748332e-01 2.783149879456119455e-08 6.799355553900457103e-07 7.077670541846068585e-07
7.896553094795737415e-01 2.888193010215698201e-08 6.842207674174241872e-07 7.131026975195811692e-07
7.870405849443474766e-01 2.996973681255284812e-08 6.885449717486730758e-07 7.185147085612258974e-07
7.844188560634693941e-01 3.109620620934379799e-08 6.929079982534473647e-07 7.240042044627911428e-07
7.817903466712194938e-01 3.226267129142326058e-08 6.973096556227026845e-07 7.295723269141259583e-07
7.791552811807753720e-01 3.347051113983723377e-08 7.017497304664559293e-07 7.352202416062931763e-07
7.765138845650514376e-01 3.472115407942966741e-08 7.062279863697428962e-07 7.409491404491726033e-07
7.738663823374921646e-01 3.601607826814467227e-08 7.107441628960314014e-07 7.467602411641760273e-07
7.712130005328184934e-01 3.735681424433460966e-08 7.152979746024483874e-07 7.526547888467829773e-07
7.685539656877296011e-01 3.874494695100028899e-08 7.198891099813462934e-07 7.586340569323465360e-07
7.658895048215617063e-01 4.018211719277790565e-08 7.245172303687505417e-07 7.646993475615284474e-07
7.632198454169067947e-01 4.167002446544160312e-08 7.291819688507934169e-07 7.708519933162350134e-07
7.605452154001896004e-01 4.321042872287064113e-08 7.338829290810053491e-07 7.770933578038759637e-07
7.578658431222096148e-01 4.480515288308506368e-08 7.386196841117220023e-07 7.834248369948070329e-07
7.551819573386435724e-01 4.645608526005575091e-08 7.433917751327125612e-07 7.898478603927683452e-07
7.524937871905168496e-01 4.816518199947766517e-08 7.481987102130214494e-07 7.963638922124990749e-07
7.498015621846385592e-01 4.993446964721073769e-08 7.530399629717077728e-07 8.029744326189184840e-07
7.471055121740077798e-01 5.176604816703310109e-08 7.579149712277223411e-07 8.096810193947553893e-07
7.444058673381901414e-01 5.366209365844529098e-08 7.628231355585132902e-07 8.164852292169586275e-07
7.417028581636646578e-01 5.562486133130706623e-08 7.677638178808494835e-07 8.233886792121565960e-07
7.389967154241459113e-01 5.765668836563983519e-08 7.727363399161798770e-07 8.303930282818197585e-07
7.362876701608820351e-01 5.975999815276366900e-08 7.777399816472403862e-07 8.374999798000040419e-07
7.335759536629287147e-01 6.193730227568582934e-08 7.827739797089163854e-07 8.447112819846022015e-07
7.308617974474024281e-01 6.419120559942957119e-08 7.878375257012813023e-07 8.520287313007108735e-07
7.281454332397143681e-01 6.652440908804941434e-08 7.929297645254220923e-07 8.594541736134715331e-07
7.254270929537866008e-01 6.893971357685867138e-08 7.980497925363250784e-07 8.669895061131837895e-07
7.227070086722522380e-01 7.144002511966841228e-08 8.031966557583525498e-07 8.746366808780209356e-07
7.199854126266403975e-01 7.402835786917336034e-08 8.083693479621394758e-07 8.823977058313128097e-07
7.172625371775500636e-01 7.670783966592015007e-08 8.135668087053084667e-07 8.902746483712286168e-07
7.145386147948105116e-01 7.948171634038441054e-08 8.187879213040021537e-07 8.982696376443865775e-07
7.118138780376354058e-01 8.235335640020018840e-08 8.240315107323172892e-07 9.063848671325174247e-07
7.090885595347664605e-01 8.532625749389355442e-08 8.292963414593177070e-07 9.146225989532113011e-07
7.063628919646132154e-01 8.840405101838911349e-08 8.345811151776094890e-07 9.229851661959986290e-07
7.036371080353869267e-01 9.159050747601851490e-08 8.398844685088110855e-07 9.314749759848296004e-07
7.009114404652335706e-01 9.488954449358674304e-08 8.452049705947846304e-07 9.400945150883713867e-07
6.981861219623646253e-01 9.830523106961044808e-08 8.505411205822451849e-07 9.488463516518556197e-07
6.954613852051896306e-01 1.018417962677995984e-07 8.558913450851356835e-07 9.577331413529353349e-07
6.927374628224500785e-01 1.055036354256439713e-07 8.612539954873954624e-07 9.667576309130395131e-07
6.900145873733596336e-01 1.092953183240031808e-07 8.666273451971283658e-07 9.759226635211315069e-07
6.872929913277479042e-01 1.132215969150340326e-07 8.720095867630382136e-07 9.852311836780721536e-07
6.845729070462134302e-01 1.172874143151635322e-07 8.773988289516894186e-07 9.946862432668530171e-07
6.818545667602857741e-01 1.214979138498885029e-07 8.827930936104767380e-07 1.004291007460365320e-06
6.791382025525977140e-01 1.258584483286703018e-07 8.881903125154427703e-07 1.014048760844113019e-06
6.764240463370714274e-01 1.303745912421098623e-07 8.935883240601515202e-07 1.023962915302261277e-06
6.737123298391179960e-01 1.350521467269064542e-07 8.989848697758231528e-07 1.034037016502729501e-06
6.710032845758542308e-01 1.398971616515781362e-07 9.043775908100996590e-07 1.044274752461677848e-06
6.682971418363354843e-01 1.449159387867385866e-07 9.097640241643188867e-07 1.054679962951057473e-06
6.655941326618097786e-01 1.501150489942987108e-07 9.151415988537250906e-07 1.065256647848023722e-06
6.628944878259921403e-01 1.555013460166788414e-07 9.205076318687879938e-07 1.076008977885466862e-06
6.601984378153615829e-01 1.610819819367360888e-07 9.258593239769990749e-07 1.086941305913735243e-06
6.575062128094832925e-01 1.668644229753986993e-07 9.311937553663283873e-07 1.098058178341727007e-06
6.548180426613563476e-01 1.728564679475571195e-07 9.365078810666493723e-07 1.109364349014206518e-06
6.521341568777905273e-01 1.790662664042610943e-07 9.417985261736122960e-07 1.120864792577873311e-06
6.494547845998104307e-01 1.855023386917974548e-07 9.470623808747534926e-07 1.132564719566550894e-06
6.467801545830933474e-01 1.921735995561723271e-07 9.522959952341197491e-07 1.144469594790292156e-06
6.441104951784383248e-01 1.990893790671091385e-07 9.574957737075708355e-07 1.156585152774680027e-06
6.414460343122705410e-01 2.062594509699763240e-07 9.626579694204171900e-07 1.168917420390393487e-06
6.387869994671815377e-01 2.136940583576773500e-07 9.677786781288902738e-07 1.181472736486567730e-06
6.361336176625079775e-01 2.214039439824103257e-07 9.728538319181815507e-07 1.194257775900591876e-06
6.334861154349487045e-01 2.294003840032624461e-07 9.778791924885799324e-07 1.207279576491842273e-06
6.308447188192247701e-01 2.376952205199737427e-07 9.828503442122736764e-07 1.220545564732247393e-06
6.282096533287805373e-01 2.463009022479987184e-07 9.877626866362812515e-07 1.234063588884279970e-06
6.255811439365307480e-01 2.552305244254441466e-07 9.926114267527992385e-07 1.247841951178243438e-06
6.229594150556525545e-01 2.644978749046807225e-07 9.973915706666872354e-07 1.261889445571368064e-06
6.203446905204264006e-01 2.741174817602114249e-07 1.002097914917084647e-06 1.276215396677296124e-06
6.177371935671253089e-01 2.841046682884796244e-07 1.006725037167745464e-06 1.290829705456225141e-06
6.151371468149560151e-01 2.944756102354990722e-07 1.011267286412659924e-06 1.305742896648158943e-06
6.125447722470528378e-01 3.052473975276154905e-07 1.015718772572927564e-06 1.320966170100543055e-06
6.099602911915246173e-01 3.164381057820357696e-07 1.020073355381579656e-06 1.336511461163615426e-06
6.073839243025592749e-01 3.280668652798973345e-07 1.024324632681727768e-06 1.352391497961624997e-06
6.048158915415848824e-01 3.401539467645087564e-07 1.028465927857910484e-06 1.368619874622419293e-06
6.022564121584899066e-01 3.527208416983228449e-07 1.032490276502276930e-06 1.385211118200599828e-06
5.997057046729046270e-01 3.657903599986898823e-07 1.036390412268973926e-06 1.402180772267663703e-06
5.971639868555443931e-01 3.793867255123982243e-07 1.040158751691467287e-06 1.419545477203865405e-06
5.946314757096177184e-01 3.935356839312277831e-07 1.043787378141236626e-06 1.437323062072464303e-06
5.921083874522985457e-01 4.082646173908743620e-07 1.047268024686506822e-06 1.455532642077381237e-06
5.895949374962667910e-01 4.236026631973737974e-07 1.050592055956094186e-06 1.474194719153467983e-06
5.870913404313170547e-01 4.395808454491365907e-07 1.053750448908069936e-06 1.493331294357206474e-06
5.845978100060377214e-01 4.562322109645745176e-07 1.056733772551734483e-06 1.512965983516309053e-06
5.821145591095616689e-01 4.735919792940396259e-07 1.059532166563579917e-06 1.533124145857619596e-06
5.796417997533905853e-01 4.916976986360934767e-07 1.062135318954400690e-06 1.553833017590494272e-06
5.771797430532943363e-01 5.105894142155545987e-07 1.064532442699547023e-06 1.575121856915101621e-06
5.747285992112862729e-01 5.303098525713720909e-07 1.066712251497097339e-06 1.597022104068469324e-06
5.722885774976773643e-01 5.509046113455495133e-07 1.068662934611656087e-06 1.619567545957205707e-06
5.698598862332090453e-01 5.724223687225330274e-07 1.070372130940941868e-06 1.642794499663474790e-06
5.674427327712674440e-01 5.949150988087595934e-07 1.071826902256816388e-06 1.666742001065575875e-06
5.650373234801805422e-01 6.184382965257770512e-07 1.073013705608815933e-06 1.691452002134593090e-06
5.626438637255989361e-01 6.430512082596941265e-07 1.073918364849876773e-06 1.716969573109570794e-06
5.602625578529628614e-01 6.688170519589852645e-07 1.074526041157029492e-06 1.743343093116014756e-06
5.578936091700550381e-01 6.958032274091525185e-07 1.074821202312749027e-06 1.770624429721901651e-06
5.555372199296437774e-01 7.240814856844724449e-07 1.074787590750200085e-06 1.798869076434672636e-06
5.531935913122146831e-01 7.537280478745401003e-07 1.074408189926853089e-06 1.828136237801393084e-06
5.508629234087950577e-01 7.848236456143202765e-07 1.073665189272453676e-06 1.858488834886774059e-06
5.485454152038705677e-01 8.174534435766939118e-07 1.072539947454933204e-06 1.889993391031627116e-06
5.462412645583964999e-01 8.517068122900750860e-07 1.071012954628817965e-06 1.922719766918892839e-06
5.439506681929053844e-01 8.876769137361307022e-07 1.069063794152790996e-06 1.956740707888921910e-06
5.416738216707114306e-01 9.254600474542126185e-07 1.066671105221701126e-06 1.992131152675913957e-06
5.394109193812142156e-01 9.651547137022663678e-07 1.063812548214051234e-06 2.028967261916317814e-06
5.371621545233017381e-01 1.006860350783141255e-06 1.060464775558406118e-06 2.067325126341547373e-06
5.349277190888570566e-01 1.050675706226657887e-06 1.056603411571683246e-06 2.107279117798340921e-06
5.327078038463652909e-01 1.096696796210149342e-06 1.052203045970384231e-06 2.148899842180533573e-06
5.305025983246272059e-01 1.145014450392453396e-06 1.047237246367575362e-06 2.192251696760028546e-06
5.283122907965775994e-01 1.195711408451446886e-06 1.041678596180439389e-06 2.237390004631886275e-06
5.261370682632113827e-01 1.248858995144079915e-06 1.035498765002472431e-06 2.284357760146552558e-06
5.239771164376182400e-01 1.304513389316793007e-06 1.028668618976668245e-06 2.333182008293461251e-06
5.218326197291264235e-01 1.362711535283647313e-06 1.021158378868864651e-06 2.383869914152511753e-06
5.197037612275593466e-01 1.423466793183888882e-06 1.012937833325232690e-06 2.436404626509121572e-06
5.175907226876033107e-01 1.486764388567157898e-06 1.003976613860308723e-06 2.490741002427466621e-06
5.154936845132904732e-01 1.552556818540141924e-06 9.942445372271380603e-07 2.546801355767279984e-06
5.134128257425958353e-01 1.620759337640632398e-06 9.837120185060765370e-07 2.604471356146708724e-06
5.113483240321524681e-01 1.691245693298276988e-06 9.723505563416272343e-07 2.663596249639904223e-06
5.093003556420832023e-01 1.763844269835845890e-06 9.601332885798204937e-07 2.723977558415666384e-06
5.072690954209522207e-01 1.838334849814129673e-06 9.470356135781697706e-07 2.785370463392299655e-06
5.052547167908372217e-01 1.914446124072151817e-06 9.330358688781694437e-07 2.847481992950321155e-06
5.032573917325232626e-01 1.991854174007159479e-06 9.181160553353346808e-07 2.909970229342493948e-06
5.012772907708195058e-01 2.070182043656989537e-06 9.022625913211940030e-07 2.972444634978183752e-06
4.993145829600002528e-01 2.149000521461287126e-06 8.854670784940343377e-07 3.034467599955321251e-06
4.973694358693719897e-01 2.227830275931029290e-06 8.677270577593479577e-07 3.095557333690377354e-06
4.954420155689668315e-01 2.306145352466120128e-06 8.490467318958147885e-07 3.155192084361935022e-06
4.935324866153636414e-01 2.383378060361144728e-06 8.294376302103443006e-07 3.212815690571488817e-06
4.916410120376393245e-01 2.458925259460400223e-06 8.089191899046746407e-07 3.267844449365074651e-06
4.897677533234496283e-01 2.532155882015818263e-06 7.875192298102083580e-07 3.319675111826026726e-06
4.879128704052417831e-01 2.602419675286459520e-06 7.652742934441607096e-07 3.367693968730620230e-06
4.860765216466002570e-01 2.669056885042004975e-06 7.422298415026857864e-07 3.411286726544690655e-06
4.842588638287261826e-01 2.731408757916947168e-06 7.184402772263718501e-07 3.449849035143318912e-06
4.824600521370516204e-01 2.788828558699589845e-06 6.939687929512748818e-07 3.482797351650864515e-06
4.806802401479908782e-01 2.840692858633481859e-06 6.688870312527722398e-07 3.509579889886253992e-06
4.789195798158281669e-01 2.886412788187416017e-06 6.432745600016867471e-07 3.529687348189102764e-06
4.771782214597445337e-01 2.925444947199479298e-06 6.172181664693829190e-07 3.542663113668862429e-06
4.754563137509840720e-01 2.957301686486097828e-06 5.908109816912026477e-07 3.548112668177300688e-06
4.737540037001607973e-01 2.981560459168652938e-06 5.641514520020184850e-07 3.545711911170671528e-06
4.720714366447077426e-01 2.997871986742272701e-06 5.373421797726074800e-07 3.535214166514880393e-06
4.704087562364678843e-01 3.005967020680166933e-06 5.104886599375696188e-07 3.516455680617736340e-06
4.687661044294302304e-01 3.005661533704557755e-06 4.836979423995809861e-07 3.489359476104138847e-06
4.671436214676099041e-01 2.996860205270612216e-06 4.570772530743758473e-07 3.453937458344988275e-06
4.655414458730749994e-01 2.979558165696126822e-06 4.307326075099056553e-07 3.410290773206032372e-06
4.639597144341193191e-01 2.953840972904802676e-06 4.047674512619832230e-07 3.358608424166785847e-06
4.623985621935847723e-01 2.919882881754959023e-06 3.792813598582016576e-07 3.299164241613160681e-06
4.608581224373311525e-01 2.877943502952877389e-06 3.543688285927761026e-07 3.232312331545653439e-06
4.593385266828569624e-01 2.828362952418518732e-06 3.301181786474748459e-07 3.158481131065993790e-06
4.578399046680707851e-01 2.771555695026765577e-06 3.066106010278412586e-07 3.078166296054606677e-06
4.563623843402150326e-01 2.708003200761597727e-06 2.839193542841968152e-07 2.991922555045794701e-06
4.549060918449416846e-01 2.638245653077883314e-06 2.621091258063817829e-07 2.900354778884264991e-06
4.534711515155427919e-01 2.562872885420954473e-06 2.412355606597071598e-07 2.804108446080661579e-06
4.520576858623351901e-01 2.482514737330414362e-06 2.213449562635009652e-07 2.703859693593915221e-06
4.506658155622010331e-01 2.397831081687894649e-06 2.024741165601601605e-07 2.600305198248054783e-06
4.492956594482848676e-01 2.309501678662054954e-06 1.846503557956632773e-07 2.494152034457718019e-06
4.479473344998479156e-01 2.218216117718821504e-06 1.678916396192484165e-07 2.386107757338069894e-06
4.466209558322808970e-01 2.124664000110892732e-06 1.522068501682811932e-07 2.276870850279174111e-06
4.453166366872757242e-01 2.029525599578438389e-06 1.375961615280984522e-07 2.167121761106536867e-06
4.440344884231576805e-01 1.933463149871632311e-06 1.240515127169363442e-07 2.057514662588568708e-06
4.427746205053774697e-01 1.837112923642136239e-06 1.115571662192218586e-07 1.948670089861358283e-06
4.415371404971660252e-01 1.741078239725147541e-06 1.000903410930256559e-07 1.841168580818173264e-06
4.403221540503506337e-01 1.645923482284447258e-06 8.962191033476737684e-08 1.735545392619214608e-06
4.391297648963349287e-01 1.552169226819065090e-06 8.011715240121177753e-08 1.632286379220276908e-06
4.379600748372427521e-01 1.460288449749197407e-06 7.153654638627453413e-08 1.531824996135471835e-06
4.368131837372265514e-01 1.370703874730903601e-06 6.383659946167412242e-08 1.434540474192577657e-06
4.356891895139413107e-01 1.283786373489716024e-06 5.697069397725962984e-08 1.340757067466975562e-06
4.345881881301845717e-01 1.199854377462087743e-06 5.088994035910241897e-08 1.250744317821190268e-06
4.335102735857037093e-01 1.119174214767340774e-06 4.554402090847760446e-08 1.164718235675818385e-06
4.324555379091704066e-01 1.041961269061791416e-06 4.088200909972728483e-08 1.082843278161518707e-06
4.314240711503234404e-01 9.683818498166905631e-07 3.685314920221615626e-08 1.005234999018906766e-06
4.304159613722808309e-01 8.985556922493920799e-07 3.340758213273849631e-08 9.319632743821305564e-07
4.294312946440209666e-01 8.325589275417353374e-07 3.049700544623372852e-08 8.630559329879690262e-07
4.284701550330346498e-01 7.704274880863327122e-07 2.807525819994305145e-08 7.985027462862757140e-07
4.275326245981475037e-01 7.121607904606149280e-07 2.609882489936171410e-08 7.382596153599766421e-07
4.266187833825142439e-01 6.577256381663049731e-07 2.452725599248351970e-08 6.822528941587885292e-07
4.257287094067845334e-01 6.070602509287050201e-07 2.332350492200035759e-08 6.303837558507053379e-07
4.248624786624421446e-01 5.600783346869729576e-07 2.245418700958885350e-08 5.825325216965618342e-07
4.240201651053171483e-01 5.166731504333358869e-07 2.188978146499413434e-08 5.385629318983300212e-07
4.232018406492714102e-01 4.767215076259107187e-07 2.160481828153314705e-08 4.983263259074438128e-07
4.224075751600591677e-01 4.400877128620741123e-07 2.157806439747934285e-08 4.616657772595534585e-07
4.216374364493620797e-01 4.066271860846040779e-07 2.179257968798436981e-08 4.284197657725884544e-07
4.208914902689995796e-01 3.761894675345729828e-07 2.223533818603706440e-08 3.984248057206100538e-07
4.201698003053153663e-01 3.486203518417976057e-07 2.289631197160768941e-08 3.715166638134053149e-07
4.194724281737398086e-01 3.237638836988508187e-07 2.376797482264235209e-08 3.475318585214931509e-07
4.187994334135298757e-01 3.014664423639250816e-07 2.484778736561977006e-08 3.263142297295448748e-07
4.181508734826853702e-01 2.815855535373978671e-07 2.614656128518144637e-08 3.077321148225793267e-07
4.175268037530437959e-01 2.640027710036187644e-07 2.770223537720789627e-08 2.917050063808266475e-07
4.169272775055525848e-01 2.486330678858934211e-07 2.959125448015480897e-08 2.782243223660482202e-07
4.163523459257203463e-01 2.354160542895671391e-07 3.192268166204365308e-08 2.673387359516107856e-07
4.158020580992466964e-01 2.242747120655811313e-07 3.480078837005589684e-08 2.590755004356370347e-07
4.152764610078315544e-01 2.150399142709597031e-07 3.825491504951338055e-08 2.532948293204730704e-07
4.147755995251640737e-01 2.073607245367998556e-07 4.215708689916804934e-08 2.495178114359678850e-07
4.142995164130913177e-01 2.006394798027018812e-07 4.616576199653256624e-08 2.468052417992344209e-07
4.138482523179675132e-01 1.940335623616756056e-07 4.973454061026795586e-08 2.437681029719435350e-07
4.134218457671837710e-01 1.865469689229097608e-07 5.220286913275297467e-08 2.387498380556627553e-07
4.130203331658786614e-01 1.772007900333270198e-07 5.295050270422860761e-08 2.301512927375556406e-07
4.126437487938303672e-01 1.652393915435801683e-07 5.156656662700551994e-08 2.168059581705856816e-07
4.122921248025295249e-01 1.503126814837142697e-07 4.797369311599461223e-08 1.982863745997088951e-07
4.119654912124347534e-01 1.325812202053038906e-07 4.246317315462346241e-08 1.750443933599273397e-07
4.116638759104090939e-01 1.127150078760187053e-07 3.563044101865987151e-08 1.483454488946785834e-07
4.113873046473395800e-01 9.178709887735714839e-08 2.823573082688191645e-08 1.200228297042390516e-07
4.111358010359384973e-01 7.108936576478738088e-08 2.103746050715149381e-08 9.212682627193887469e-08
4.109093865487272179e-01 5.191217579672320840e-08 1.464849291202326856e-08 6.656066870874647696e-08
4.107080805162034998e-01 3.533363873131180333e-08 9.450142488800101242e-09 4.478378122011190623e-08
4.105319001251904742e-01 2.205777410681617389e-08 5.574658144891391773e-09 2.763243225170756401e-08
4.103808604173697638e-01 1.232927316670186114e-08 2.944553530111138270e-09 1.527382669681299982e-08
4.102549742879971761e-01 5.936840990574880196e-09 1.344119446117266873e-09 7.280960436692146862e-09
4.101542524848014182e-01 2.300791780290665003e-09 4.968832443451740744e-10 2.797675024635838974e-09
4.100787036070669966e-01 6.251588323338605260e-10 1.299466536928630776e-10 7.551054860267236035e-10
4.100283341048996943e-01 8.336560978321487456e-11 1.686845141186060361e-11 1.002340611950754749e-10
4.100031482786760106e-01 1.044047729821299828e-12 2.083251176037540463e-13 1.252372847425053874e-12
