9.999998661350424367e-01 1.475106761015419010e-15 1.481816227473948633e-15 2.956922988489367840e-15
9.999987952239831612e-01 1.108462934557016395e-13 1.198898304598164697e-13 2.307361239155181219e-13
9.999966534477390256e-01 7.340958309555769041e-13 9.182421056774162674e-13 1.652337936632993172e-12
9.999934408980565292e-01 2.227118882457160109e-12 3.448493781083190570e-12 5.675612663540351083e-12
9.999891577125504805e-01 4.385676400437626093e-12 8.975315433744557974e-12 1.336099183418218407e-11
9.999838040746985568e-01 6.363000900080041804e-12 1.838906501513064283e-11 2.475206591521068382e-11
9.999773802138325340e-01 7.173141357051365997e-12 3.147217774319519305e-11 3.864531910024655743e-11
9.999698864051292935e-01 6.403538923830364373e-12 4.650212729682017348e-11 5.290566622065053866e-11
9.999613229695987204e-01 4.515625553530454586e-12 6.066827309110789618e-11 6.518389864463834592e-11
9.999516902740699376e-01 2.463689233708386977e-12 7.125469615854154243e-11 7.371838539224993506e-11
9.999409887311754286e-01 1.002784726260055774e-12 7.687557122576959671e-11 7.787835595202965187e-11
9.999292187993337189e-01 3.050014304141405353e-13 7.793129455131121883e-11 7.823629598172535750e-11
9.999163809827295024e-01 1.088810100800274715e-13 7.607200352446223667e-11 7.618088453454226649e-11
9.999024758312922145e-01 9.491630026723116101e-14 7.319518134034058739e-11 7.329009764060781282e-11
9.998875039406721621e-01 9.951726168117377685e-14 7.066993754676629035e-11 7.076945480844746595e-11
9.998714659522153214e-01 9.371071929338181564e-14 6.908837468902276990e-11 6.918208540831614660e-11
9.998543625529356937e-01 8.821381740950400469e-14 6.842442359735355420e-11 6.851263741476306245e-11
9.998361944754861064e-01 8.712872133128002943e-14 6.834801763951757920e-11 6.843514636084885782e-11
9.998169624981264603e-01 8.799151796836029464e-14 6.850511184394180529e-11 6.859310336191016220e-11
9.997966674446906454e-01 8.894105542834568149e-14 6.867044589047598070e-11 6.875938694590433168e-11
9.997753101845512358e-01 8.969991216686572998e-14 6.876622863343735404e-11 6.885592854560421903e-11
9.997528916325821857e-01 9.040422320526958631e-14 6.880349422875226019e-11 6.889389845195752354e-11
9.997294127491195281e-01 9.113617635394526301e-14 6.881640346729284831e-11 6.890753964364679168e-11
9.997048745399206293e-01 9.192048195209427221e-14 6.882759567236138957e-11 6.891951615431348815e-11
9.996792780561206682e-01 9.275824229345300186e-14 6.884375401475327074e-11 6.893651225704672372e-11
9.996526243941876722e-01 9.364386837786490691e-14 6.886364255160730831e-11 6.895728641998517236e-11
9.996249146958761100e-01 9.457383556660159677e-14 6.888502857939565489e-11 6.897960241496225659e-11
9.995961501481769318e-01 9.554794822497459549e-14 6.890694911758983823e-11 6.900249706581481401e-11
9.995663319832678306e-01 9.656748766834781452e-14 6.892934256888864168e-11 6.902591005655698548e-11
9.995354614784596192e-01 9.763385846744552081e-14 6.895234400445103393e-11 6.904997786291847560e-11
9.995035399561420508e-01 9.874827908043349119e-14 6.897601549917329214e-11 6.907476377825372278e-11
9.994705687837268648e-01 9.991189430651146314e-14 6.900035754480270994e-11 6.910026943910922176e-11
9.994365493735892780e-01 1.011258792575686243e-13 6.902535950523386208e-11 6.912648538449142818e-11
9.994014831830078105e-01 1.023914622205292419e-13 6.905101605375335150e-11 6.915340751597388600e-11
9.993653717141011139e-01 1.037099172951775289e-13 6.907732525521066366e-11 6.918103517250583828e-11
9.993282165137644668e-01 1.050825590089572241e-13 6.910428581150440027e-11 6.920936837051336008e-11
9.992900191736030502e-01 1.065107418615044849e-13 6.913189653563568143e-11 6.923840727749719088e-11
9.992507813298635577e-01 1.079958609865195293e-13 6.916015648260527708e-11 6.926815234359179140e-11
9.992105046633649179e-01 1.095393525051447419e-13 6.918906497193938940e-11 6.929860432444453899e-11
9.991691908994251303e-01 1.111426936994761439e-13 6.921862152246688804e-11 6.932976421616636057e-11
9.991268418077886571e-01 1.128074031807922987e-13 6.924882578420719056e-11 6.936163318738798306e-11
9.990834592025494842e-01 1.145350410753143178e-13 6.927967747983578274e-11 6.939421252091109120e-11
9.990390449420740726e-01 1.163272092252578926e-13 6.931117635123333259e-11 6.942750356045858853e-11
9.989936009289214214e-01 1.181855513957377390e-13 6.934332210958331858e-11 6.946150766097905962e-11
9.989471291097619110e-01 1.201117534797374280e-13 6.937611438910083867e-11 6.949622614258057767e-11
9.988996314752935923e-01 1.221075437087586220e-13 6.940955270562851128e-11 6.953166024933726510e-11
9.988511100601570325e-01 1.241746928734967981e-13 6.944363642055922544e-11 6.956781111343272010e-11
9.988015669428480514e-01 1.263150145474872018e-13 6.947836470944171568e-11 6.960467972398920152e-11
9.987510042456291259e-01 1.285303653120396864e-13 6.951373653541433824e-11 6.964226690072637252e-11
9.986994241344377965e-01 1.308226449892522451e-13 6.954975062786745606e-11 6.968057327285670485e-11
9.986468288187942965e-01 1.331937968799399168e-13 6.958640546578163022e-11 6.971959926266157516e-11
9.985932205517069615e-01 1.356458080054023517e-13 6.962369926529522450e-11 6.975934507330062609e-11
9.985386016295755285e-01 1.381807093536320208e-13 6.966162997157536552e-11 6.979981068092899356e-11
9.984829743920928813e-01 1.408005761309460263e-13 6.970019525440768712e-11 6.984099583053863032e-11
9.984263412221445755e-01 1.435075280190157404e-13 6.973939250695076435e-11 6.988290003496978643e-11
9.983687045457072529e-01 1.463037294364821627e-13 6.977921884751743404e-11 6.992552257695391266e-11
9.983100668317443915e-01 1.491913898035584461e-13 6.981967112382420249e-11 6.996886251362776609e-11
9.982504305921002796e-01 1.521727638137459811e-13 6.986074591900336227e-11 7.001291868281711342e-11
9.981897983813931008e-01 1.552501517093723513e-13 6.990243955928338996e-11 7.005768971099276098e-11
9.981281727969049111e-01 1.584258995610786188e-13 6.994474812328963580e-11 7.010317402285071493e-11
9.980655564784706169e-01 1.617023995537016068e-13 6.998766745197644926e-11 7.014936985153014955e-11
9.980019521083648426e-01 1.650820902751195490e-13 7.003119315879043706e-11 7.019627524906555807e-11
9.979373624111872454e-01 1.685674570120301463e-13 7.007532064049130390e-11 7.024388809750333627e-11
9.978717901537454971e-01 1.721610320488279015e-13 7.012004508815657287e-11 7.029220612020539946e-11
9.978052381449367125e-01 1.758653949721463834e-13 7.016536149754489187e-11 7.034122689251703356e-11
9.977377092356275456e-01 1.796831729808789464e-13 7.021126467901519581e-11 7.039094785199606905e-11
9.976692063185316206e-01 1.836170412008220756e-13 7.025774926735840733e-11 7.044136630855923347e-11
9.975997323280860751e-01 1.876697230025563917e-13 7.030480973083660805e-11 7.049247945383916679e-11
9.975292902403253281e-01 1.918439903273667436e-13 7.035244037916547364e-11 7.054428436949284321e-11
9.974578830727539591e-01 1.961426640152646835e-13 7.040063537104707163e-11 7.059677803506233316e-11
9.973855138842173673e-01 2.005686141395420041e-13 7.044938872117869198e-11 7.064995733531822841e-11
9.973121857747708763e-01 2.051247603449672983e-13 7.049869430620090901e-11 7.070381906654587870e-11
9.972379018855463961e-01 2.098140721932589468e-13 7.054854586976694482e-11 7.075835994196020651e-11
9.971626653986186417e-01 2.146395695107422783e-13 7.059893702716724226e-11 7.081357659667798017e-11
9.970864795368683531e-01 2.196043227439119745e-13 7.064986126926999828e-11 7.086946559201390563e-11
9.970093475638441838e-01 2.247114533177610167e-13 7.070131196562221230e-11 7.092602341893997334e-11
9.969312727836231458e-01 2.299641340001942107e-13 7.075328236703152375e-11 7.098324650103172049e-11
9.968522585406689451e-01 2.353655892715050886e-13 7.080576560775117085e-11 7.104113119702268104e-11
9.967723082196888740e-01 2.409190956992353405e-13 7.085875470720281397e-11 7.109967380290205118e-11
9.966914252454885936e-01 2.466279823171943840e-13 7.091224257122130026e-11 7.115887055353849651e-11
9.966096130828254740e-01 2.524956310101309377e-13 7.096622199290852088e-11 7.121871762391864828e-11
9.965268752362601568e-01 2.585254769037115220e-13 7.102068565327942608e-11 7.127921113018313412e-11
9.964432152500067863e-01 2.647210087607934888e-13 7.107562612168480503e-11 7.134034713044560321e-11
9.963586367077806871e-01 2.710857693809643644e-13 7.113103585583038843e-11 7.140212162521135719e-11
9.962731432326450420e-01 2.776233560068736256e-13 7.118690720161141250e-11 7.146453055761829239e-11
9.961867384868559050e-01 2.843374207353735743e-13 7.124323239303872839e-11 7.152756981377410515e-11
9.960994261717048825e-01 2.912316709341818337e-13 7.130000355202859497e-11 7.159123522296277680e-11
9.960112100273609270e-01 2.983098696631517020e-13 7.135721268787833675e-11 7.165552255754148628e-11
9.959220938327102424e-01 3.055758361024573189e-13 7.141485169675687821e-11 7.172042753285933962e-11
9.958320814051938585e-01 3.130334459851904460e-13 7.147291236134851328e-11 7.178594580733370322e-11
9.957411766006446507e-01 3.206866320353259943e-13 7.153138635029263263e-11 7.185207298232796206e-11
9.956493833131218052e-01 3.285393844110655388e-13 7.159026521740846160e-11 7.191880460181952300e-11
9.955567054747443967e-01 3.365957511537208322e-13 7.164954040104899335e-11 7.198613615220271317e-11
9.954631470555224126e-01 3.448598386426053847e-13 7.170920322360416349e-11 7.205406306224677468e-11
9.953687120631872220e-01 3.533358120553765297e-13 7.176924489087539818e-11 7.212258070293077748e-11
9.952734045430196019e-01 3.620278958347421963e-13 7.182965649132698978e-11 7.219168438716173172e-11
9.951772285776764315e-01 3.709403741600497333e-13 7.189042899549909591e-11 7.226136936965914433e-11
9.950801882870161652e-01 3.800775914248280203e-13 7.195155325555757225e-11 7.233163084698240648e-11
9.949822878279216409e-01 3.894439527196945907e-13 7.201302000464065494e-11 7.240246395736035559e-11
9.948835313941227776e-01 3.990439243216094372e-13 7.207481985602323676e-11 7.247386378034484175e-11
9.947839232160164968e-01 4.088820341906926420e-13 7.213694330250507657e-11 7.254582533669577547e-11
9.946834675604856457e-01 4.189628724710353361e-13 7.219938071600001370e-11 7.261834358847104480e-11
9.945821687307162540e-01 4.292910919991454672e-13 7.226212234692125639e-11 7.269141343892040352e-11
9.944800310660129039e-01 4.398714088172848099e-13 7.232515832339026110e-11 7.276502973220755146e-11
9.943770589416133232e-01 4.507086026930622850e-13 7.238847865071691414e-11 7.283918725340997935e-11
9.942732567685004241e-01 4.618075176453420041e-13 7.245207321107830121e-11 7.291388072872364432e-11
9.941686289932140097e-01 4.731730624788265624e-13 7.251593176288471227e-11 7.298910482536354025e-11
9.940631800976597043e-01 4.848102113221486801e-13 7.258004393996224490e-11 7.306485415128439499e-11
9.939569145989172183e-01 4.967240041740590048e-13 7.264439925107137226e-11 7.314112325524543612e-11
9.938498370490467249e-01 5.089195474572310038e-13 7.270898707958294681e-11 7.321790662704017903e-11
9.937419520348942381e-01 5.214020145763112156e-13 7.277379668277693206e-11 7.329519869735324721e-11
9.936332641778946595e-01 5.341766464840076530e-13 7.283881719106990636e-11 7.337299383755391310e-11
9.935237781338739360e-01 5.472487522544535985e-13 7.290403760773009920e-11 7.345128635998455149e-11
9.934134985928499972e-01 5.606237096640541946e-13 7.296944680864951587e-11 7.353007051831357420e-11
9.933024302788311388e-01 5.743069657798022964e-13 7.303503354159204318e-11 7.360934050737184224e-11
9.931905779496144060e-01 5.883040375529588813e-13 7.310078642544229194e-11 7.368909046299525587e-11
9.930779463965812015e-01 6.026205124226109569e-13 7.316669394993897339e-11 7.376931446236158516e-11
9.929645404444924495e-01 6.172620489258854861e-13 7.323274447528817933e-11 7.385000652421406723e-11
9.928503649512816498e-01 6.322343773172296834e-13 7.329892623140123856e-11 7.393116060871847208e-11
9.927354248078470444e-01 6.475433001927785938e-13 7.336522731737980991e-11 7.401277061757258760e-11
9.926197249378417853e-01 6.631946931254135170e-13 7.343163570132705241e-11 7.409483039445247068e-11
9.925032702974631027e-01 6.791945053052705127e-13 7.349813921996736776e-11 7.417733372527263423e-11
9.923860658752402530e-01 6.955487601908572557e-13 7.356472557806290196e-11 7.426027433825375972e-11
9.922681166918206896e-01 7.122635561694294271e-13 7.363138234789659620e-11 7.434364590406603199e-11
9.921494277997547906e-01 7.293450672240154470e-13 7.369809696884313864e-11 7.442744203606714762e-11
9.920300042832796983e-01 7.467995436113030035e-13 7.376485674698441586e-11 7.451165629059571846e-11
9.919098512581013827e-01 7.646333125474540735e-13 7.383164885467811237e-11 7.459628216722556502e-11
9.917889738711754832e-01 7.828527789016410380e-13 7.389846033007755804e-11 7.468131310897919373e-11
9.916673773004869297e-01 8.014644258986798647e-13 7.396527807686451008e-11 7.476674250276319116e-11
9.915450667548282304e-01 8.204748158342458875e-13 7.403208886408186861e-11 7.485256367991611490e-11
9.914220474735759847e-01 8.398905908009221982e-13 7.409887932560800342e-11 7.493876991640892975e-11
9.912983247264668396e-01 8.597184734240329436e-13 7.416563595958148860e-11 7.502535443300551952e-11
9.911739038133714486e-01 8.799652676057287376e-13 7.423234512820586211e-11 7.511231039581158600e-11
9.910487900640675418e-01 9.006378592799693105e-13 7.429899305749829208e-11 7.519963091677825977e-11
9.909229888380118867e-01 9.217432171775580378e-13 7.436556583678221783e-11 7.528730905395977991e-11
9.907965055241102492e-01 9.432883936037320051e-13 7.443204941844263370e-11 7.537533781204636631e-11
9.906693455404866899e-01 9.652805252283957578e-13 7.449842961783750309e-11 7.546371014306590148e-11
9.905415143342519713e-01 9.877268338874541359e-13 7.456469211289219450e-11 7.555241894677964601e-11
9.904130173812691895e-01 1.010634627397615469e-12 7.463082244372693997e-11 7.564145707112456049e-11
9.902838601859204060e-01 1.034011300382123008e-12 7.469680601258373304e-11 7.573081731296585887e-11
9.901540482808698362e-01 1.057864335106181290e-12 7.476262808355733992e-11 7.582049241866352384e-11
9.900235872268275950e-01 1.082201302324233650e-12 7.482827378218210992e-11 7.591047508450634397e-11
9.898924826123107756e-01 1.107029862145714364e-12 7.489372809534623291e-11 7.600075795749194505e-11
9.897607400534049749e-01 1.132357764915695105e-12 7.495897587120902134e-11 7.609133363612472210e-11
9.896283651935229297e-01 1.158192852109495511e-12 7.502400181882122139e-11 7.618219467093072053e-11
9.894953637031628224e-01 1.184543057240488670e-12 7.508879050794462293e-11 7.627333356518511564e-11
9.893617412796660293e-01 1.211416406782179498e-12 7.515332636915341508e-11 7.636474277593559014e-11
9.892275036469724281e-01 1.238821021101133612e-12 7.521759369367309270e-11 7.645641471477422288e-11
9.890926565553753713e-01 1.266765115406781001e-12 7.528157663307093581e-11 7.654834174847771378e-11
9.889572057812755501e-01 1.295257000719708890e-12 7.534525919923274508e-11 7.664051619995245054e-11
9.888211571269331923e-01 1.324305084861725238e-12 7.540862526434097330e-11 7.673293034920269773e-11
9.886845164202199276e-01 1.353917873463770845e-12 7.547165856067643461e-11 7.682557643414019980e-11
9.885472895143687655e-01 1.384103970988332358e-12 7.553434268060822332e-11 7.691844665159655972e-11
9.884094822877237396e-01 1.414872081765552634e-12 7.559666107669598695e-11 7.701153315846154282e-11
9.882711006434877765e-01 1.446231011048198835e-12 7.565859706159580866e-11 7.710482807264400224e-11
9.881321505094697866e-01 1.478189666084424406e-12 7.572013380804739881e-11 7.719832347413182039e-11
9.879926378378312002e-01 1.510757057214532008e-12 7.578125434898970644e-11 7.729201140620423259e-11
9.878525686048305054e-01 1.543942298990570352e-12 7.584194157746143783e-11 7.738588387645201222e-11
9.877119488105674527e-01 1.577754611317989251e-12 7.590217824659434859e-11 7.747993285791233663e-11
9.875707844787260381e-01 1.612203320621102775e-12 7.596194696996586819e-11 7.757415029058697379e-11
9.874290816563163764e-01 1.647297861024788846e-12 7.602123022166778178e-11 7.766852808269256578e-11
9.872868464134156863e-01 1.683047775559653227e-12 7.608001033611948126e-11 7.776305811167913368e-11
9.871440848429084980e-01 1.719462717388519257e-12 7.613826950838799368e-11 7.785773222577651758e-11
9.870008030602253069e-01 1.756552451061144108e-12 7.619598979455890713e-11 7.795254224562004498e-11
9.868570072030806717e-01 1.794326853792610677e-12 7.625315311157641473e-11 7.804747996536902117e-11
9.867127034312107581e-01 1.832795916770753787e-12 7.630974123741024994e-11 7.814253715418099767e-11
9.865678979261087722e-01 1.871969746495565735e-12 7.636573581167209127e-11 7.823770555816765377e-11
9.864225968907605058e-01 1.911858566142697705e-12 7.642111833569132684e-11 7.833297690183402616e-11
9.862768065493787706e-01 1.952472716948819683e-12 7.647587017245526473e-11 7.842834288940407876e-11
9.861305331471367230e-01 1.993822659628605680e-12 7.652997254719776246e-11 7.852379520682637016e-11
9.859837829498998563e-01 2.035918975828252036e-12 7.658340654779830284e-11 7.861932552362655044e-11
9.858365622439582143e-01 2.078772369610474623e-12 7.663615312474912652e-11 7.871492549435960599e-11
9.856888773357570521e-01 2.122393668968282083e-12 7.668819309164201480e-11 7.881058676061029244e-11
9.855407345516260520e-01 2.166793827376410419e-12 7.673950712578680102e-11 7.890630095316321709e-11
9.853921402375092065e-01 2.211983925381673853e-12 7.679007576831223493e-11 7.900205969369390635e-11
9.852431007586923695e-01 2.257975172221850177e-12 7.683987942448722598e-11 7.909785459670907414e-11
9.850936224995306967e-01 2.304778907478690139e-12 7.688889836440932908e-11 7.919367727188802123e-11
9.849437118631753085e-01 2.352406602774350977e-12 7.693711272336962164e-11 7.928951932614396938e-11
9.847933752712988431e-01 2.400869863513417388e-12 7.698450250219316601e-11 7.938537236570657895e-11
9.846426191638207870e-01 2.450180430658128859e-12 7.703104756791033113e-11 7.948122799856846484e-11
9.844914499986308076e-01 2.500350182548930690e-12 7.707672765419782199e-11 7.957707783674674703e-11
9.843398742513128630e-01 2.551391136776160768e-12 7.712152236178984009e-11 7.967291349856600449e-11
9.841878984148675347e-01 2.603315452092161566e-12 7.716541115921230960e-11 7.976872661130446470e-11
9.840355289994338062e-01 2.656135430366585664e-12 7.720837338332488750e-11 7.986450881369146872e-11
9.838827725320103967e-01 2.709863518587290724e-12 7.725038823974498410e-11 7.996025175833227361e-11
9.837296355561757633e-01 2.764512310924143408e-12 7.729143480362863446e-11 8.005594711455277827e-11
9.835761246318084350e-01 2.820094550845098841e-12 7.733149202042815706e-11 8.015158657127325227e-11
9.834222463348054610e-01 2.876623133278626429e-12 7.737053870631042284e-11 8.024716183958904886e-11
9.832680072568009688e-01 2.934111106830748178e-12 7.740855354882092614e-11 8.034266465565167512e-11
9.831134140048835013e-01 2.992571676066139478e-12 7.744551510781159701e-11 8.043808678387773568e-11
9.829584732013136872e-01 3.052018203850855256e-12 7.748140181611357047e-11 8.053342001996441966e-11
9.828031914832398019e-01 3.112464213746557806e-12 7.751619198012585473e-11 8.062865619387241738e-11
9.826475755024137726e-01 3.173923392471014398e-12 7.754986378058472552e-11 8.072378717305573750e-11
9.824916319249064056e-01 3.236409592439289413e-12 7.758239527349928029e-11 8.081880486593856688e-11
9.823353674308213934e-01 3.299936834369351163e-12 7.761376439097428901e-11 8.091370122534363694e-11
9.821787887140096540e-01 3.364519309951591326e-12 7.764394894186567021e-11 8.100846825181725709e-11
9.820219024817823383e-01 3.430171384590540938e-12 7.767292661261418563e-11 8.110309799720472536e-11
9.818647154546232825e-01 3.496907600236265601e-12 7.770067496829091899e-11 8.119758256852718176e-11
9.817072343659017930e-01 3.564742678284611776e-12 7.772717145345118484e-11 8.129191413173579338e-11
9.815494659615834339e-01 3.633691522558803120e-12 7.775239339280935286e-11 8.138608491536815113e-11
9.813914169999415904e-01 3.703769222382510177e-12 7.777631799228520550e-11 8.148008721466771971e-11
9.812330942512678122e-01 3.774991055742984992e-12 7.779892234012408266e-11 8.157391339586706927e-11
9.810745044975816009e-01 3.847372492545303142e-12 7.782018340766310949e-11 8.166755590020841264e-11
9.809156545323401977e-01 3.920929197946570454e-12 7.784007805018868537e-11 8.176100724813525260e-11
9.807565511601475938e-01 3.995677035800953352e-12 7.785858300810582004e-11 8.185426004390677016e-11
9.805972011964624313e-01 4.071632072216298612e-12 7.787567490795338149e-11 8.194730698016967767e-11
9.804376114673070131e-01 4.148810579209981669e-12 7.789133026328769285e-11 8.204014084249766967e-11
9.802777888089740932e-01 4.227229038468717963e-12 7.790552547576115011e-11 8.213275451422987373e-11
9.801177400677344442e-01 4.306904145218848125e-12 7.791823683622449193e-11 8.222514098144334329e-11
9.799574720995435362e-01 4.387852812230692668e-12 7.792944052574595080e-11 8.231729333797664185e-11
9.797969917697475495e-01 4.470092173937215118e-12 7.793911261662745736e-11 8.240920479056467006e-11
9.796363059527897210e-01 4.553639590667582472e-12 7.794722907358262312e-11 8.250086866425021044e-11
9.794754215319158019e-01 4.638512653031080275e-12 7.795376575474930002e-11 8.259227840778037625e-11
9.793143453988787384e-01 4.724729186443869828e-12 7.795869841275884059e-11 8.268342759920270799e-11
9.791530844536441291e-01 4.812307255783308930e-12 7.796200269598718282e-11 8.277430995177049336e-11
9.789916456040940185e-01 4.901265170184378048e-12 7.796365414962765167e-11 8.286491931981202730e-11
9.788300357657314654e-01 4.991621488005212414e-12 7.796362821675921118e-11 8.295524970476442925e-11
9.786682618613840035e-01 5.083395021959126836e-12 7.796190023936347007e-11 8.304529526132259368e-11
9.785063308209074329e-01 5.176604844383420162e-12 7.795844545974539030e-11 8.313505030412880643e-11
9.783442495808883921e-01 5.271270292697007948e-12 7.795323902162565664e-11 8.322450931432267105e-11
9.781820250843478171e-01 5.367410975056210118e-12 7.794625597107367172e-11 8.331366694612988669e-11
9.780196642804432905e-01 5.465046776169493819e-12 7.793747125777740761e-11 8.340251803394690789e-11
9.778571741241711690e-01 5.564197863307719288e-12 7.792685973616232260e-11 8.349105759947003946e-11
9.776945615760689323e-01 5.664884692530131218e-12 7.791439616673740383e-11 8.357928085926753828e-11
9.775318336019170884e-01 5.767128015127320251e-12 7.790005521698129745e-11 8.366718323210861447e-11
9.773689971724403014e-01 5.870948884240952314e-12 7.788381146256771203e-11 8.375476034680865789e-11
9.772060592630091858e-01 5.976368661743298916e-12 7.786563938852270891e-11 8.384200805026600864e-11
9.770430268533416562e-01 6.083409025370531747e-12 7.784551339031788598e-11 8.392892241568842338e-11
9.768799069272035007e-01 6.192091976061706564e-12 7.782340777518524586e-11 8.401549975124694839e-11
9.767167064721092862e-01 6.302439845558754065e-12 7.779929676283946682e-11 8.410173660839822250e-11
9.765534324790235976e-01 6.414475304302159561e-12 7.777315448692611500e-11 8.418762979122827052e-11
9.763900919420606117e-01 6.528221369595763912e-12 7.774495499599210828e-11 8.427317636558787300e-11
9.762266918581854469e-01 6.643701414013824998e-12 7.771467225449644049e-11 8.435837366851026307e-11
9.760632392269138480e-01 6.760939174143847463e-12 7.768228014395673128e-11 8.444321931810057471e-11
9.758997410500124259e-01 6.879958759689484830e-12 7.764775246390857470e-11 8.452771122359805549e-11
9.757362043311990085e-01 7.000784662835727336e-12 7.761106293304187855e-11 8.461184759587760266e-11
9.755726360758424365e-01 7.123441767944960402e-12 7.757218518976052964e-11 8.469562695770548439e-11
9.754090432906621366e-01 7.247955361674128311e-12 7.753109279372460739e-11 8.477904815539873489e-11
9.752454329834286950e-01 7.374351143444025598e-12 7.748775922666294661e-11 8.486211037010696737e-11
9.750818121626630974e-01 7.502655236237925887e-12 7.744215789280068652e-11 8.494481312903861079e-11
9.749181878373368582e-01 7.632894197832354428e-12 7.739426211996696893e-11 8.502715631779932982e-11
9.747545670165712606e-01 7.765095032503953970e-12 7.734404516061748862e-11 8.510914019312144259e-11
9.745909567093378190e-01 7.899285203134527437e-12 7.729148019263068050e-11 8.519076539576521117e-11
9.744273639241575191e-01 8.035492643736631658e-12 7.723654031947574069e-11 8.527203296321236750e-11
9.742637956688009471e-01 8.173745772523375168e-12 7.717919857138949772e-11 8.535294434391287774e-11
9.741002589499875297e-01 8.314073505489465324e-12 7.711942790609700319e-11 8.543350141158646851e-11
9.739367607730861076e-01 8.456505270458890296e-12 7.705720120890648948e-11 8.551370647936538624e-11
9.737733081418145087e-01 8.601071021679782657e-12 7.699249129345319904e-11 8.559356231513297524e-11
9.736099080579393439e-01 8.747801255047264913e-12 7.692527090238342395e-11 8.567307215743068402e-11
9.734465675209763580e-01 8.896727023930655495e-12 7.685551270748716502e-11 8.575223973141781728e-11
9.732832935278906694e-01 9.047879955559577414e-12 7.678318930962976013e-11 8.583106926518934077e-11
9.731200930727964549e-01 9.201292268115792548e-12 7.670827323955446916e-11 8.590956550767026656e-11
9.729569731466582994e-01 9.356996788561228275e-12 7.663073695816958322e-11 8.598773374673081796e-11
9.727939407369907698e-01 9.515026971123698332e-12 7.655055285593099892e-11 8.606557982705469402e-11
9.726310028275596542e-01 9.675416916524044070e-12 7.646769325281190996e-11 8.614311016933595403e-11
9.724681663980828672e-01 9.838201392054798368e-12 7.638213039877391237e-11 8.622033179082871720e-11
9.723054384239310233e-01 1.000341585249963826e-11 7.629383647333693516e-11 8.629725232583656857e-11
9.721428258758287866e-01 1.017109646187013400e-11 7.620278358478142468e-11 8.637388004665156352e-11
9.719803357195566651e-01 1.034128011608257437e-11 7.610894376982804472e-11 8.645022388591061909e-11
9.718179749156521385e-01 1.051400446665257146e-11 7.601228899326810777e-11 8.652629345992067600e-11
9.716557504191115635e-01 1.068930794537123002e-11 7.591279114711046744e-11 8.660209909248169422e-11
9.714936691790925227e-01 1.086722979001011936e-11 7.581042204946929656e-11 8.667765183947941754e-11
9.713317381386159521e-01 1.104781007118488146e-11 7.570515344381722070e-11 8.675296351500210215e-11
9.711699642342684902e-01 1.123108972042415580e-11 7.559695699766286308e-11 8.682804671808701403e-11
9.710083543959059371e-01 1.141711055944002135e-11 7.548580430096069331e-11 8.690291486040070982e-11
9.708469155463558264e-01 1.160591533069302777e-11 7.537166686480072157e-11 8.697758219549375257e-11
9.706856546011212172e-01 1.179754772938395814e-11 7.525451611972994235e-11 8.705206384911389564e-11
9.705245784680841536e-01 1.199205243690436834e-11 7.513432341356649676e-11 8.712637585047086025e-11
9.703636940472102346e-01 1.218947515577272174e-11 7.501106000925386264e-11 8.720053516502658923e-11
9.702030082302524061e-01 1.238986264621068742e-11 7.488469708275810971e-11 8.727455972896880036e-11
9.700425279004564194e-01 1.259326276444100312e-11 7.475520572030969171e-11 8.734846848475069805e-11
9.698822599322655114e-01 1.279972450276970572e-11 7.462255691537328990e-11 8.742228141814299077e-11
9.697222111910258624e-01 1.300929803157860132e-11 7.448672156554041865e-11 8.749601959711901836e-11
9.695623885326929425e-01 1.322203474333051772e-11 7.434767046925386777e-11 8.756970521258438871e-11
9.694027988035375243e-01 1.343798729872154130e-11 7.420537432210864122e-11 8.764336162083018737e-11
9.692434488398523618e-01 1.365720967510099877e-11 7.405980371278993171e-11 8.771701338789092563e-11
9.690843454676597579e-01 1.387975721728051731e-11 7.391092911874937000e-11 8.779068633602988085e-11
9.689254955024183547e-01 1.410568669087299248e-11 7.375872090135371407e-11 8.786440759222670494e-11
9.687669057487321433e-01 1.433505633832651379e-11 7.360314930069467849e-11 8.793820563902119229e-11
9.686085830000583652e-01 1.456792593782118820e-11 7.344418443050284640e-11 8.801211036832404106e-11
9.684505340384165217e-01 1.480435686519642537e-11 7.328179627232824710e-11 8.808615313752466924e-11
9.682927656340981626e-01 1.504441215911322303e-11 7.311595466866950957e-11 8.816036682778273583e-11
9.681352845453766731e-01 1.528815658968182196e-11 7.294662931637134557e-11 8.823478590605316753e-11
9.679780975182176173e-01 1.553565673071376441e-11 7.277378975965895217e-11 8.830944649037271981e-11
9.678212112859903016e-01 1.578698103588441331e-11 7.259740538209660128e-11 8.838438641798101459e-11
9.676646325691785622e-01 1.604219991908162248e-11 7.241744539807300435e-11 8.845964531715462359e-11
9.675083680750935500e-01 1.630138583917978440e-11 7.223387884394920019e-11 8.853526468312898782e-11
9.673524244975861830e-01 1.656461338956271539e-11 7.204667456850208575e-11 8.861128795806479791e-11
9.671968085167601537e-01 1.683195939275509515e-11 7.185580122266670437e-11 8.868776061542179952e-11
9.670415267986862684e-01 1.710350300047987511e-11 7.166122724849776611e-11 8.876473024897764445e-11
9.668865859951164543e-01 1.737932579953253715e-11 7.146292086731490878e-11 8.884224666684744916e-11
9.667319927431989868e-01 1.765951192393142689e-11 7.126085006730132187e-11 8.892036199123274229e-11
9.665777536651944946e-01 1.794414817380689798e-11 7.105498259013972609e-11 8.899913076394662730e-11
9.664238753681915206e-01 1.823332414153533404e-11 7.084528591654506203e-11 8.907861005808039930e-11
9.662703644438241923e-01 1.852713234567360970e-11 7.063172725088097281e-11 8.915885959655457928e-11
9.661172274679895589e-01 1.882566837331582066e-11 7.041427350488029515e-11 8.923994187819611581e-11
9.659644710005661494e-01 1.912903103153805325e-11 7.019289128026047584e-11 8.932192231179852585e-11
9.658121015851324209e-01 1.943732250870859147e-11 6.996754684984365244e-11 8.940486935855225037e-11
9.656601257486870926e-01 1.975064854642915907e-11 6.973820613751622550e-11 8.948885468394538780e-11
9.655085500013691480e-01 2.006911862304022740e-11 6.950483469710464318e-11 8.957395332014487059e-11
9.653573808361791686e-01 2.039284614978009606e-11 6.926739768940223041e-11 8.966024383918232648e-11
9.652066247287011125e-01 2.072194868071722219e-11 6.902585985752101612e-11 8.974780853823823185e-11
9.650562881368246471e-01 2.105654813765204706e-11 6.878018550062014090e-11 8.983673363827218473e-11
9.649063775004692589e-01 2.139677105140451443e-11 6.853033844599626620e-11 8.992710949740078709e-11
9.647568992413075861e-01 2.174274882114331255e-11 6.827628201908912639e-11 9.001903084023243571e-11
9.646078597624907491e-01 2.209461799355195090e-11 6.801797901088552032e-11 9.011259700443746799e-11
9.644592654483739036e-01 2.245252056380213542e-11 6.775539164321677110e-11 9.020791220701890652e-11
9.643111226642429035e-01 2.281660430055281473e-11 6.748848153163984915e-11 9.030508583219266388e-11
9.641634377560417413e-01 2.318702309757443508e-11 6.721720964533818930e-11 9.040423274291262762e-11
9.640162170501000993e-01 2.356393735499225830e-11 6.694153626364574995e-11 9.050547361863801148e-11
9.638694668528632326e-01 2.394751439334884277e-11 6.666142092933633062e-11 9.060893532268517016e-11
9.637231934506211850e-01 2.433792890407807155e-11 6.637682239871047274e-11 9.071475130278854430e-11
9.635774031092394498e-01 2.473536344058127615e-11 6.608769858732609133e-11 9.082306202790736748e-11
9.634321020738911834e-01 2.514000895471017020e-11 6.579400651047974088e-11 9.093401546518991108e-11
9.632872965687891975e-01 2.555206538389200332e-11 6.549570221939247455e-11 9.104776760328447786e-11
9.631429927969192839e-01 2.597174229469424653e-11 6.519274073285541234e-11 9.116448302754965887e-11
9.629991969397746487e-01 2.639925958932868157e-11 6.488507596159931231e-11 9.128433555092799065e-11
9.628559151570914576e-01 2.683484828244483950e-11 6.457266062502470232e-11 9.140750890746953535e-11
9.627131535865842693e-01 2.727875135627303387e-11 6.425544616266002776e-11 9.153419751893305517e-11
9.625709183436835792e-01 2.773122470285003155e-11 6.393338263790425934e-11 9.166460734075428766e-11
9.624292155212739175e-01 2.819253816247965925e-11 6.360641862970277090e-11 9.179895679218243338e-11
9.622880511894325029e-01 2.866297666867674504e-11 6.327450111495721763e-11 9.193747778363396591e-11
9.621474313951694501e-01 2.914284151043286506e-11 6.293757534258631847e-11 9.208041685301918999e-11
9.620073621621687554e-01 2.963245172261477099e-11 6.259558469370831848e-11 9.222803641632308301e-11
9.618678494905301690e-01 3.013214561555402119e-11 6.224847052629893843e-11 9.238061614185295962e-11
9.617288993565121791e-01 3.064228245496018326e-11 6.189617200668718771e-11 9.253845446164737744e-11
9.615905177122762160e-01 3.116324430257445189e-11 6.153862592681303364e-11 9.270187022938747907e-11
9.614527104856311901e-01 3.169543802681037864e-11 6.117576650219638218e-11 9.287120452900676082e-11
9.613154835797800279e-01 3.223929749101805440e-11 6.080752514891731986e-11 9.304682263993537427e-11
9.611788428730667633e-01 3.279528592430996756e-11 6.043383024170464924e-11 9.322911616601461034e-11
9.610427942187244055e-01 3.336389847635181746e-11 6.005460685282385619e-11 9.341850532917568011e-11
9.609073434446245843e-01 3.394566495328142852e-11 5.966977646614737112e-11 9.361544141942879965e-11
9.607724963530275275e-01 3.454115272593098214e-11 5.927925666353206420e-11 9.382040938946303988e-11
9.606382587203339263e-01 3.515096979419999726e-11 5.888296079043220644e-11 9.403393058463219723e-11
9.605046362968371332e-01 3.577576798293592756e-11 5.848079759923477675e-11 9.425656558217070431e-11
9.603716348064770258e-01 3.641624623432005307e-11 5.807267086230210963e-11 9.448891709662215624e-11
9.602392599465949807e-01 3.707315394967972688e-11 5.765847896034947087e-11 9.473163291002919129e-11
9.601075173876891800e-01 3.774729432033888256e-11 5.723811445345693287e-11 9.498540877379580897e-11
9.599764127731723606e-01 3.843952757148388918e-11 5.681146363087180258e-11 9.525099120235569176e-11
9.598459517191301194e-01 3.915077402566524577e-11 5.637840604064011455e-11 9.552918006630536031e-11
9.597161398140795496e-01 3.988201687495126495e-11 5.593881401027363158e-11 9.582083088522489654e-11
9.595869826187307661e-01 4.063430453160341718e-11 5.549255216404762251e-11 9.612685669565103970e-11
9.594584856657479843e-01 4.140875240669668562e-11 5.503947694154195698e-11 9.644822934823863613e-11
9.593306544595132657e-01 4.220654394579831575e-11 5.457943612809733632e-11 9.678598007389565207e-11
9.592034944758897064e-01 4.302893073165203918e-11 5.411226841062687202e-11 9.714119914227890474e-11
9.590770111619880689e-01 4.387723144541896155e-11 5.363780297247646341e-11 9.751503441789542496e-11
9.589512099359324138e-01 4.475282946246606798e-11 5.315585914061623974e-11 9.790868860308230771e-11
9.588260961866285070e-01 4.565716884527664963e-11 5.266624610489212572e-11 9.832341495016876889e-11
9.587016752735331160e-01 4.659174848537251489e-11 5.216876273044233296e-11 9.876051121581485431e-11
9.585779525264239709e-01 4.755811414424442597e-11 5.166319748274286692e-11 9.922131162698729935e-11
9.584549332451717252e-01 4.855784814840126513e-11 5.114932848927464941e-11 9.970717663767592101e-11
9.583326226995130259e-01 4.959255650008267855e-11 5.062692376681437846e-11 1.002194802668970635e-10
9.582110261288244724e-01 5.066385318177841055e-11 5.009574163732744691e-11 1.007595948191058639e-10
9.580901487418985729e-01 5.177334146617047708e-11 4.955553135659004631e-11 1.013288728227605169e-10
9.579699957167202573e-01 5.292259208159937714e-11 4.900603399083440466e-11 1.019286260724337753e-10
9.578505722002451650e-01 5.411311812532158310e-11 4.844698356352613175e-11 1.025601016888477148e-10
9.577318833081792659e-01 5.534634667792988669e-11 4.787810849540681205e-11 1.032244551733367052e-10
9.576139341247597025e-01 5.662358714677409762e-11 4.729913336547985126e-11 1.039227205122539489e-10
9.574967297025368529e-01 5.794599644305435023e-11 4.670978100910547078e-11 1.046557774521598146e-10
9.573802750621581703e-01 5.931454118430104023e-11 4.610977497570674159e-11 1.054243161600077818e-10
9.572645751921529111e-01 6.072995721058888872e-11 4.549884235566608074e-11 1.062287995662549695e-10
9.571496350487183058e-01 6.219270680512035707e-11 4.487671697127382934e-11 1.070694237763941864e-10
9.570354595555075061e-01 6.370293411962679329e-11 4.424314294378530211e-11 1.079460770634120954e-10
9.569220536034187541e-01 6.526041940765565267e-11 4.359787863584129006e-11 1.088582980434969427e-10
9.568094220503855496e-01 6.686453276539321406e-11 4.294070092709427824e-11 1.098052336924874988e-10
9.566975697211688168e-01 6.851418818778360083e-11 4.227140980455276917e-11 1.107855979923363700e-10
9.565865014071499584e-01 7.020779884102317420e-11 4.158983325932063334e-11 1.117976321003438011e-10
9.564762218661260196e-01 7.194323451420576918e-11 4.089583241511257728e-11 1.128390669293183529e-10
9.563667358221052961e-01 7.371778227537919632e-11 4.018930683006292243e-11 1.139070891054421252e-10
9.562580479651057175e-01 7.552811140933681264e-11 3.947019993685924193e-11 1.149983113461960546e-10
9.561501629509532307e-01 7.737024372382255145e-11 3.873850452921183118e-11 1.161087482530343826e-10
9.560430854010827373e-01 7.923953029778095178e-11 3.799426821025115684e-11 1.172337985080321022e-10
9.559368199023402513e-01 8.113063571506291742e-11 3.723759873092480519e-11 1.183682344459877161e-10
9.558313710067859459e-01 8.303753075948951567e-11 3.646866910697963553e-11 1.195061998664691512e-10
9.557267432314995315e-01 8.495349445758014811e-11 3.568772242629239974e-11 1.206412168838725608e-10
9.556229410583866324e-01 8.687112623293639678e-11 3.489507626396087956e-11 1.217662024968972699e-10
9.555199689339870517e-01 8.878236877148416329e-11 3.409112656987755198e-11 1.228734953413617153e-10
9.554178312692837016e-01 9.067854203009108808e-11 3.327635094196264365e-11 1.239548929720537253e-10
9.553165324395143099e-01 9.255038863722039178e-11 3.245131122862014796e-11 1.250016998658405397e-10
9.552160767839834588e-01 9.438813070015719664e-11 3.161665533159779656e-11 1.260047860317549867e-10
9.551164686058771780e-01 9.618153779265971565e-11 3.077311812319221310e-11 1.269546559158519352e-10
9.550177121720783147e-01 9.792000568035615000e-11 2.992152145508827506e-11 1.278415271354444186e-10
9.549198117129837904e-01 9.959264510491516590e-11 2.906277318158403131e-11 1.286554182864992037e-10
9.548227714223235241e-01 1.011883796879779315e-10 2.819786513846609456e-11 1.293862448264440164e-10
9.547265954569803537e-01 1.026960517873401108e-10 2.732787008137092569e-11 1.300239218687110398e-10
9.546312879368127335e-01 1.041045349448452076e-10 2.645393756644386556e-11 1.305584725112890829e-10
9.545368529444775429e-01 1.054028513737946118e-10 2.557728878151955977e-11 1.309801401553141716e-10
9.544432945252555589e-01 1.065802927540463652e-10 2.469921037412969931e-11 1.312795031281760710e-10
9.543506166868781504e-01 1.076265424719212493e-10 2.382104730052750396e-11 1.314475897724487532e-10
9.542588233993553049e-01 1.085317973630150320e-10 2.294419477148936402e-11 1.314759921345043831e-10
9.541679185948060971e-01 1.092868869686549448e-10 2.207008940957458103e-11 1.313569763782295355e-10
9.540779061672897132e-01 1.098833882950531827e-10 2.120019968489908838e-11 1.310835879799522743e-10
9.539887899726390286e-01 1.103137340917912909e-10 2.033601573792172194e-11 1.306497498297130128e-10
9.539005738282951841e-01 1.105713127701813225e-10 1.947903875910920639e-11 1.300503515292905224e-10
9.538132615131440506e-01 1.106505582249133549e-10 1.863077004809064886e-11 1.292813282730040166e-10
9.537268567673549136e-01 1.105470279623006739e-10 1.779269987603668292e-11 1.283397278383373633e-10
9.536413632922192685e-01 1.102574681371237605e-10 1.696629632677915646e-11 1.272237644639029234e-10
9.535567847499931693e-01 1.097798643807431000e-10 1.615299426980239554e-11 1.259328586505455053e-10
9.534731247637397988e-01 1.091134775610292105e-10 1.535418460510516098e-11 1.244676621661343586e-10
9.533903869171744816e-01 1.082588638585963433e-10 1.457120392996286132e-11 1.228300677885592111e-10
9.533085747545113620e-01 1.072178788604327517e-10 1.380532475670467479e-11 1.210232036171374379e-10
9.532276917803110816e-01 1.059936656810699396e-10 1.305774641209580647e-11 1.190514120931657460e-10
9.531477414593310105e-01 1.045906273842729357e-10 1.232958674038668778e-11 1.169202141246596106e-10
9.530687272163768098e-01 1.030143842595165425e-10 1.162187468771026818e-11 1.146362589472268042e-10
9.529906524361557718e-01 1.012717167606077451e-10 1.093554384485906388e-11 1.122072606054668057e-10
9.529135204631316025e-01 9.937049512951025634e-11 1.027142702929164837e-11 1.096419221588019079e-10
9.528373346013813139e-01 9.731959695877464924e-11 9.630251943232353965e-12 1.069498489020070016e-10
9.527620981144535595e-01 9.512881410336385515e-11 9.012637921933678496e-12 1.041414520252975353e-10
9.526878142252290793e-01 9.280875044583779012e-11 8.419093788453043726e-12 1.012278442342908355e-10
9.526144861157825883e-01 9.037071216178723929e-11 7.850016816514745625e-12 9.822072897830199138e-11
9.525421169272459965e-01 8.782659221973908784e-11 7.305692777982072673e-12 9.513228499772116213e-11
9.524707097596746275e-01 8.518875082800502171e-11 6.786297032663884690e-12 9.197504786066890883e-11
9.524002676719138805e-01 8.246989354803668573e-11 6.291896619693690037e-12 8.876179016773037092e-11
9.523307936814683350e-01 7.968294880398115483e-11 5.822453304685199438e-12 8.550540210866634781e-11
9.522622907643724099e-01 7.684094644753445734e-11 5.377827511169509161e-12 8.221877395870396893e-11
9.521947618550632431e-01 7.395689893989897830e-11 4.957783062180800428e-12 7.891468200207978115e-11
9.521282098462544585e-01 7.104368660829576511e-11 4.561992662430089863e-12 7.560567927072585336e-11
9.520626375888127102e-01 6.811394832929949259e-11 4.190044033338657594e-12 7.230399236263815422e-11
9.519980478916351130e-01 6.517997888041537342e-11 3.841446611791338070e-12 6.902142549220671472e-11
9.519344435215293387e-01 6.225363402008554375e-11 3.515638726305060607e-12 6.576927274639060839e-11
9.518718272030950445e-01 5.934624417887516806e-11 3.211995147272791249e-12 6.255823932614795769e-11
9.518102016186068548e-01 5.646853754477634537e-11 2.929834912620760954e-12 5.939837245739710673e-11
9.517495694078996760e-01 5.363057317160448696e-11 2.668429340101078919e-12 5.629900251170556669e-11
9.516899331682555641e-01 5.084168451361859385e-11 2.427010122514460237e-12 5.326869463613305530e-11
9.516312954542927027e-01 4.811043364198704233e-11 2.204777402112284389e-12 5.031521104409932672e-11
9.515736587778553801e-01 4.544457630564694444e-11 2.000907738584847080e-12 4.744548404423178910e-11
9.515170256079071853e-01 4.285103782508142549e-11 1.814561887305892632e-12 4.466559971238731610e-11
9.514613983704244271e-01 4.033589959833220152e-11 1.644892300385081440e-12 4.198079189871728357e-11
9.514067794482929941e-01 3.790439588900579463e-11 1.491050274225367722e-12 3.939544616323116498e-11
9.513531711812056590e-01 3.556092049693646166e-11 1.352192688163708492e-12 3.691311318510016915e-11
9.513005758655621591e-01 3.330904273361162384e-11 1.227488286881970545e-12 3.453653102049359216e-11
9.512489957543708297e-01 3.115153195239277276e-11 1.116123459554745955e-12 3.226765541194751810e-11
9.511984330571519042e-01 2.909038985288938097e-11 1.017307490338550241e-12 3.010769734322793404e-11
9.511488899398429231e-01 2.712688972282178907e-11 9.302772763947923047e-13 2.805716699921657996e-11
9.511003685247063633e-01 2.526162162312702730e-11 8.543015044781876764e-13 2.611592312760521568e-11
9.510528708902380446e-01 2.349454245301525546e-11 7.886842794541567360e-13 2.428322673246941169e-11
9.510063990710785342e-01 2.182502989027170723e-11 7.327682393377051305e-13 2.255779812960941105e-11
9.509609550579258830e-01 2.025193926082194035e-11 6.859372766095064128e-13 2.093787653743144747e-11
9.509165407974504713e-01 1.877366246903546113e-11 6.476190993936199711e-13 1.942128156842908070e-11
9.508731581922112985e-01 1.738818819825327749e-11 6.172878733798284086e-13 1.800547607163310459e-11
9.508308091005747142e-01 1.609316232076649143e-11 5.944667960002378817e-13 1.668762911676672881e-11
9.507894953366350377e-01 1.488594652830733144e-11 5.787294995294508697e-13 1.546467602783678160e-11
9.507492186701363979e-01 1.376367209501429776e-11 5.696981889201566767e-13 1.433337028393445383e-11
9.507099808263969054e-01 1.272328596718266833e-11 5.670369765206559869e-13 1.329032294370332422e-11
9.506717834862354888e-01 1.176159006659005412e-11 5.704429444956452860e-13 1.233203301108570011e-11
9.506346282858988417e-01 1.087528251400980568e-11 5.796454372251114343e-13 1.145492795123491721e-11
9.505985168169921451e-01 1.006101841421901194e-11 5.944324432698146060e-13 1.065545085748882584e-11
9.505634506264106776e-01 9.315510387422190070e-12 6.147237557947046017e-13 9.930234143216895379e-12
9.505294312162732018e-01 8.635676120860988142e-12 6.406951273411416604e-13 9.276371248202129298e-12
9.504964600438579048e-01 8.018807917504390851e-12 6.729233022390308098e-13 8.691731219743421963e-12
9.504645385215403364e-01 7.462695732691658938e-12 7.124786879765122341e-13 8.175174420668171374e-12
9.504336680167321250e-01 6.965601802889953738e-12 7.608632135445618881e-13 7.726465016434515121e-12
9.504038498518230238e-01 6.525987731708519226e-12 8.197015713352549866e-13 7.345689303043774616e-12
9.503750853041238456e-01 6.141950080356860158e-12 8.901583000371284579e-13 7.032108380393988515e-12
9.503473756058122834e-01 5.810421457359935449e-12 9.721598201678296418e-13 6.782581277527764889e-12
9.503207219438792874e-01 5.526308311821826142e-12 1.063612351342881975e-12 6.589920663164708117e-12
9.502951254600793263e-01 5.281817156928061495e-12 1.159874124819852687e-12 6.441691281747913779e-12
9.502705872508804275e-01 5.066227508494432500e-12 1.253724438637813560e-12 6.319951947132245858e-12
9.502471083674177699e-01 4.866288712065841979e-12 1.335964386960990456e-12 6.202253099026832030e-12
9.502246898154487198e-01 4.667269689593122768e-12 1.396613198931651076e-12 6.063882888524774045e-12
9.502033325553093102e-01 4.454522257458002951e-12 1.426485612866600758e-12 5.881007870324603304e-12
9.501830375018734953e-01 4.215283613785249904e-12 1.418810055218353226e-12 5.634093669003603332e-12
9.501638055245138492e-01 3.940381112431192602e-12 1.370516689325192810e-12 5.310897801756385816e-12
9.501456374470642618e-01 3.625524289077911779e-12 1.282897810034876229e-12 4.908422099112788412e-12
9.501285340477846342e-01 3.271959387792189207e-12 1.161495821920768331e-12 4.433455209712957134e-12
9.501124960593277935e-01 2.886387678790458680e-12 1.015258574159776594e-12 3.901646252950235274e-12
9.500975241687077411e-01 2.480176081105435243e-12 8.551651227589488017e-13 3.335341203864383944e-12
9.500836190172704532e-01 2.067991959669477890e-12 6.926253489114453487e-13 2.760617308580923340e-12
9.500707812006662367e-01 1.666062166658822900e-12 5.379747740946086211e-13 2.204036940753431622e-12
9.500590112688245270e-01 1.290289662246914999e-12 3.993267723285043258e-13 1.689616434575419325e-12
9.500483097259300180e-01 9.544651278393821540e-13 2.819335436007579850e-13 1.236398671440140088e-12
9.500386770304012352e-01 6.687911730262141688e-13 1.880800242245687705e-13 8.568711972507828888e-13
9.500301135948706621e-01 4.388957476276118721e-13 1.174253310126426249e-13 5.563210786402544717e-13
9.500226197861674216e-01 2.654512196228569884e-13 6.763772055379393306e-14 3.330889401766509340e-13
9.500161959253013988e-01 1.444401915779397805e-13 3.514952308700737994e-14 1.795897146649471731e-13
9.500108422874494751e-01 6.802577785205104737e-14 1.588169383688279288e-14 8.390747168893383710e-14
9.500065591019434263e-01 2.590352798230344648e-14 5.837500892769505781e-15 3.174102887507295463e-14
9.500033465522609299e-01 6.946865113530999893e-15 1.522503203814898802e-15 8.469368317345898892e-15
9.500012047760167944e-01 9.183726088480803536e-16 1.974393765670844143e-16 1.115811985415164793e-15
9.500001338649575189e-01 1.145122640430904418e-17 2.437775464311308899e-18 1.388900186862035269e-17
