9.999998661350424367e-01 1.114857968469709315e-06
9.999987952239831612e-01 1.003367025273046030e-05
9.999966534477390256e-01 2.787099138702219464e-05
9.999934408980565292e-01 5.462480274683605586e-05
9.999891577125504805e-01 9.028362805131737656e-05
9.999838040746985568e-01 1.348062066489436267e-04
9.999773802138325340e-01 1.880864299644561708e-04
9.999698864051292935e-01 2.499097745063556244e-04
9.999613229695987204e-01 3.199158848844017443e-04
9.999516902740699376e-01 3.975847908689295160e-04
9.999409887311754286e-01 4.822578195103353936e-04
9.999292187993337189e-01 5.731900783508008966e-04
9.999163809827295024e-01 6.696165204173276609e-04
9.999024758312922145e-01 7.708069904629090289e-04
9.998875039406721621e-01 8.760919832529113398e-04
9.998714659522153214e-01 9.848566244631171661e-04
9.998543625529356937e-01 1.096515849897416496e-03
9.998361944754861064e-01 1.210489754816697350e-03
9.998169624981264603e-01 1.326192529551761291e-03
9.997966674446906454e-01 1.443037036611126553e-03
9.997753101845512358e-01 1.560448238123667789e-03
9.997528916325821857e-01 1.677876868330908933e-03
9.997294127491195281e-01 1.794808491761710079e-03
9.997048745399206293e-01 1.910767812749501228e-03
9.996792780561206682e-01 2.025320450052749133e-03
9.996526243941876722e-01 2.138074105691189098e-03
9.996249146958761100e-01 2.248679773319639617e-03
9.995961501481769318e-01 2.356832774985851645e-03
9.995663319832678306e-01 2.462273289964307839e-03
9.995354614784596192e-01 2.564786250297686979e-03
9.995035399561420508e-01 2.664200648152833303e-03
9.994705687837268648e-01 2.760388340902687060e-03
9.994365493735892780e-01 2.853262421508765464e-03
9.994014831830078105e-01 2.942775206658911243e-03
9.993653717141011139e-01 3.028915894204713393e-03
9.993282165137644668e-01 3.111707944701693190e-03
9.992900191736030502e-01 3.191206243080771474e-03
9.992507813298635577e-01 3.267494095554815056e-03
9.992105046633649179e-01 3.340680114952984583e-03
9.991691908994251303e-01 3.410895045226336724e-03
9.991268418077886571e-01 3.478288572920741617e-03
9.990834592025494842e-01 3.543026170012925080e-03
9.990390449420740726e-01 3.605286008741428235e-03
9.989936009289214214e-01 3.665255985022915306e-03
9.989471291097619110e-01 3.723130882794985393e-03
9.988996314752935923e-01 3.779109707227114225e-03
9.988511100601570325e-01 3.833393210242206934e-03
9.988015669428480514e-01 3.886181627237835726e-03
9.987510042456291259e-01 3.937672639334819161e-03
9.986994241344377965e-01 3.988059570958847437e-03
9.986468288187942965e-01 4.037529828130529200e-03
9.985932205517069615e-01 4.086263578556661481e-03
9.985386016295755285e-01 4.134432670543000850e-03
9.984829743920928813e-01 4.182199783952137741e-03
9.984263412221445755e-01 4.229717802975358105e-03
9.983687045457072529e-01 4.277129397438165018e-03
9.983100668317443915e-01 4.324566796772254251e-03
9.982504305921002796e-01 4.372151738707683900e-03
9.981897983813931008e-01 4.419995573199199390e-03
9.981281727969049111e-01 4.468199501113709511e-03
9.980655564784706169e-01 4.516854926767675457e-03
9.980019521083648426e-01 4.566043903490813946e-03
9.979373624111872454e-01 4.615839651963857954e-03
9.978717901537454971e-01 4.666307132077667993e-03
9.978052381449367125e-01 4.717503650420211241e-03
9.977377092356275456e-01 4.769479487141741088e-03
9.976692063185316206e-01 4.822278527796452531e-03
9.975997323280860751e-01 4.875938887731781114e-03
9.975292902403253281e-01 4.930493518618343785e-03
9.974578830727539591e-01 4.985970788716605206e-03
9.973855138842173673e-01 5.042395030401383531e-03
9.973121857747708763e-01 5.099787050263755554e-03
9.972379018855463961e-01 5.158164598745317020e-03
9.971626653986186417e-01 5.217542797706773393e-03
9.970864795368683531e-01 5.277934525576657467e-03
9.970093475638441838e-01 5.339350760762110078e-03
9.969312727836231458e-01 5.401800884836141861e-03
9.968522585406689451e-01 5.465292947654322268e-03
9.967723082196888740e-01 5.529833897014039927e-03
9.966914252454885936e-01 5.595429775770069565e-03
9.966096130828254740e-01 5.662085889483143251e-03
9.965268752362601568e-01 5.729806947725069044e-03
9.964432152500067863e-01 5.798597182116350598e-03
9.963586367077806871e-01 5.868460444050883559e-03
9.962731432326450420e-01 5.939400284886424408e-03
9.961867384868559050e-01 6.011420021166587538e-03
9.960994261717048825e-01 6.084522787203921167e-03
9.960112100273609270e-01 6.158711577106902070e-03
9.959220938327102424e-01 6.233989278087323678e-03
9.958320814051938585e-01 6.310358696644782078e-03
9.957411766006446507e-01 6.387822578998766931e-03
9.956493833131218052e-01 6.466383626928929804e-03
9.955567054747443967e-01 6.546044509994782511e-03
9.954631470555224126e-01 6.626807874937246969e-03
9.953687120631872220e-01 6.708676352915910260e-03
9.952734045430196019e-01 6.791652565107711079e-03
9.951772285776764315e-01 6.875739127084057323e-03
9.950801882870161652e-01 6.960938652292553153e-03
9.949822878279216409e-01 7.047253754893803568e-03
9.948835313941227776e-01 7.134687052142364878e-03
9.947839232160164968e-01 7.223241166452227038e-03
9.946834675604856457e-01 7.312918727248416718e-03
9.945821687307162540e-01 7.403722372675868198e-03
9.944800310660129039e-01 7.495654751213462128e-03
9.943770589416133232e-01 7.588718523224378260e-03
9.942732567685004241e-01 7.682916362461658481e-03
9.941686289932140097e-01 7.778250957539075382e-03
9.940631800976597043e-01 7.874725013371245905e-03
9.939569145989172183e-01 7.972341252583484486e-03
9.938498370490467249e-01 8.071102416889547326e-03
9.937419520348942381e-01 8.171011268433895497e-03
9.936332641778946595e-01 8.272070591094601508e-03
9.935237781338739360e-01 8.374283191743422949e-03
9.934134985928499972e-01 8.477651901460402095e-03
9.933024302788311388e-01 8.582179576700477847e-03
9.931905779496144060e-01 8.687869100410415199e-03
9.930779463965812015e-01 8.794723383095023536e-03
9.929645404444924495e-01 8.902745363832023640e-03
9.928503649512816498e-01 9.011938011235143611e-03
9.927354248078470444e-01 9.122304324366205253e-03
9.926197249378417853e-01 9.233847333597633780e-03
9.925032702974631027e-01 9.346570101426759578e-03
9.923860658752402530e-01 9.460475723243187002e-03
9.922681166918206896e-01 9.575567328051613758e-03
9.921494277997547906e-01 9.691848079151903217e-03
9.920300042832796983e-01 9.809321174778552060e-03
9.919098512581013827e-01 9.927989848701383388e-03
9.917889738711754832e-01 1.004785737078975859e-02
9.916673773004869297e-01 1.016892704754284414e-02
9.915450667548282304e-01 1.029120222258920851e-02
9.914220474735759847e-01 1.041468627715810488e-02
9.912983247264668396e-01 1.053938263052441558e-02
9.911739038133714486e-01 1.066529474042874313e-02
9.910487900640675418e-01 1.079242610347358293e-02
9.909229888380118867e-01 1.092078025549761237e-02
9.907965055241102492e-01 1.105036077193159369e-02
9.906693455404866899e-01 1.118117126813869891e-02
9.905415143342519713e-01 1.131321539973943399e-02
9.904130173812691895e-01 1.144649686292204156e-02
9.902838601859204060e-01 1.158101939474025927e-02
9.901540482808698362e-01 1.171678677340107742e-02
9.900235872268275950e-01 1.185380281854489515e-02
9.898924826123107756e-01 1.199207139152035605e-02
9.897607400534049749e-01 1.213159639565463896e-02
9.896283651935229297e-01 1.227238177651883942e-02
9.894953637031628224e-01 1.241443152218986608e-02
9.893617412796660293e-01 1.255774966351125635e-02
9.892275036469724281e-01 1.270234027435486988e-02
9.890926565553753713e-01 1.284820747188558480e-02
9.889572057812755501e-01 1.299535541682848849e-02
9.888211571269331923e-01 1.314378831373830790e-02
9.886845164202199276e-01 1.329351041127310555e-02
9.885472895143687655e-01 1.344452600247462298e-02
9.884094822877237396e-01 1.359683942505640793e-02
9.882711006434877765e-01 1.375045506170066711e-02
9.881321505094697866e-01 1.390537734036461151e-02
9.879926378378312002e-01 1.406161073459617598e-02
9.878525686048305054e-01 1.421915976386072845e-02
9.877119488105674527e-01 1.437802899388254327e-02
9.875707844787260381e-01 1.453822303700292619e-02
9.874290816563163764e-01 1.469974655255414792e-02
9.872868464134156863e-01 1.486260424724689631e-02
9.871440848429084980e-01 1.502680087557013364e-02
9.870008030602253069e-01 1.519234124020607361e-02
9.868570072030806717e-01 1.535923019246500203e-02
9.867127034312107581e-01 1.552747263274315698e-02
9.865678979261087722e-01 1.569707351100301657e-02
9.864225968907605058e-01 1.586803782727436163e-02
9.862768065493787706e-01 1.604037063217518891e-02
9.861305331471367230e-01 1.621407702745310611e-02
9.859837829498998563e-01 1.638916216655113972e-02
9.858365622439582143e-01 1.656563125520209637e-02
9.856888773357570521e-01 1.674348955205232775e-02
9.855407345516260520e-01 1.692274236931311931e-02
9.853921402375092065e-01 1.710339507343826976e-02
9.852431007586923695e-01 1.728545308582722997e-02
9.850936224995306967e-01 1.746892188355669492e-02
9.849437118631753085e-01 1.765380700014508586e-02
9.847933752712988431e-01 1.784011402635243826e-02
9.846426191638207870e-01 1.802784861101504321e-02
9.844914499986308076e-01 1.821701646191475898e-02
9.843398742513128630e-01 1.840762334668367972e-02
9.841878984148675347e-01 1.859967509374545538e-02
9.840355289994338062e-01 1.879317759329326640e-02
9.838827725320103967e-01 1.898813679830646181e-02
9.837296355561757633e-01 1.918455872561058637e-02
9.835761246318084350e-01 1.938244945698099075e-02
9.834222463348054610e-01 1.958181514028793646e-02
9.832680072568009688e-01 1.978266199068465236e-02
9.831134140048835013e-01 1.998499629184380746e-02
9.829584732013136872e-01 2.018882439724368691e-02
9.828031914832398019e-01 2.039415273150189251e-02
9.826475755024137726e-01 2.060098779175843775e-02
9.824916319249064056e-01 2.080933614911218213e-02
9.823353674308213934e-01 2.101920445011288413e-02
9.821787887140096540e-01 2.123059941830891806e-02
9.820219024817823383e-01 2.144352785585231305e-02
9.818647154546232825e-01 2.165799664516435824e-02
9.817072343659017930e-01 2.187401275066293629e-02
9.815494659615834339e-01 2.209158322055292459e-02
9.813914169999415904e-01 2.231071518868159298e-02
9.812330942512678122e-01 2.253141587646120825e-02
9.810745044975816009e-01 2.275369259486093032e-02
9.809156545323401977e-01 2.297755274647021034e-02
9.807565511601475938e-01 2.320300382763684430e-02
9.805972011964624313e-01 2.343005343068370674e-02
9.804376114673070131e-01 2.365870924620782495e-02
9.802777888089740932e-01 2.388897906546205013e-02
9.801177400677344442e-01 2.412087078282005789e-02
9.799574720995435362e-01 2.435439239832730071e-02
9.797969917697475495e-01 2.458955202034249915e-02
9.796363059527897210e-01 2.482635786827165625e-02
9.794754215319158019e-01 2.506481827539882440e-02
9.793143453988787384e-01 2.530494169182051500e-02
9.791530844536441291e-01 2.554673668748489584e-02
9.789916456040940185e-01 2.579021195533734434e-02
9.788300357657314654e-01 2.603537631457734230e-02
9.786682618613840035e-01 2.628223871403159717e-02
9.785063308209074329e-01 2.653080823564565177e-02
9.783442495808883921e-01 2.678109409809682762e-02
9.781820250843478171e-01 2.703310566053802877e-02
9.780196642804432905e-01 2.728685242647254164e-02
9.778571741241711690e-01 2.754234404776434442e-02
9.776945615760689323e-01 2.779959032879219041e-02
9.775318336019170884e-01 2.805860123075354720e-02
9.773689971724403014e-01 2.831938687612055305e-02
9.772060592630091858e-01 2.858195755325385751e-02
9.770430268533416562e-01 2.884632372118433458e-02
9.768799069272035007e-01 2.911249601456350478e-02
9.767167064721092862e-01 2.938048524878878950e-02
9.765534324790235976e-01 2.965030242531643823e-02
9.763900919420606117e-01 2.992195873716658669e-02
9.762266918581854469e-01 3.019546557462400582e-02
9.760632392269138480e-01 3.047083453114462701e-02
9.758997410500124259e-01 3.074807740948251600e-02
9.757362043311990085e-01 3.102720622803699368e-02
9.755726360758424365e-01 3.130823322742946890e-02
9.754090432906621366e-01 3.159117087732769835e-02
9.752454329834286950e-01 3.187603188352126221e-02
9.750818121626630974e-01 3.216282919525256800e-02
9.749181878373368582e-01 3.245157601282046972e-02
9.747545670165712606e-01 3.274228579547527884e-02
9.745909567093378190e-01 3.303497226960692978e-02
9.744273639241575191e-01 3.332964943723833173e-02
9.742637956688009471e-01 3.362633158484494567e-02
9.741002589499875297e-01 3.392503329250966260e-02
9.739367607730861076e-01 3.422576944342265587e-02
9.737733081418145087e-01 3.452855523374777358e-02
9.736099080579393439e-01 3.483340618287428941e-02
9.734465675209763580e-01 3.514033814406574557e-02
9.732832935278906694e-01 3.544936731552292275e-02
9.731200930727964549e-01 3.576051025188596577e-02
9.729569731466582994e-01 3.607378387619170068e-02
9.727939407369907698e-01 3.638920549230404561e-02
9.726310028275596542e-01 3.670679279784283544e-02
9.724681663980828672e-01 3.702656389763617911e-02
9.723054384239310233e-01 3.734853731771748536e-02
9.721428258758287866e-01 3.767273201989673054e-02
9.719803357195566651e-01 3.799916741693620814e-02
9.718179749156521385e-01 3.832786338835499768e-02
9.716557504191115635e-01 3.865884029689102552e-02
9.714936691790925227e-01 3.899211900565736910e-02
9.713317381386159521e-01 3.932772089602974003e-02
9.711699642342684902e-01 3.966566788629991014e-02
9.710083543959059371e-01 4.000598245113291124e-02
9.708469155463558264e-01 4.034868764187007906e-02
9.706856546011212172e-01 4.069380710772848436e-02
9.705245784680841536e-01 4.104136511794395648e-02
9.703636940472102346e-01 4.139138658490132405e-02
9.702030082302524061e-01 4.174389708830410911e-02
9.700425279004564194e-01 4.209892290044524310e-02
9.698822599322655114e-01 4.245649101264129671e-02
9.697222111910258624e-01 4.281662916289349918e-02
9.695623885326929425e-01 4.317936586484336786e-02
9.694027988035375243e-01 4.354473043810312693e-02
9.692434488398523618e-01 4.391275304004563229e-02
9.690843454676597579e-01 4.428346469913585493e-02
9.689254955024183547e-01 4.465689734988617654e-02
9.687669057487321433e-01 4.503308386953068509e-02
9.686085830000583652e-01 4.541205811653652169e-02
9.684505340384165217e-01 4.579385497107439640e-02
9.682927656340981626e-01 4.617851037756255661e-02
9.681352845453766731e-01 4.656606138940682510e-02
9.679780975182176173e-01 4.695654621609233331e-02
9.678212112859903016e-01 4.735000427279057594e-02
9.676646325691785622e-01 4.774647623263625351e-02
9.675083680750935500e-01 4.814600408185007452e-02
9.673524244975861830e-01 4.854863117791118066e-02
9.671968085167601537e-01 4.895440231099878331e-02
9.670415267986862684e-01 4.936336376893839251e-02
9.668865859951164543e-01 4.977556340590056499e-02
9.667319927431989868e-01 5.019105071512802024e-02
9.665777536651944946e-01 5.060987690601490008e-02
9.664238753681915206e-01 5.103209498586996212e-02
9.662703644438241923e-01 5.145775984670491326e-02
9.661172274679895589e-01 5.188692835748180687e-02
9.659644710005661494e-01 5.231965946227036535e-02
9.658121015851324209e-01 5.275601428478361721e-02
9.656601257486870926e-01 5.319605623987476439e-02
9.655085500013691480e-01 5.363985115262836362e-02
9.653573808361791686e-01 5.408746738567873219e-02
9.652066247287011125e-01 5.453897597556557619e-02
9.650562881368246471e-01 5.499445077900705359e-02
9.649063775004692589e-01 5.545396862999784487e-02
9.647568992413075861e-01 5.591760950886629639e-02
9.646078597624907491e-01 5.638545672456777430e-02
9.644592654483739036e-01 5.685759711153536705e-02
9.643111226642429035e-01 5.733412124272749960e-02
9.641634377560417413e-01 5.781512366068130432e-02
9.640162170501000993e-01 5.830070312851298037e-02
9.638694668528632326e-01 5.879096290322536472e-02
9.637231934506211850e-01 5.928601103393554145e-02
9.635774031092394498e-01 5.978596068783411516e-02
9.634321020738911834e-01 6.029093050722013347e-02
9.632872965687891975e-01 6.080104500129661360e-02
9.631429927969192839e-01 6.131643497670632992e-02
9.629991969397746487e-01 6.183723801133220177e-02
9.628559151570914576e-01 6.236359897621601700e-02
9.627131535865842693e-01 6.289567061087970867e-02
9.625709183436835792e-01 6.343361415779327772e-02
9.624292155212739175e-01 6.397760006176303471e-02
9.622880511894325029e-01 6.452780874048066884e-02
9.621474313951694501e-01 6.508443143255782104e-02
9.620073621621687554e-01 6.564767112873116928e-02
9.618678494905301690e-01 6.621774359198401294e-02
9.617288993565121791e-01 6.679487847171342030e-02
9.615905177122762160e-01 6.737932051486388019e-02
9.614527104856311901e-01 6.797133087631151982e-02
9.613154835797800279e-01 6.857118852852199520e-02
9.611788428730667633e-01 6.917919176609520215e-02
9.610427942187244055e-01 6.979565979829303879e-02
9.609073434446245843e-01 7.042093441843728929e-02
9.607724963530275275e-01 7.105538173094613774e-02
9.606382587203339263e-01 7.169939391214853741e-02
9.605046362968371332e-01 7.235339097382782747e-02
9.603716348064770258e-01 7.301782248643105822e-02
9.602392599465949807e-01 7.369316921145083188e-02
9.601075173876891800e-01 7.437994458319344138e-02
9.599764127731723606e-01 7.507869596411995139e-02
9.598459517191301194e-01 7.579000558908931262e-02
9.597161398140795496e-01 7.651449110413867383e-02
9.595869826187307661e-01 7.725280558795082075e-02
9.594584856657479843e-01 7.800563693676011712e-02
9.593306544595132657e-01 7.877370648741138792e-02
9.592034944758897064e-01 7.955776673950458455e-02
9.590770111619880689e-01 8.035859803628359055e-02
9.589512099359324138e-01 8.117700406866873442e-02
9.588260961866285070e-01 8.201380606242904270e-02
9.587016752735331160e-01 8.286983552108327655e-02
9.585779525264239709e-01 8.374592541813052904e-02
9.584549332451717252e-01 8.464289974525447680e-02
9.583326226995130259e-01 8.556156135300155285e-02
9.582110261288244724e-01 8.650267806346344235e-02
9.580901487418985729e-01 8.746696706564410784e-02
9.579699957167202573e-01 8.845507765277391132e-02
9.578505722002451650e-01 8.946757242073008487e-02
9.577318833081792659e-01 9.050490709236584663e-02
9.576139341247597025e-01 9.156740918836414611e-02
9.574967297025368529e-01 9.265525583128807197e-02
9.573802750621581703e-01 9.376845101276418126e-02
9.572645751921529111e-01 9.490680270048525158e-02
9.571496350487183058e-01 9.606990021268028979e-02
9.570354595555075061e-01 9.725709230991713694e-02
9.569220536034187541e-01 9.846746647097347205e-02
9.568094220503855496e-01 9.969982983712970259e-02
9.566975697211688168e-01 1.009526922949345734e-01
9.565865014071499584e-01 1.022242521428405049e-01
9.564762218661260196e-01 1.035123847637708788e-01
9.563667358221052961e-01 1.048146346727737294e-01
9.562580479651057175e-01 1.061282112470535305e-01
9.561501629509532307e-01 1.074499883888865304e-01
9.560430854010827373e-01 1.087765082945914286e-01
9.559368199023402513e-01 1.101039894204530328e-01
9.558313710067859459e-01 1.114283386671670040e-01
9.557267432314995315e-01 1.127451677230791316e-01
9.556229410583866324e-01 1.140498134273851133e-01
9.555199689339870517e-01 1.153373619527089805e-01
9.554178312692837016e-01 1.166026765418321232e-01
9.553165324395143099e-01 1.178404284734555496e-01
9.552160767839834588e-01 1.190451308923730217e-01
9.551164686058771780e-01 1.202111751009425217e-01
9.550177121720783147e-01 1.213328688760349078e-01
9.549198117129837904e-01 1.224044763612036207e-01
9.548227714223235241e-01 1.234202590725121534e-01
9.547265954569803537e-01 1.243745175491959704e-01
9.546312879368127335e-01 1.252616331876021671e-01
9.545368529444775429e-01 1.260761098068121644e-01
9.544432945252555589e-01 1.268126145068752264e-01
9.543506166868781504e-01 1.274660174031047588e-01
9.542588233993553049e-01 1.280314298440273502e-01
9.541679185948060971e-01 1.285042407460257052e-01
9.540779061672897132e-01 1.288801507096836996e-01
9.539887899726390286e-01 1.291552036152270877e-01
9.539005738282951841e-01 1.293258154274142813e-01
9.538132615131440506e-01 1.293887999770735042e-01
9.537268567673549136e-01 1.293413915231822753e-01
9.536413632922192685e-01 1.291812639361467063e-01
9.535567847499931693e-01 1.289065463816063128e-01
9.534731247637397988e-01 1.285158354220921895e-01
9.533903869171744816e-01 1.280082034919894918e-01
9.533085747545113620e-01 1.273832037392868266e-01
9.532276917803110816e-01 1.266408712642357326e-01
9.531477414593310105e-01 1.257817208213858062e-01
9.530687272163768098e-01 1.248067410861620624e-01
9.529906524361557718e-01 1.237173856186893628e-01
9.529135204631316025e-01 1.225155606878499670e-01
9.528373346013813139e-01 1.212036101454494058e-01
9.527620981144535595e-01 1.197842975624649337e-01
9.526878142252290793e-01 1.182607858585223853e-01
9.526144861157825883e-01 1.166366146703035622e-01
9.525421169272459965e-01 1.149156757135614548e-01
9.524707097596746275e-01 1.131021863988012494e-01
9.524002676719138805e-01 1.112006619613286340e-01
9.523307936814683350e-01 1.092158863624544951e-01
9.522622907643724099e-01 1.071528822123083563e-01
9.521947618550632431e-01 1.050168799555053628e-01
9.521282098462544585e-01 1.028132865496907550e-01
9.520626375888127102e-01 1.005476538560201027e-01
9.519980478916351130e-01 9.822564694978225264e-02
9.519344435215293387e-01 9.585301254966278883e-02
9.518718272030950445e-01 9.343554775688291125e-02
9.518102016186068548e-01 9.097906929061853887e-02
9.517495694078996760e-01 8.848938340412343395e-02
9.516899331682555641e-01 8.597225666671272359e-02
9.516312954542927027e-01 8.343338779951005313e-02
9.515736587778553801e-01 8.087838075746618671e-02
9.515170256079071853e-01 7.831271925512017784e-02
9.514613983704244271e-01 7.574174293737560848e-02
9.514067794482929941e-01 7.317062539871624360e-02
9.513531711812056590e-01 7.060435425272655607e-02
9.513005758655621591e-01 6.804771344703147706e-02
9.512489957543708297e-01 6.550526800623041046e-02
9.511984330571519042e-01 6.298135136574099791e-02
9.511488899398429231e-01 6.048005543197984557e-02
9.511003685247063633e-01 5.800522346920929800e-02
9.510528708902380446e-01 5.556044587043924149e-02
9.510063990710785342e-01 5.314905881986858177e-02
9.509609550579258830e-01 5.077414579877759238e-02
9.509165407974504713e-01 4.843854182675967623e-02
9.508731581922112985e-01 4.614484026790750121e-02
9.508308091005747142e-01 4.389540196932085331e-02
9.507894953366350377e-01 4.169236643950605115e-02
9.507492186701363979e-01 3.953766471971190133e-02
9.507099808263969054e-01 3.743303355439227265e-02
9.506717834862354888e-01 3.538003042956956723e-02
9.506346282858988417e-01 3.338004902049242911e-02
9.505985168169921451e-01 3.143433457056169639e-02
9.505634506264106776e-01 2.954399870867662620e-02
9.505294312162732018e-01 2.771003319901355760e-02
9.504964600438579048e-01 2.593332210615391376e-02
9.504645385215403364e-01 2.421465185790121211e-02
9.504336680167321250e-01 2.255471871655529217e-02
9.504038498518230238e-01 2.095413325281198988e-02
9.503750853041238456e-01 1.941342158048159003e-02
9.503473756058122834e-01 1.793302336895675336e-02
9.503207219438792874e-01 1.651328699506092110e-02
9.502951254600793263e-01 1.515446258949002152e-02
9.502705872508804275e-01 1.385669411339820155e-02
9.502471083674177699e-01 1.262001189332846024e-02
9.502246898154487198e-01 1.144432717923606589e-02
9.502033325553093102e-01 1.032943022565864857e-02
9.501830375018734953e-01 9.274993120285211085e-03
9.501638055245138492e-01 8.280578125214922008e-03
9.501456374470642618e-01 7.345651713491626808e-03
9.501285340477846342e-01 6.469603855224358331e-03
9.501124960593277935e-01 5.651771516121484838e-03
9.500975241687077411e-01 4.891464849904907618e-03
9.500836190172704532e-01 4.187994250049815494e-03
9.500707812006662367e-01 3.540696307578107809e-03
9.500590112688245270e-01 2.948956807653954106e-03
9.500483097259300180e-01 2.412229173562797490e-03
9.500386770304012352e-01 1.930047198503342942e-03
9.500301135948706621e-01 1.502031445487761940e-03
9.500226197861674216e-01 1.127889286759491561e-03
9.500161959253013988e-01 8.074091370137312330e-04
9.500108422874494751e-01 5.404499525712863107e-04
9.500065591019434263e-01 3.269274726272849876e-04
9.500033465522609299e-01 1.667989320130316771e-04
9.500012047760167944e-01 6.004805607764607868e-05
9.500001338649575189e-01 6.672052372570155301e-06
