9.999979248699579770e-01 7.900241537824859786e-12 6.833493682169511519e-12 1.473373521999437211e-11
9.999813245678146334e-01 6.364025152154039629e-10 5.534850988249027838e-10 1.189887614040306850e-09
9.999481279003592515e-01 4.866028716792370687e-09 4.270195514019056826e-09 9.136224230811427513e-09
9.998983427403210777e-01 1.843951532082415382e-08 1.640048922067826301e-08 3.484000454150242014e-08
9.998319808944602372e-01 4.947656186289683140e-08 4.479753771278905440e-08 9.427409957568589242e-08
9.997490581007673072e-01 1.079125634321647309e-07 9.989896961611962293e-08 2.078115330482843538e-07
9.996495940247314138e-01 2.048020147707197597e-07 1.946762559999157644e-07 3.994782707706355506e-07
9.995336122546765178e-01 3.515274488022425123e-07 3.445455213180555809e-07 6.960729701202981461e-07
9.994011402961666679e-01 5.589608636072030634e-07 5.672251374567655535e-07 1.126186001063968617e-06
9.992522095654839953e-01 8.366281554279776097e-07 8.825251257036163989e-07 1.719153281131594009e-06
9.990868553821772302e-01 1.191927699670288694e-06 1.312054391348392850e-06 2.503982091018681756e-06
9.989051169606859570e-01 1.629452039818904049e-06 1.878834261768350569e-06 3.508286301587254830e-06
9.987070374010410534e-01 2.150456422514644611e-06 2.606810724904447077e-06 4.757267147419092112e-06
9.984926636786426446e-01 2.752509881107251378e-06 3.520263101459368278e-06 6.272772982566620080e-06
9.982620466331202369e-01 3.429354372397005418e-06 4.643113442723414328e-06 8.072467815120419322e-06
9.980152409562755844e-01 4.170985018120129636e-06 5.998148409196584448e-06 1.016913342731671493e-05
9.977523051791126196e-01 4.963951469745196994e-06 7.606173311399157052e-06 1.257012478114435405e-05
9.974733016579561129e-01 5.791866193195539305e-06 9.485125832162957004e-06 1.527699202535849716e-05
9.971782965596640569e-01 6.636093066443661377e-06 1.164918407233931041e-05 1.828527713878297010e-05
9.968673598459356633e-01 7.476577106849271955e-06 1.410790931013259131e-05 2.158448641698186327e-05
9.965405652567196348e-01 8.292767464201974333e-06 1.686546760556513767e-05 2.515823506976711031e-05
9.961979902927267094e-01 9.064579302308568265e-06 1.991997556981278959e-05 2.898455487212135955e-05
9.958397161970496958e-01 9.773336989528851282e-06 2.326301386039463748e-05 3.303635084992348876e-05
9.954658279358965522e-01 1.040264306470599908e-05 2.687934706674294417e-05 3.728199013144894156e-05
9.950764141784401717e-01 1.093912120228365402e-05 3.074688067443399290e-05 4.168600187671764692e-05
9.946715672757900917e-01 1.137299112904818316e-05 3.483687506063495865e-05 4.620986618968314180e-05
9.942513832390912354e-01 1.169844374175088099e-05 3.911442356258411389e-05 5.081286730433499319e-05
9.938159617167543480e-01 1.191379920029817744e-05 4.353918738312968783e-05 5.545298658342786527e-05
9.933654059708236783e-01 1.202144442267564282e-05 4.806636543392497240e-05 6.008780985660061352e-05
9.928998228524887892e-01 1.202756188533189076e-05 5.264786323570398697e-05 6.467542512103588112e-05
9.924193227767432735e-01 1.194167400260291877e-05 5.723361276285879047e-05 6.917528676546170585e-05
9.919240196961998102e-01 1.177603931350206627e-05 6.177298559902398925e-05 7.354902491252605890e-05
9.914140310740665596e-01 1.154494421445710289e-05 6.621623573179318011e-05 7.776117994625028639e-05
9.908894778562888916e-01 1.126393897350456618e-05 7.051590625753418424e-05 8.177984523103875550e-05
9.903504844428675513e-01 1.094906728309122791e-05 7.462813637118385392e-05 8.557720365427508183e-05
9.897971786583564802e-01 1.061613575329711743e-05 7.851381112061410060e-05 8.912994687391122143e-05
9.892296917215483987e-01 1.028006386052803084e-05 8.213950602598846663e-05 9.241956988651650086e-05
9.886481582143560320e-01 9.954345925253074145e-06 8.547819103729870245e-05 9.543253696255177829e-05
9.880527160498953076e-01 9.650646360064067892e-06 8.850967246179625137e-05 9.816031882186031926e-05
9.874435064397787398e-01 9.378538745547425023e-06 9.122076635706333669e-05 1.005993051026107549e-04
9.868206738606263295e-01 9.145387858673797275e-06 9.360521136743872475e-05 1.027505992261125271e-04
9.861843660198024164e-01 8.956364667377117881e-06 9.566334207861647287e-05 1.046197067459935924e-04
9.855347338203864771e-01 8.814576056309360812e-06 9.740155485025783224e-05 1.062161309065671897e-04
9.848719313253855301e-01 8.721285550430370805e-06 9.883160616427907950e-05 1.075528917147094537e-04
9.841961157211976952e-01 8.676198207394429358e-06 9.996978847581048538e-05 1.086459866832049080e-04
9.835074472803343459e-01 8.677782085982306941e-06 1.008360303268308851e-04 1.095138124128131903e-04
9.828060893234115136e-01 8.723600332387633342e-06 1.014529662897689882e-04 1.101765666221566216e-04
9.820922081804168702e-01 8.810631149409677856e-06 1.018450185673057043e-04 1.106556497167153822e-04
9.813659731512646145e-01 8.935557556795295571e-06 1.020375263555925200e-04 1.109730839123878172e-04
9.806275564656449228e-01 9.095013993011143139e-06 1.020559520297218054e-04 1.111509660227329486e-04
9.798771332421789548e-01 9.285782344696050599e-06 1.019251854973877519e-04 1.112109678420838076e-04
9.791148814468887407e-01 9.504934798893697329e-06 1.016689603040260939e-04 1.111738951029197912e-04
9.783409818509920530e-01 9.749925377377077542e-06 1.013093877845173626e-04 1.110593131618944419e-04
9.775556179880312557e-01 1.001863529728483063e-05 1.008666091397191270e-04 1.108852444370039559e-04
9.767589761103481205e-01 1.030937949484677743e-05 1.003585600320837129e-04 1.106679395269304870e-04
9.759512451449129378e-01 1.062088299442332691e-05 9.980083826759203198e-05 1.104217212620153555e-04
9.751326166485196900e-01 1.095223586457109715e-05 9.920666236754596906e-05 1.101588982321170611e-04
9.743032847623576131e-01 1.130283521757495302e-05 9.858690724189709425e-05 1.098897424594720540e-04
9.734634461659700255e-01 1.167232139912791579e-05 9.795020259890219573e-05 1.096225239980301081e-04
9.726133000306104170e-01 1.206051426648266633e-05 9.730307996817314235e-05 1.093635942346558019e-04
9.717530479720088987e-01 1.246735382638257202e-05 9.665015506833874890e-05 1.091175088947213175e-04
9.708828940025573395e-01 1.289284803234756578e-05 9.599433351860245465e-05 1.088871815509500170e-04
9.700030444829277343e-01 1.333702915962716771e-05 9.533702940176801990e-05 1.086740585613951910e-04
9.691137080731323517e-01 1.379991914402104770e-05 9.467838779264626527e-05 1.084783069366673130e-04
9.682150956830394284e-01 1.428150336551003137e-05 9.401750396462299464e-05 1.082990073301330294e-04
9.673074204223548467e-01 1.478171190878553313e-05 9.335263350429152929e-05 1.081343454130770658e-04
9.663908975500824505e-01 1.530040698771149932e-05 9.268138895538049300e-05 1.079817959430919889e-04
9.654657444234743258e-01 1.583737515456497993e-05 9.200091985566154380e-05 1.078382950102265271e-04
9.645321804464837001e-01 1.639232297497129974e-05 9.130807411707167931e-05 1.077003970920429790e-04
9.635904270177321207e-01 1.696487506854193228e-05 9.059953963267946132e-05 1.075644147012213902e-04
9.626407074780043427e-01 1.755457351608640974e-05 8.987196578221428667e-05 1.074265392983006896e-04
9.616832470572816982e-01 1.816087806246566852e-05 8.912206516022911891e-05 1.072829432226947942e-04
9.607182728213278233e-01 1.878316649707610837e-05 8.834669637745363752e-05 1.071298628745297459e-04
9.597460136178395107e-01 1.942073510638578064e-05 8.754292919602750446e-05 1.069636643024132885e-04
9.587667000221741231e-01 2.007279890051184607e-05 8.670809356123052405e-05 1.067808924617423701e-04
9.577805642826675570e-01 2.073849175636491778e-05 8.583981429487454683e-05 1.065783060512394680e-04
9.567878402655562997e-01 2.141686639157799034e-05 8.493603332764023653e-05 1.063528997192182235e-04
9.557887633995140186e-01 2.210689438592890240e-05 8.399502137869587642e-05 1.061019157646247822e-04
9.547835706198195549e-01 2.280746627770534394e-05 8.301538095241707657e-05 1.058228472301224205e-04
9.537725003121663159e-01 2.351739191905543867e-05 8.199604242495991317e-05 1.055134343440153485e-04
9.527557922561280535e-01 2.423540114752997592e-05 8.093625485121788677e-05 1.051716559987478627e-04
9.517336875682944619e-01 2.496014492405627434e-05 7.983557294711165369e-05 1.047957178711679213e-04
9.507064286450889190e-01 2.569019695875517930e-05 7.869384150666403391e-05 1.043840384654192132e-04
9.496742591052835802e-01 2.642405595373042846e-05 7.751117830806641550e-05 1.039352342617968507e-04
9.486374237322238168e-01 2.716014843597728612e-05 7.628795635965231550e-05 1.034481047956296016e-04
9.475961684157772069e-01 2.789683231248798900e-05 7.502478614196002034e-05 1.029216184544480127e-04
9.465507400940190719e-01 2.863240105321095184e-05 7.372249832424593221e-05 1.023548993774568841e-04
9.455013866946709866e-01 2.936508864157838549e-05 7.238212727575034941e-05 1.017472159173287349e-04
9.444483570763028135e-01 3.009307518370238111e-05 7.100489555770941126e-05 1.010979707414117856e-04
9.433919009693152447e-01 3.081449324813408233e-05 6.959219947194961241e-05 1.004066927200837015e-04
9.423322689167153987e-01 3.152743486345396036e-05 6.814559565566122128e-05 9.967303051911518164e-05
9.412697122146989059e-01 3.222995920470497576e-05 6.666678864840736398e-05 9.889674785311234652e-05
9.402044828530545795e-01 3.292010085878163656e-05 6.515761931425341762e-05 9.807772017303504741e-05
9.391368334554035524e-01 3.359587870606435176e-05 6.362005397626600649e-05 9.721593268233035825e-05
9.380670172192888678e-01 3.425530527899580449e-05 6.205617411013237520e-05 9.631147938912818646e-05
9.369952878561279563e-01 3.489639660561980495e-05 6.046816644469813016e-05 9.536456305031793511e-05
9.359218995310449873e-01 3.551718242753839288e-05 5.885831332750411079e-05 9.437549575504250367e-05
9.348471068025934194e-01 3.611571670216980924e-05 5.722898323017749402e-05 9.334469993234730326e-05
9.337711645623871792e-01 3.669008835441060973e-05 5.558262128965981244e-05 9.227270964407042217e-05
9.326943279746514603e-01 3.723843212742960844e-05 5.392173980460717006e-05 9.116017193203677850e-05
9.316168524157100173e-01 3.775893948309761339e-05 5.224890863074814165e-05 9.000784811384574826e-05
9.305389934134212782e-01 3.824986944411606048e-05 5.056674544305768090e-05 8.881661488717374137e-05
9.294610065865787085e-01 3.870955927833955371e-05 4.887790585545522155e-05 8.758746513379477526e-05
9.283831475842899694e-01 3.913643492813318733e-05 4.718507340985483107e-05 8.632150833798801163e-05
9.273056720253485263e-01 3.952902112321932408e-05 4.549094946532090635e-05 8.501997058854023721e-05
9.262288354376129185e-01 3.988595104232428812e-05 4.379824303446706608e-05 8.368419407679136097e-05
9.251528931974065673e-01 4.020597550695510672e-05 4.210966062833545564e-05 8.231563613529056236e-05
9.240781004689549993e-01 4.048797155621242132e-05 4.042789618205482630e-05 8.091586773826724762e-05
9.230047121438720303e-01 4.073095042278281779e-05 3.875562114261433037e-05 7.948657156539714816e-05
9.219329827807111188e-01 4.093406478243120109e-05 3.709547480603107709e-05 7.802953958846228495e-05
9.208631665445964343e-01 4.109661528119381337e-05 3.545005499478583953e-05 7.654667027597965290e-05
9.197955171469454072e-01 4.121805625920443221e-05 3.382190916736055103e-05 7.503996542656498324e-05
9.187302877853010807e-01 4.129800070061985658e-05 3.221352604986563964e-05 7.351152675048549623e-05
9.176677310832845880e-01 4.133622431959398580e-05 3.062732787476240496e-05 7.196355219435639076e-05
9.166080990306847420e-01 4.133266884779220453e-05 2.906566330415361800e-05 7.039833215194582592e-05
9.155516429236971732e-01 4.128744445190191733e-05 2.753080110361188240e-05 6.881824555551380651e-05
9.144986133053290001e-01 4.120083132321635986e-05 2.602492461797580175e-05 6.722575594119216500e-05
9.134492599059809148e-01 4.107328042772208425e-05 2.455012708201917724e-05 6.562340750974126149e-05
9.124038315842227798e-01 4.090541340992103777e-05 2.310840777672037267e-05 6.401382118664141721e-05
9.113625762677761699e-01 4.069802164262537731e-05 2.170166901591659387e-05 6.239969065854197795e-05
9.103257408947164064e-01 4.045206441867287499e-05 2.033171391875579010e-05 6.078377833742866509e-05
9.092935713549110677e-01 4.016866623817293976e-05 1.900024489102748124e-05 5.916891112920042101e-05
9.082663124317055248e-01 3.984911316427366458e-05 1.770886270416263816e-05 5.755797586843630273e-05
9.072442077438719332e-01 3.949484815955011226e-05 1.645906602537489466e-05 5.595391418492501030e-05
9.062274996878336708e-01 3.910746533591468854e-05 1.525225121789010545e-05 5.435971655380479568e-05
9.052164293801804318e-01 3.868870299187367699e-05 1.408971219826279913e-05 5.277841519013647782e-05
9.042112366004859680e-01 3.824043532563313930e-05 1.297264011065551638e-05 5.121307543628865738e-05
9.032121597344436870e-01 3.776466266254962248e-05 1.190212255816987143e-05 4.966678522071949560e-05
9.022194357173324297e-01 3.726350002900160165e-05 1.087914212145705767e-05 4.814264215045866270e-05
9.012332999778258635e-01 3.673916392519554266e-05 9.904573897536894875e-06 4.664373782273243584e-05
9.002539863821604760e-01 3.619395712529686264e-05 8.979181809107751819e-06 4.517313893440461276e-05
8.992817271786721633e-01 3.563025135929390294e-05 8.103613468946225536e-06 4.373386482824013187e-05
8.983167529427182885e-01 3.505046776562568370e-05 7.278393436086184720e-06 4.232886120171187096e-05
8.973592925219956440e-01 3.445705507108027686e-05 6.503914770932379671e-06 4.096096984201265569e-05
8.964095729822678660e-01 3.385246545194928847e-05 5.780428884466484676e-06 3.963289433641577230e-05
8.954678195535162866e-01 3.323912823013286312e-05 5.108033780206600846e-06 3.834716201033946058e-05
8.945342555765256609e-01 3.261942152932352534e-05 4.486660903446681041e-06 3.710608243277020469e-05
8.936091024499175361e-01 3.199564220566680680e-05 3.916060935591794748e-06 3.591170314125859901e-05
8.926925795776451400e-01 3.136997446838337691e-05 3.395788996677096175e-06 3.476576346506047563e-05
8.917849043169605583e-01 3.074445771981163352e-05 2.925189839163528659e-06 3.366964755897516387e-05
8.908862919268676350e-01 3.012095427988598372e-05 2.503383723579565320e-06 3.262433800346554649e-05
8.899969555170722524e-01 2.950111775032286665e-05 2.129253753493825654e-06 3.163037150381668976e-05
8.891171059974426472e-01 2.888636292643783184e-05 1.801435506133016856e-06 3.068779843257085166e-05
8.882469520279910880e-01 2.827783816973950337e-05 1.518309818713562124e-06 2.979614798845306613e-05
8.873866999693895696e-01 2.767640126959434194e-05 1.277999573600981015e-06 2.895440084319532401e-05
8.865365538340299612e-01 2.708259978524267417e-05 1.078371263949630835e-06 2.816097104919230331e-05
8.856967152376423735e-01 2.649665688395949384e-05 9.170420138130268056e-07 2.741369889777252065e-05
8.848673833514802967e-01 2.591846355918041268e-05 7.913925739031806545e-07 2.670985613308359354e-05
8.840487548550870489e-01 2.534757808586840636e-05 6.985866198741118775e-07 2.604616470574251834e-05
8.832410238896517551e-01 2.478323328276774682e-05 6.355964507881378336e-07 2.541882973355588296e-05
8.824443820119687310e-01 2.422435216151089734e-05 5.992349303238535079e-07 2.482358709183475149e-05
8.816590181490080447e-01 2.366957203376923637e-05 5.861932437267589753e-07 2.425576527749599630e-05
8.808851185531112460e-01 2.311727721328688410e-05 5.930837724433563003e-07 2.371036098573024178e-05
8.801228667578211429e-01 2.256563984450335748e-05 6.164871298793937862e-07 2.318212697438275233e-05
8.793724435343550638e-01 2.201266838918703055e-05 6.530021699584552253e-07 2.266567055914548652e-05
8.786340268487353722e-01 2.145626279678817519e-05 6.992975886365304968e-07 2.215556038542470642e-05
8.779077918195831165e-01 2.089427535812113479e-05 7.521635992394594558e-07 2.164643895736059520e-05
8.771939106765884731e-01 2.032457560682353117e-05 8.085620850140841214e-07 2.113313769183761625e-05
8.764925527196656407e-01 1.974511801770407378e-05 8.656736232157247420e-07 2.061079164091980011e-05
8.758038842788022915e-01 1.915401037824207193e-05 9.209398374045837297e-07 2.007495021564665672e-05
8.751280686746144566e-01 1.854958126319654270e-05 9.720996676072658049e-07 1.952168093080380957e-05
8.744652661796135096e-01 1.793044453505299353e-05 1.017218346811044669e-06 1.894766288186403735e-05
8.738156339801975703e-01 1.729555887691339242e-05 1.054708128567837638e-06 1.835026700548123070e-05
8.731793261393736572e-01 1.664428079331808981e-05 1.083340112414130390e-06 1.772762090573221956e-05
8.725564935602212469e-01 1.597640891030248348e-05 1.102246847111075041e-06 1.707865575741355788e-05
8.719472839501045680e-01 1.529221849492575731e-05 1.110915740056359828e-06 1.640313423498211692e-05
8.713518417856439546e-01 1.459248448379166429e-05 1.109173647622137990e-06 1.570165813141380164e-05
8.707703082784515880e-01 1.387849225346950606e-05 1.097163348564758881e-06 1.497565560203426431e-05
8.702028213416435065e-01 1.315203530802283452e-05 1.075312895239717502e-06 1.422734820326255203e-05
8.696495155571324354e-01 1.241539951930326767e-05 1.044299081299533563e-06 1.345969860060280123e-05
8.691105221437110950e-01 1.167133400887950997e-05 1.005006448777408325e-06 1.267634045765691787e-05
8.685859689259334271e-01 1.092300899833920207e-05 9.584833745061793196e-07 1.188149237284538160e-05
8.680759803038000655e-01 1.017396137345228413e-05 9.058968217063305984e-07 1.107985819515861420e-05
8.675806772232568242e-01 9.428029227287228469e-06 8.484873176660343460e-07 1.027651654495326239e-05
8.671001771475111974e-01 8.689276677305645023e-06 7.875256264433694175e-07 9.476802303749014335e-06
8.666345940291761973e-01 7.961910943520115018e-06 7.242724340571320031e-07 8.686183377577247127e-06
8.661840382832457497e-01 7.250193609900565068e-06 6.599421628482060611e-07 7.910135772748770811e-06
8.657486167609087513e-01 6.558348367229409734e-06 5.956717942297503109e-07 7.154020161459159833e-06
8.653284327242098950e-01 5.890467765051099416e-06 5.324953185956588142e-07 6.422963083646758125e-06
8.649235858215598149e-01 5.250421331038356336e-06 4.713241621288371236e-07 5.721745493167193672e-06
8.645341720641034344e-01 4.641767778476014702e-06 4.129336765137387435e-07 5.054701454989753392e-06
8.641602838029502909e-01 4.067673585606399604e-06 3.579555317828323484e-07 4.425629117389232058e-06
8.638020097072732773e-01 3.530840524858310952e-06 3.068756355686898216e-07 3.837716160427001038e-06
8.634594347432803518e-01 3.033444045044585742e-06 2.600370222891031328e-07 3.293481067333688981e-06
8.631326401540644344e-01 2.577084611282995021e-06 2.176470189679435677e-07 2.794731630250938456e-06
8.628217034403359298e-01 2.162753389734083723e-06 1.797879033295263763e-07 2.342541293063610258e-06
8.625266983420438738e-01 1.790813494097690959e-06 1.464302245615024158e-07 1.937243718659193480e-06
8.622476948208873671e-01 1.460997549503299535e-06 1.174479552234599468e-07 1.578445504726759456e-06
8.619847590437244023e-01 1.172421768981112936e-06 9.263467954665359278e-08 1.265056448527766489e-06
8.617379533668797498e-01 9.236164456335699273e-07 7.172009251168540287e-08 9.953365381452553567e-07
8.615073363213573421e-01 7.125720627756109667e-07 5.438617818529774008e-08 7.669582409609087465e-07
8.612929625989589333e-01 5.367999936222185085e-07 4.028254688967754063e-08 5.770825405118960292e-07
8.610948830393140296e-01 3.934061643110468914e-07 2.904053091817328988e-08 4.224466952292201945e-07
8.609131446178227565e-01 2.791757107190262493e-07 2.028576023799140642e-08 2.994614709570176822e-07
8.607477904345159914e-01 1.906663733850432557e-07 1.364905634854712269e-08 2.043154297335903883e-07
8.605988597038332077e-01 1.243080310541930989e-07 8.775588747646724824e-09 1.330836198018398188e-07
8.604663877453234688e-01 7.650562427701189107e-08 5.332330191009237843e-09 8.183795446802113305e-08
8.603504059752685729e-01 4.374260110363926406e-08 3.013921322258331241e-09 4.675652242589759530e-08
8.602509418992326795e-01 2.268194264987689564e-08 1.547110861252291220e-09 2.422905351112918603e-08
8.601680191055397495e-01 1.026198203358773368e-08 6.939740524446583524e-10 1.095595608603239183e-08
8.601016572596789089e-01 3.784223397540388619e-09 2.541301891613686733e-10 4.038353586701756982e-09
8.600518720996407351e-01 9.907365969825894529e-10 6.618118267443422427e-11 1.056917779657023768e-09
8.600186754321853533e-01 1.288918803656078142e-10 8.579325193580027520e-12 1.374712055591878288e-10
8.600020751300420097e-01 1.594403223216299913e-12 1.059304678977768801e-13 1.700333691114076894e-12
