9.999983569951115259e-01 1.178355804489933374e-10
9.999852130556761143e-01 4.983793874882235337e-09
9.999589257083868477e-01 1.343734074485139799e-08
9.999194960163854118e-01 2.310919625992279165e-08
9.998669255743305451e-01 3.171142890488183926e-08
9.998012165083336455e-01 3.718873620112700543e-08
9.997223714758728397e-01 3.905017449165320497e-08
9.996303936656851796e-01 3.865381913230757383e-08
9.995252867976379685e-01 3.735567399535472815e-08
9.994070551225782140e-01 3.408405682126598728e-08
9.992757034221607659e-01 2.984370045865087361e-08
9.991312370086551375e-01 2.606711295671105183e-08
9.989736617247301220e-01 2.155679955901555452e-08
9.988029839432176482e-01 1.598030764740719356e-08
9.986192105668558749e-01 1.040660883082020155e-08
9.984223490280085267e-01 5.535681179781628806e-09
9.982124072883659105e-01 3.498287026799850514e-09
9.979893938386215080e-01 7.030490035857122935e-09
9.977533176981294716e-01 9.944209872440119085e-09
9.975041884145395832e-01 1.262535395903485052e-08
9.972420160634112296e-01 1.309599758609580313e-08
9.969668112478056177e-01 1.213467924552213250e-08
9.966785850978574501e-01 8.860031042289437970e-09
9.963773492703239532e-01 5.053886002995155832e-09
9.960631159481146968e-01 3.619273782653955579e-10
9.957358978397974347e-01 3.120878000745911218e-09
9.953957081790855144e-01 5.819066259932694933e-09
9.950425607243015280e-01 5.820240483098799129e-09
9.946764697578216463e-01 4.762180830780037899e-09
9.942974500854976361e-01 1.881856903323352998e-09
9.939055170360580060e-01 9.575474511603024588e-10
9.935006864604883914e-01 3.561244591079007451e-09
9.930829747313902889e-01 3.584884442667325838e-09
9.926523987423186979e-01 2.712492453158015068e-09
9.922089759070993331e-01 9.865943250773739941e-10
9.917527241591240772e-01 2.537838498710367040e-09
9.912836619506257829e-01 4.401506062887035554e-09
9.908018082519317593e-01 3.078979115888376611e-09
9.903071825506971626e-01 1.376800218756981828e-09
9.897998048511160718e-01 2.340533512677856307e-09
9.892796956731129132e-01 3.283386492275196722e-09
9.887468760515129018e-01 3.788364648094272824e-09
9.882013675351903892e-01 9.494343647253667348e-10
9.876431921861980046e-01 7.897214186170862161e-10
9.870723725788748126e-01 2.531275707707610471e-09
9.864889317989321560e-01 1.133393174182546546e-09
9.858928934425210677e-01 8.198914422583662881e-10
9.852842816152773686e-01 1.075771275441231882e-09
9.846631209313470023e-01 7.938095621292898443e-10
9.840294365123906095e-01 1.524438322381496744e-09
9.833832539865674516e-01 1.791298934638252948e-09
9.827245994874984625e-01 1.220589678944045262e-09
9.820534996532105376e-01 2.771799219049818170e-09
9.813699816250578412e-01 3.561693267050656734e-09
9.806740730466250167e-01 2.463991808455125524e-10
9.799658020626088595e-01 2.844245620700844806e-09
9.792451973176798941e-01 4.164750295253392188e-09
9.785122879553245223e-01 1.011902479006936665e-09
9.777671036166656338e-01 1.469668937796466934e-09
9.770096744392642307e-01 2.479706698212790357e-09
9.762400310559005145e-01 2.015496992890256277e-09
9.754582045933349876e-01 1.974213250726568310e-09
9.746642266710495717e-01 9.803110924996577083e-10
9.738581293999688526e-01 2.837950279727845701e-09
9.730399453811613419e-01 3.288348131127173240e-09
9.722097077045209756e-01 8.060539707295971095e-10
9.713674499474291846e-01 3.123618862562176130e-09
9.705132061733964255e-01 2.393686017446437910e-09
9.696470109306847274e-01 2.232483277982059663e-09
9.687688992509106978e-01 1.394067812141416637e-09
9.678789066476282121e-01 2.423369807731810644e-09
9.669770691148931174e-01 7.340946763711716375e-10
9.660634231258060645e-01 1.982581316494787495e-09
9.651380056310387978e-01 2.761256287981285828e-09
9.642008540573390185e-01 2.865008304079888967e-09
9.632520063060168169e-01 1.789574044584059241e-09
9.622915007514121211e-01 2.688957886830599267e-09
9.613193762393419384e-01 6.502167221873704830e-10
9.603356720855307227e-01 1.829703881123897449e-09
9.593404280740188694e-01 2.731194172746402300e-09
9.583336844555544465e-01 1.102795997648363697e-09
9.573154819459653853e-01 3.265375760079867474e-09
9.562858617245125759e-01 2.822666008323415269e-09
9.552448654322243105e-01 2.708170525593088839e-09
9.541925351702126301e-01 4.560916215485927868e-09
9.531289134979704647e-01 1.016718286045770422e-09
9.520540434316500100e-01 3.805229885060437853e-09
9.509679684423234525e-01 3.236802179894037359e-09
9.498707324542249308e-01 1.169955361736237392e-09
9.487623798429737354e-01 4.854207774943621484e-09
9.476429554337799654e-01 4.101362133497289611e-09
9.465125044996310910e-01 2.050366590338003506e-09
9.453710727594618612e-01 5.831528286889238472e-09
9.442187063763046728e-01 1.994966366259530576e-09
9.430554519554225079e-01 5.066490666140423479e-09
9.418813565424245526e-01 6.410965079649862143e-09
9.406964676213630527e-01 2.254731810280579795e-09
9.395008331128134049e-01 6.055800793631493411e-09
9.382945013719354854e-01 6.563445746018866157e-09
9.370775211865186582e-01 1.582989422380124357e-09
9.358499417750081317e-01 7.038229319094075798e-09
9.346118127845146617e-01 7.222751548989540752e-09
9.333631842888067132e-01 1.462585869069107916e-09
9.321041067862853025e-01 5.832866637274294985e-09
9.308346311979412979e-01 5.876502648486751384e-09
9.295548088652967333e-01 4.959958050317511936e-10
9.282646915483278027e-01 4.613962389098343101e-09
9.269643314233716458e-01 4.653640206017209697e-09
9.256537810810164801e-01 8.909115804660775886e-10
9.243330935239740809e-01 2.472954610628653013e-09
9.230023221649371612e-01 2.664336134717881958e-09
9.216615208244181012e-01 5.052143241699156620e-10
9.203107437285729109e-01 1.698507770421704693e-09
9.189500455070080953e-01 1.958337479331695166e-09
9.175794811905710890e-01 7.240634278487290029e-10
9.161991062091247029e-01 9.535711210842773132e-10
9.148089763893056947e-01 1.164874159571798430e-09
9.134091479522663537e-01 4.047489757434117292e-10
9.119996775114009857e-01 7.925418585752064673e-10
9.105806220700569664e-01 1.187456848841949604e-09
9.091520390192280310e-01 1.275359594973749820e-09
9.077139861352343519e-01 1.476130196638066066e-09
9.062665215773855198e-01 1.309281859413033945e-09
9.048097038856279806e-01 1.205002205557475557e-09
9.033435919781781509e-01 1.098926317562177340e-09
9.018682451491392138e-01 1.204383683418572021e-09
9.003837230661032587e-01 1.774484517965605874e-09
8.988900857677378786e-01 1.733551428420194876e-09
8.973873936613582236e-01 1.438932959695910484e-09
8.958757075204840659e-01 1.382000313548032129e-09
8.943550884823815439e-01 6.937431464669523676e-10
8.928255980455909180e-01 7.730157776754826886e-10
8.912872980674394485e-01 1.048475893095549709e-09
8.897402507615390643e-01 1.889268039730205517e-10
8.881845186952712634e-01 7.791945529246503710e-10
8.866201647872554714e-01 5.355158329989556791e-10
8.850472523048057427e-01 1.318285841677310815e-09
8.834658448613710302e-01 1.990780690378024433e-09
8.818760064139626875e-01 8.612208711787767283e-10
8.802778012605683156e-01 2.483360337090670396e-09
8.786712940375507319e-01 3.411712996705665657e-09
8.770565497170339508e-01 7.657750922143455041e-10
8.754336336042765065e-01 3.959121666541919821e-09
8.738026113350285673e-01 6.370024381474265768e-09
8.721635488728788355e-01 3.340508283179339270e-09
8.705165125065863485e-01 3.680539344098532435e-09
8.688615688473991794e-01 9.098768383091880593e-09
8.671987848263612575e-01 7.678986666896534172e-09
8.655282276916044237e-01 2.101671623259780677e-09
8.638499650056299384e-01 9.755433447367003410e-09
8.621640646425750010e-01 1.236221969597902277e-08
8.604705947854679460e-01 6.283288963954684377e-09
8.587696239234715589e-01 6.577271767456362748e-09
8.570612208491117379e-01 1.399232651187900380e-08
8.553454546554964955e-01 1.202304077236725339e-08
8.536223947335209727e-01 5.225671834990432637e-09
8.518921107690614614e-01 1.121060020748267272e-08
8.501546727401564363e-01 1.489562425782654805e-08
8.484101509141777075e-01 9.480998104169610724e-09
8.466586158449869171e-01 6.437984839939886908e-09
8.449001383700831536e-01 1.261156306092606283e-08
8.431347896077384663e-01 1.278465268554525385e-08
8.413626409541203888e-01 6.751526389614919712e-09
8.395837640804051372e-01 8.560755809329084833e-09
8.377982309298794839e-01 1.216980277988959566e-08
8.360061137150303079e-01 9.272448866661455930e-09
8.342074849146241533e-01 4.063819073866821961e-09
8.324024172707766844e-01 8.457871423846932884e-09
8.305909837860100398e-01 9.732198276346261909e-09
8.287732577203009710e-01 6.105523703766687445e-09
8.269493125881173246e-01 3.947319627442577761e-09
8.251192221554453088e-01 6.996671164403584284e-09
8.232830604368064353e-01 6.605230753488411081e-09
8.214409016922635809e-01 2.953803774232383670e-09
8.195928204244178339e-01 2.843897661419859234e-09
8.177388913753953492e-01 4.885883430773332255e-09
8.158791895238250991e-01 3.876499185496785643e-09
8.140137900818056327e-01 1.370722515512617199e-09
8.121427684918638423e-01 2.424046231623148471e-09
8.102662004239037374e-01 3.301139331172259427e-09
8.083841617721460038e-01 2.514296344488499681e-09
8.064967286520585699e-01 1.066537685861622186e-09
8.046039773972787357e-01 7.506818269995600311e-10
8.027059845565251983e-01 1.114169753883506283e-09
8.008028268905027502e-01 1.676628599067528392e-09
7.988945813687977626e-01 2.632303123375237636e-09
7.969813251667650089e-01 3.511909212171967550e-09
7.950631356624073831e-01 4.222839162227504590e-09
7.931400904332447377e-01 4.309449402944815980e-09
7.912122672531782808e-01 3.441118319959129177e-09
7.892797440893442040e-01 2.069977531968331150e-09
7.873425990989602052e-01 1.129892016599294876e-09
7.854009106261652384e-01 1.892626335133918285e-09
7.834547571988508263e-01 3.138581503157581864e-09
7.815042175254849344e-01 4.485432804453166483e-09
7.795493704919289613e-01 5.175959268788606645e-09
7.775902951582471800e-01 4.544540444779497142e-09
7.756270707555095179e-01 3.518800002876555620e-09
7.736597766825871192e-01 5.330912908342862019e-09
7.716884925029410258e-01 8.450286858261586323e-09
7.697132979414046394e-01 1.085460122042768235e-08
7.677342728809593009e-01 1.192270832572587948e-08
7.657514973595035412e-01 1.167831862156574444e-08
7.637650515666163376e-01 1.070593862224187287e-08
7.617750158403135963e-01 9.852094752676196366e-09
7.597814706637993076e-01 9.795333553697574079e-09
7.577844966622104828e-01 1.071987690925682091e-08
7.557841745993563176e-01 1.311456483699082271e-08
7.537805853744523610e-01 1.540033784260863657e-08
7.517738100188476880e-01 1.634709234637603858e-08
7.497639296927489649e-01 1.546836942293730337e-08
7.477510256819369650e-01 1.297102831898195366e-08
7.457351793944801965e-01 9.626272525231249166e-09
7.437164723574414271e-01 6.721831630421950788e-09
7.416949862135810978e-01 4.570987754746585132e-09
7.396708027180556311e-01 3.315061466161120186e-09
7.376440037351104095e-01 3.574546583755097949e-09
7.356146712347693128e-01 4.737442093109686390e-09
7.335828872895193697e-01 5.685747684835707519e-09
7.315487340709918573e-01 5.574139230960524638e-09
7.295122938466387374e-01 4.169440044158070469e-09
7.274736489764054292e-01 1.984215648351940504e-09
7.254328819094001402e-01 1.998819892657783893e-09
7.233900751805595331e-01 4.624681499377086119e-09
7.213453114073097305e-01 6.714100343771383252e-09
7.192986732862267640e-01 7.828099600326244338e-09
7.172502435896905837e-01 7.920416570301393240e-09
7.152001051625379580e-01 7.233087364410769097e-09
7.131483409187122646e-01 6.639044985915475976e-09
7.110950338379096181e-01 6.054218950145718910e-09
7.090402669622234422e-01 5.581102295345388518e-09
7.069841233927858237e-01 5.368803849596963170e-09
7.049266862864065342e-01 5.457285033773468779e-09
7.028680388522098310e-01 5.809855437643571700e-09
7.008082643482695939e-01 6.821979045746709831e-09
6.987474460782419072e-01 7.692137440112470551e-09
6.966856673879959772e-01 8.196142769994215446e-09
6.946230116622429396e-01 8.233361927106046491e-09
6.925595623211646679e-01 7.784236130618392700e-09
6.904954028170388058e-01 6.946649896971832568e-09
6.884306166308642450e-01 5.880918313331359193e-09
6.863652872689851581e-01 5.190073989515067266e-09
6.842994982597130349e-01 4.488341202441389459e-09
6.822333331499490505e-01 3.857194575142667775e-09
6.801668755018051016e-01 3.388616076098076699e-09
6.781002088892240653e-01 2.974304493600525612e-09
6.760334168946006139e-01 2.706735351977256004e-09
6.739665831053993639e-01 2.565208770936718947e-09
6.718997911107758014e-01 2.503323579318430285e-09
6.698331244981949872e-01 2.626249887653980363e-09
6.677666668500510383e-01 2.713911722379487602e-09
6.657005017402870539e-01 2.693792307726055900e-09
6.636347127310149308e-01 2.533966486234754053e-09
6.615693833691357328e-01 2.254225619130245136e-09
6.595045971829612830e-01 1.985158599210003396e-09
6.574404376788354210e-01 1.754847139085633592e-09
6.553769883377569272e-01 1.581263756807524939e-09
6.533143326120041117e-01 1.554056964368622894e-09
6.512525539217579595e-01 1.576995106245506160e-09
6.491917356517303839e-01 1.636848452835532861e-09
6.471319611477901468e-01 1.595656162675289152e-09
6.450733137135935547e-01 1.547393982467703640e-09
6.430158766072142651e-01 1.444460907736962175e-09
6.409597330377766466e-01 1.299107546478020585e-09
6.389049661620904708e-01 1.102302087798691664e-09
6.368516590812878242e-01 9.004691860126950786e-10
6.347998948374620198e-01 6.931456603467218859e-10
6.327497564103093941e-01 5.103235717916494587e-10
6.307013267137731027e-01 3.479482073319629635e-10
6.286546885926902473e-01 2.327738110957342109e-10
6.266099248194406668e-01 1.351773949934463715e-10
6.245671180905998376e-01 6.996108872923577623e-11
6.225263510235945486e-01 1.911216731592436719e-11
6.204877061533613514e-01 1.609993127033079281e-11
6.184512659290080094e-01 4.402464104201415513e-11
6.164171127104807191e-01 7.514569685559191803e-11
6.143853287652307760e-01 1.059574757412320731e-10
6.123559962648894572e-01 1.419307660334276198e-10
6.103291972819442357e-01 1.849881965889817201e-10
6.083050137864187690e-01 2.238652315430412463e-10
6.062835276425586617e-01 2.748737918559087769e-10
6.042648206055197813e-01 3.209589552928586884e-10
6.022489743180630128e-01 3.736287404603436430e-10
6.002360703072511239e-01 4.251183760457971850e-10
5.982261899811522898e-01 4.647016928660098950e-10
5.962194146255477278e-01 5.103261299680051311e-10
5.942158254006437712e-01 5.320141689745461300e-10
5.922155033377896061e-01 5.552429090662640228e-10
5.902185293362006702e-01 5.507344423976754931e-10
5.882249841596862705e-01 5.391915398782849337e-10
5.862349484333836402e-01 5.098575818161230208e-10
5.842485026404964366e-01 4.687091525773675741e-10
5.822657271190407879e-01 4.244829963862473486e-10
5.802867020585954494e-01 3.734402497614797116e-10
5.783115074970590630e-01 3.255474617802662669e-10
5.763402233174128586e-01 2.836392496966190856e-10
5.743729292444904599e-01 2.579784374477435273e-10
5.724097048417527978e-01 2.508105629435647558e-10
5.704506295080711276e-01 2.694753459256714870e-10
5.684957824745150434e-01 3.161095982493073204e-10
5.665452428011491515e-01 3.669935247483308447e-10
5.645990893738348504e-01 4.356671282846658352e-10
5.626574009010398836e-01 4.870576556152998169e-10
5.607202559106558848e-01 5.374983887173503935e-10
5.587877327468216970e-01 5.506444650577915003e-10
5.568599095667552401e-01 5.404646417471592095e-10
5.549368643375927057e-01 4.943386746596305454e-10
5.530186748332348579e-01 4.375938817066196546e-10
5.511054186312023262e-01 3.747819992243552614e-10
5.491971731094973386e-01 3.348716411547060520e-10
5.472940154434748905e-01 3.276748089468952066e-10
5.453960226027212421e-01 3.664676573468930406e-10
5.435032713479412969e-01 4.357040712753636530e-10
5.416158382278539740e-01 5.228132456906508928e-10
5.397337995760963514e-01 5.959964386123928095e-10
5.378572315081362465e-01 6.339131979553903913e-10
5.359862099181944561e-01 6.179946839912001353e-10
5.341208104761749897e-01 5.585879462919581764e-10
5.322611086246046286e-01 4.842181812928293939e-10
5.304071795755822549e-01 4.275324680866721645e-10
5.285590983077363969e-01 4.234860386453321960e-10
5.267169395631934314e-01 4.823518661968568607e-10
5.248807778445546690e-01 5.865869015333229696e-10
5.230506874118827643e-01 6.879379129629290044e-10
5.212267422796991179e-01 7.422558702185028460e-10
5.194090162139899380e-01 7.278066118084034384e-10
5.175975827292234044e-01 6.472752790036525016e-10
5.157925150853759355e-01 5.641122804703474611e-10
5.139938862849697809e-01 5.275483226007806107e-10
5.122017690701206050e-01 5.860240631417719673e-10
5.104162359195947296e-01 7.017661748151865182e-10
5.086373590458798111e-01 8.322382299823175532e-10
5.068652103922615115e-01 8.851868733645495271e-10
5.050998616299169353e-01 8.425217740632625717e-10
5.033413841550131718e-01 7.379014027878032232e-10
5.015898490858223813e-01 6.681601259106700560e-10
4.998453272598435415e-01 7.013789074260185736e-10
4.981078892309385164e-01 8.365168265862363291e-10
4.963776052664791161e-01 9.935796691023795547e-10
4.946545453445034823e-01 1.055257499563895660e-09
4.929387791508883510e-01 9.910829685076543501e-10
4.912303760765285299e-01 8.723455527605797605e-10
4.895294052145320318e-01 8.313321946261597746e-10
4.878359353574250878e-01 9.365225801259321516e-10
4.861500349943701504e-01 1.128793546426974403e-09
4.844717723083955541e-01 1.255393836299965377e-09
4.828012151736389423e-01 1.214773095510288514e-09
4.811384311526008539e-01 1.083768577212411421e-09
4.794834874934136848e-01 1.029188223695892991e-09
4.778364511271211423e-01 1.157701872617930996e-09
4.761973886649714660e-01 1.386627941973036199e-09
4.745663663957235268e-01 1.518073430412572345e-09
4.729434502829659714e-01 1.422423414377772769e-09
4.713287059624494679e-01 1.283657438591956061e-09
4.697221987394316622e-01 1.311010568470169638e-09
4.681239935860374013e-01 1.550845395719811676e-09
4.665341551386289476e-01 1.822975556270359371e-09
4.649527476951941796e-01 1.798632446159400599e-09
4.633798352127445619e-01 1.600346164416732966e-09
4.618154813047287144e-01 1.578202976033203909e-09
4.602597492384609135e-01 1.858826403347572199e-09
4.587127019325605293e-01 2.201360789640519237e-09
4.571744019544090598e-01 2.201291861383716795e-09
4.556449115176183784e-01 1.953369373973083450e-09
4.541242924795159674e-01 1.950809323556352282e-09
4.526126063386418097e-01 2.354371391470565205e-09
4.511099142322622102e-01 2.702111325812428154e-09
4.496162769338967746e-01 2.601595022840954229e-09
4.481317548508606530e-01 2.348189236325173470e-09
4.466564080218218824e-01 2.528113319409183118e-09
4.451902961143720527e-01 3.055599688776804745e-09
4.437334784226145135e-01 3.244621434138401428e-09
4.422860138647655703e-01 2.945158153964715162e-09
4.408479609807719468e-01 2.874508525406296412e-09
4.394193779299430114e-01 3.399931115055789163e-09
4.380003224885989921e-01 3.813364075194161426e-09
4.365908520477336796e-01 3.590712196356480932e-09
4.351910236106943941e-01 3.356641598006009370e-09
4.338008937908752194e-01 3.763070600841078589e-09
4.324205188094288888e-01 4.391693161743873928e-09
4.310499544929918825e-01 4.176827492844996443e-09
4.296892562714270669e-01 3.723935144210378814e-09
4.283384791755819876e-01 4.385100139314891678e-09
4.269976778350628166e-01 4.718726382594633871e-09
4.256669064760259524e-01 4.577113714555750070e-09
4.243462189189836087e-01 4.407736551030289908e-09
4.230356685766284430e-01 4.117225756605512560e-09
4.217353084516722861e-01 5.839979167479197848e-09
4.204451911347032445e-01 4.354706116083649938e-09
4.191653688020586799e-01 4.192541620459027192e-09
4.178958932137146753e-01 6.631166287262972864e-09
4.166368157111932646e-01 2.559969384139820932e-09
4.153881872154853161e-01 7.421275386359803301e-09
4.141500582249919016e-01 5.553898620181947553e-09
4.129224788134813751e-01 5.990911802966426530e-09
4.117054986280645479e-01 1.232875753400586106e-08
4.104991668871866284e-01 7.754598690279168739e-09
4.093035323786368695e-01 1.803350783191659832e-08
4.081186434575754807e-01 1.896898136371021342e-08
4.069445480445775254e-01 2.482071304363994697e-08
4.057812936236953050e-01 3.486466119980809349e-08
4.046289272405380610e-01 3.837746562119350846e-08
4.034874955003688313e-01 5.630612990012397928e-08
4.023570445662200679e-01 6.922896554161586489e-08
4.012376201570262424e-01 8.838708541264562622e-08
4.001292675457749914e-01 1.143820920989762244e-07
3.990320315576765808e-01 1.426868587754988975e-07
3.979459565683499678e-01 1.868855673181292574e-07
3.968710865020295686e-01 2.283775613217466340e-07
3.958074648297873477e-01 2.924266407365412775e-07
3.947551345677757229e-01 3.603908395483159118e-07
3.937141382754874575e-01 4.391239228399624094e-07
3.926845180540345370e-01 5.342579846114669041e-07
3.916663155444454758e-01 6.613162457884320110e-07
3.906595719259810529e-01 8.273388678262595320e-07
3.896643279144692551e-01 9.801225128068872627e-07
3.886806237606579839e-01 1.165389915835981329e-06
3.877084992485879122e-01 1.421946076779904690e-06
3.867479936939831053e-01 1.720728902875105437e-06
3.857991459426608483e-01 1.984989848732342218e-06
3.848619943689611245e-01 2.401673083241162666e-06
3.839365768741938578e-01 2.829657893136257348e-06
3.830229308851068604e-01 3.237384082582613593e-06
3.821210933523717102e-01 3.878274493116546974e-06
3.812311007490893910e-01 4.361991922916278780e-06
3.803529890693152504e-01 5.160937589137141290e-06
3.794867938266036078e-01 5.814768526232713165e-06
3.786325500525707377e-01 6.726595610930969741e-06
3.777902922954790021e-01 7.538539686991042184e-06
3.769600546188385803e-01 8.614233862632034654e-06
3.761418706000311807e-01 9.500515110653930502e-06
3.753357733289503506e-01 1.081845711592428598e-05
3.745417954066649902e-01 1.162937076373635785e-05
3.737599689440995188e-01 1.326948398586113986e-05
3.729903255607357471e-01 1.443261834852000598e-05
3.722328963833343440e-01 1.575895324145871611e-05
3.714877120446754000e-01 1.738911048528707631e-05
3.707548026823200282e-01 1.836407062618947283e-05
3.700341979373911183e-01 2.009861638493473757e-05
3.693259269533749056e-01 2.166658701286017054e-05
3.686300183749420811e-01 2.266593879318574132e-05
3.679465003467893847e-01 2.418343909252927565e-05
3.672754005125014598e-01 2.588466268343409587e-05
3.666167460134325262e-01 2.693819568203268623e-05
3.659705634876093128e-01 2.741692333070711217e-05
3.653368790686529755e-01 2.923474009922772025e-05
3.647157183847226092e-01 3.051643702020663770e-05
3.641071065574789101e-01 3.122812163456928532e-05
3.635110682010678218e-01 3.142348954463690451e-05
3.629276274211251652e-01 3.217787868047841481e-05
3.623568078138019732e-01 3.315382092355248305e-05
3.617986324648096441e-01 3.365643699124406428e-05
3.612531239484871870e-01 3.372700200724073878e-05
3.607203043268869536e-01 3.340102032989717009e-05
3.602001951488839060e-01 3.274019127371253466e-05
3.596928174493028707e-01 3.281835392019975708e-05
3.591981917480681075e-01 3.280296593716075119e-05
3.587163380493741949e-01 3.248563830811707428e-05
3.582472758408758451e-01 3.188548226715275737e-05
3.577910240929006447e-01 3.106164290891595713e-05
3.573476012576812799e-01 3.003291430460178584e-05
3.569170252686097999e-01 2.885284968653780509e-05
3.564993135395115864e-01 2.753905070444978911e-05
3.560944829639419718e-01 2.614155530517527537e-05
3.557025499145023417e-01 2.493967701960743869e-05
3.553235302421782760e-01 2.389778671192347586e-05
3.549574392756984498e-01 2.273957799251910810e-05
3.546042918209145189e-01 2.152679296598548396e-05
3.542641021602025431e-01 2.024722549529966642e-05
3.539368840518853365e-01 1.895931443914318951e-05
3.536226507296760246e-01 1.764700732196747041e-05
3.533214149021425832e-01 1.636171298467746718e-05
3.530331887521943601e-01 1.508141118767683540e-05
3.527579839365887482e-01 1.385004599147255717e-05
3.524958115854603946e-01 1.264186827860991153e-05
3.522466823018705617e-01 1.149710030677812560e-05
3.520106061613785253e-01 1.039013597387994759e-05
3.517875927116340673e-01 9.358590769980484189e-06
3.515776509719913401e-01 8.376807737134528740e-06
3.513807894331441029e-01 7.477890240632144260e-06
3.511970160567822741e-01 6.635377292409433101e-06
3.510263382752699113e-01 5.876188410043533100e-06
3.508687629913448403e-01 5.171502106444344348e-06
3.507242965778391564e-01 4.548668494562681892e-06
3.505929448774217638e-01 4.004230957587567367e-06
3.504747132023620648e-01 3.561191500173940303e-06
3.503696063343148537e-01 3.134890774558840188e-06
3.502776285241271381e-01 2.664997183554613404e-06
3.501987834916662767e-01 2.103123827334342500e-06
3.501330744256694327e-01 1.463000258287398591e-06
3.500805039836145660e-01 8.641592618443857010e-07
3.500410742916131301e-01 4.136253795504759108e-07
3.500147869443238635e-01 1.313503581649113557e-07
3.500016430048884519e-01 2.951688681375622537e-09
