9.999854852141716322e-01 1.882900531984677052e-09 1.735968235133970636e-09 3.618868767118647895e-09
9.998693792596833330e-01 1.504010760355278000e-07 1.406134787892944998e-07 2.910145548248222734e-07
9.996372331143514867e-01 1.128471228906447544e-06 1.084759894906033206e-06 2.213231123812480538e-06
9.992891782682171709e-01 4.156184387005108796e-06 4.163865239248554052e-06 8.320049626253662848e-06
9.988254118632389211e-01 1.073309478835264516e-05 1.135581492372656517e-05 2.208890971207920864e-05
9.982461965816311622e-01 2.230616583497431948e-05 2.524342318723971535e-05 4.754958902221403483e-05
9.975518604970767811e-01 3.992439122861023734e-05 4.892295520060738949e-05 8.884734642921762683e-05
9.967427968889037704e-01 6.394380229371781027e-05 8.584532189384602588e-05 1.497891241875638226e-04
9.958194640193269720e-01 9.384029943708501376e-05 1.395775860721815576e-04 2.334178855092665849e-04
9.947823848738834851e-01 1.281707923592732877e-04 2.134850478813033804e-04 3.416558402405766681e-04
9.936321468652089539e-01 1.646976250922271379e-04 3.103513667670074411e-04 4.750489918592345519e-04
9.923694015003196034e-01 2.006612886235023584e-04 4.319730597886889661e-04 6.326343484121913245e-04
9.909948640115926466e-01 2.331575663649880070e-04 5.787811339865273855e-04 8.119387003515153925e-04
9.895093129516505659e-01 2.595535744575439658e-04 7.495518948651240521e-04 1.009105469322668126e-03
9.879135897523809717e-01 2.778678099678395449e-04 9.412671489274403386e-04 1.219134958895279775e-03
9.862085982483406177e-01 2.870451298980880952e-04 1.149169126538129165e-03 1.436214256436217206e-03
9.843953041648138003e-01 2.870780160246233243e-04 1.367028556931252367e-03 1.654106572955875692e-03
9.824747345708151336e-01 2.789564059748163901e-04 1.587609789050264605e-03 1.866566195025080995e-03
9.804479772973471174e-01 2.644628611960950443e-04 1.803281615684016251e-03 2.067744476880111187e-03
9.783161803212407914e-01 2.458598579750454123e-04 2.006694440583548216e-03 2.252554298558593574e-03
9.760805511149299729e-01 2.255345357237223544e-04 2.191430405007408107e-03 2.416964940731130326e-03
9.737423559625255631e-01 2.056693234309831799e-04 2.352536734289523840e-03 2.558206057720507128e-03
9.713029192425786107e-01 1.879946105843468933e-04 2.486873291419364890e-03 2.674867902003711783e-03
9.687636226779390292e-01 1.736561415160746890e-04 2.593238368669460291e-03 2.766894510185535089e-03
9.661259045531324086e-01 1.632018533294210386e-04 2.672274490506214295e-03 2.835476343835635279e-03
9.633912588997007864e-01 1.566677718929397937e-04 2.726190114818204287e-03 2.882857886711144135e-03
9.605612346499670107e-01 1.537260783769679186e-04 2.758356833439860531e-03 2.912082911816828504e-03
9.576374347597031988e-01 1.538532652653374386e-04 2.772851418445349339e-03 2.926704683710686615e-03
9.546215153001997855e-01 1.564816933791195641e-04 2.774008027567092388e-03 2.930489720946212115e-03
9.515151845202487468e-01 1.611104155993233551e-04 2.766031417508481305e-03 2.927141833107804823e-03
9.483202018785737986e-01 1.673661708137308456e-04 2.752702202830454789e-03 2.920068373644185526e-03
9.450383770472536860e-01 1.750186349207576630e-04 2.737185198880556607e-03 2.912203833801314378e-03
9.416715688867054457e-01 1.839625254585169737e-04 2.721935589799364709e-03 2.905898115257881872e-03
9.382216843928056216e-01 1.941821568770179596e-04 2.708687023854993488e-03 2.902869180732011584e-03
9.346906776167477338e-01 2.057124196061129698e-04 2.698500845783837875e-03 2.904213265389951008e-03
9.310805485582468455e-01 2.186057879873514473e-04 2.691855330463462960e-03 2.910461118450814299e-03
9.273933420327187260e-01 2.329098851599439336e-04 2.688756266741630131e-03 2.921666151901574065e-03
9.236311465130746523e-01 2.486558970114399769e-04 2.688853968320960471e-03 2.937509865332400393e-03
9.197960929467876579e-01 2.658555051027714118e-04 2.691555665203657771e-03 2.957411170306429183e-03
9.158903535489022474e-01 2.845030425630071247e-04 2.696125708202657279e-03 2.980628750765664404e-03
9.119161405716675883e-01 3.045798370083361477e-04 2.701768958034586783e-03 3.006348795042922822e-03
9.078757050514953963e-01 3.260585971322680580e-04 2.707695179526277938e-03 3.033753776658545780e-03
9.037713355339486165e-01 3.489067094363021947e-04 2.713164293580818190e-03 3.062071003017120385e-03
8.996053567774844328e-01 3.730881196954692375e-04 2.717513971695261106e-03 3.090602091390730506e-03
8.953801284366871283e-01 3.985639656710731065e-04 2.720172253334563264e-03 3.118736219005636533e-03
8.910980437257347564e-01 4.252923318846595861e-04 2.720658580501646683e-03 3.145950912386306052e-03
8.867615280628560193e-01 4.532275089827178462e-04 2.718576870225464064e-03 3.171804379208182072e-03
8.823730376965495115e-01 4.823190589764694749e-04 2.713604039771977481e-03 3.195923098748446739e-03
8.779350583143367137e-01 5.125108850065661706e-04 2.705476871694516110e-03 3.217987756701082280e-03
8.734501036348434333e-01 5.437404175719449256e-04 2.693979395939051502e-03 3.237719813510996428e-03
8.689207139840021688e-01 5.759379692967174329e-04 2.678932211166122103e-03 3.254870180462839536e-03
8.643494548561849733e-01 6.090262733876260475e-04 2.660184476817420082e-03 3.269210750205046347e-03
8.597389154610801665e-01 6.429202000682436059e-04 2.637608750592805411e-03 3.280528950661049017e-03
8.550917072571357913e-01 6.775266331428336439e-04 2.611098451478511759e-03 3.288625084621345403e-03
8.504104624724033723e-01 7.127444826572699099e-04 2.580567491970104602e-03 3.293311974627374621e-03
8.456978326136141977e-01 7.484648071716397573e-04 2.545951519153000393e-03 3.294416326324640151e-03
8.409564869643388896e-01 7.845710205502301037e-04 2.507210197701187186e-03 3.291781218251417507e-03
8.361891110730766963e-01 8.209391627664325156e-04 2.464330022958520321e-03 3.285269185724952728e-03
8.313984052321321538e-01 8.574382214237140799e-04 2.417327238636721859e-03 3.274765460060435722e-03
8.265870829481408721e-01 8.939304996879275655e-04 2.366250528764211967e-03 3.260181028452139532e-03
8.217578694051105304e-01 9.302720355531774810e-04 2.311183243004058356e-03 3.241455278557235729e-03
8.169134999208480519e-01 9.663130860952234011e-04 2.252244991018595779e-03 3.218558077113819072e-03
8.120567183976462600e-01 1.001898697066451851e-03 2.189592503072724725e-03 3.191491200139176358e-03
8.071902757681084228e-01 1.036869382460844403e-03 2.123419701694280459e-03 3.160289084155124863e-03
8.023169284369909837e-01 1.071061939721948582e-03 2.053956965711133901e-03 3.125018905433082483e-03
7.974394367199468814e-01 1.104310424040361692e-03 1.981469596518592793e-03 3.085780020558954485e-03
7.925605632800530875e-01 1.136447299703728479e-03 1.906255519762202174e-03 3.042702819465930436e-03
7.876830715630089852e-01 1.167304778178543823e-03 1.828642275751261349e-03 2.995947053929805173e-03
7.828097242318916571e-01 1.196716342197290915e-03 1.748983369989744532e-03 2.945699712187035448e-03
7.779432816023537089e-01 1.224518443454217752e-03 1.667654071609624231e-03 2.892172515063841983e-03
7.730865000791519170e-01 1.250552349631307240e-03 1.585046762045996295e-03 2.835599111677303535e-03
7.682421305948894386e-01 1.274666105511406290e-03 1.501565948522861011e-03 2.776232054034267517e-03
7.634129170518590968e-01 1.296716563816374939e-03 1.417623066259689158e-03 2.714339630076063881e-03
7.586015947678678151e-01 1.316571435222852870e-03 1.333631199345202073e-03 2.650202634568055160e-03
7.538108889269232726e-01 1.334111304330385783e-03 1.249999852840197670e-03 2.584111157170583453e-03
7.490435130356610793e-01 1.349231559959082572e-03 1.167129908171603281e-03 2.516361468130686070e-03
7.443021673863857712e-01 1.361844194099246733e-03 1.085408890991738234e-03 2.447253085090984968e-03
7.395895375275965966e-01 1.371879434402416493e-03 1.005206676431088251e-03 2.377086110833504743e-03
7.349082927428640666e-01 1.379287189916193757e-03 9.268717521023538217e-04 2.306158942018547361e-03
7.302610845389199135e-01 1.384038307697409414e-03 8.507281548613582515e-04 2.234766462558767774e-03
7.256505451438149956e-01 1.386125657772034744e-03 7.770731926041481033e-04 2.163198850376182956e-03
7.210792860159978002e-01 1.385565082015888065e-03 7.061760548669621931e-04 2.091741136882850367e-03
7.165498963651566466e-01 1.382396255009957307e-03 6.382774009633866534e-04 2.020673655973343960e-03
7.120649416856632552e-01 1.376683505386738175e-03 5.735899847790733915e-04 1.950273490165811566e-03
7.076269623034504574e-01 1.368516627484597662e-03 5.123003225759909136e-04 1.880816950060588575e-03
7.032384719371439497e-01 1.358011668376510068e-03 4.545713260430602485e-04 1.812582994419570208e-03
6.989019562742653235e-01 1.345311599153044962e-03 4.005457025408599406e-04 1.745857301693904849e-03
6.946198715633128407e-01 1.330586671745427651e-03 3.503497702701674900e-04 1.680936442015595195e-03
6.903946432225155361e-01 1.314034130743219151e-03 3.040971608893600206e-04 1.618131291632579280e-03
6.862286644660513524e-01 1.295876811188652333e-03 2.618917118726071303e-04 1.557768523061259409e-03
6.821242949485044615e-01 1.276360036229367851e-03 2.238287242557685029e-04 1.500188760485136408e-03
6.780838594283323806e-01 1.255746169701792191e-03 1.899937254512981634e-04 1.445739895153090246e-03
6.741096464510977215e-01 1.234306218656261835e-03 1.604579786722300878e-04 1.394764197328491814e-03
6.702039070532122000e-01 1.212308054932440590e-03 1.352702554714166967e-04 1.347578310403857232e-03
6.663688534869253166e-01 1.190001153612681379e-03 1.144448460934559893e-04 1.304445999706137314e-03
6.626066579672812429e-01 1.167598224340043013e-03 9.794639727685967097e-05 1.265544621616902657e-03
6.589194514417531234e-01 1.145254701668814911e-03 8.567286998341660826e-05 1.230927571652231560e-03
6.553093223832523462e-01 1.123047690921343206e-03 7.743859218480817494e-05 1.200486283106151327e-03
6.517783156071943473e-01 1.100956537307088085e-03 7.295991066732674876e-05 1.173916447974414834e-03
6.483284311132945232e-01 1.078847585192814528e-03 7.184618496646826512e-05 1.150693770159282861e-03
6.449616229527462830e-01 1.056465814982940864e-03 7.359870716511106488e-05 1.130064522148051861e-03
6.416797981214261704e-01 1.033435809306741714e-03 7.761952055930164114e-05 1.111055329866043450e-03
6.384848154797511111e-01 1.009273879447657261e-03 8.323107295323487343e-05 1.092504952400892093e-03
6.353784846998001834e-01 9.834122083683131867e-04 8.970628688289810477e-05 1.073118495251211210e-03
6.323625652402967701e-01 9.552346308732168490e-04 9.630714520624436537e-05 1.051541776079461133e-03
6.294387653500330693e-01 9.241223176590269983e-04 1.023285099634862750e-04 1.026450827622513206e-03
6.266087411002991825e-01 8.895063285200062063e-04 1.071428558760495828e-04 9.966491843960557755e-04
6.238740954468675604e-01 8.509229243439898546e-04 1.102411085735584457e-04 9.611640329175482732e-04
6.212363773220609398e-01 8.080668244017191705e-04 1.112649515395462642e-04 9.193317759412654618e-04
6.186970807574213582e-01 7.608373658273590674e-04 1.100268153924500048e-04 8.708641812198090722e-04
6.162576440374744058e-01 7.093728074516242234e-04 1.065151822227461891e-04 8.158879896743703990e-04
6.139194488850699960e-01 6.540688021093418909e-04 1.008846188722886260e-04 7.549534209816304627e-04
6.116838196787591775e-01 5.955782684363157466e-04 9.343182369869782540e-05 6.890100921350135856e-04
6.095520227026529625e-01 5.347914125992655815e-04 8.456064307247679671e-05 6.193520556717423782e-04
6.075252654291849463e-01 4.727963457061952696e-04 7.474023473906446903e-05 5.475365804452597251e-04
6.056046958351861687e-01 4.108224642434328447e-04 6.446115480382193371e-05 4.752836190472547648e-04
6.037914017516593512e-01 3.501703589758537252e-04 5.419406266737044166e-05 4.043644216432241804e-04
6.020864102476189972e-01 2.921333519639300364e-04 4.435502883029670239e-05 3.364883807942267387e-04
6.004906870483495140e-01 2.379167063006253980e-04 3.528024882217854020e-05 2.731969551228039450e-04
5.990051359884074333e-01 1.885610107946301766e-04 2.721153259578085344e-05 2.157725433904110436e-04
5.976305984996803655e-01 1.448761467612921653e-04 2.029249339717956313e-05 1.651686401584717386e-04
5.963678531347910150e-01 1.073915772815263085e-04 1.457412025428136902e-05 1.219656975358076809e-04
5.952176151261163728e-01 7.632749120974592302e-05 1.002754080499298723e-05 8.635503201473890516e-05
5.941805359806729969e-01 5.158967191347574213e-05 6.561342741797297825e-06 5.815101465527304080e-05
5.932572031110961985e-01 3.278898004529019365e-05 4.040816127615078138e-06 3.682979617290526924e-05
5.924481395029231878e-01 1.928421724538131532e-05 2.306829242837954945e-06 2.159104648821927026e-05
5.917538034183688067e-01 1.024507168224735474e-05 1.192636856758125928e-06 1.143770853900548151e-05
5.911745881367610478e-01 4.730034578023072642e-06 5.376058108563914459e-07 5.267640388879463876e-06
5.907108217317827981e-01 1.772796932364965408e-06 1.975036145664651905e-07 1.970300546931430545e-06
5.903627668856483712e-01 4.698218675084800231e-07 5.153651401893966740e-08 5.213583815274196838e-07
5.901306207403166360e-01 6.162151012458429601e-08 6.688314977138814408e-09 6.830982510172310628e-08
5.900145147858283368e-01 7.653240163394473598e-10 8.262245282398244952e-11 8.479464691634297964e-10
