3.636357747144316251e-03 -3.341463872615329198e-70
7.272715494288632503e-03 1.631793187726648036e-69
1.090907324143294832e-02 -2.827817172306559721e-69
1.454543098857726501e-02 -1.206683981599758249e-68
1.818178873572158169e-02 1.234549602030663795e-67
2.181814648286589664e-02 -6.517702280948923250e-67
2.545450423001021506e-02 3.314851075026767842e-66
2.909086197715453001e-02 -1.503498523117076931e-65
3.272721972429884496e-02 5.744263704076229951e-65
3.636357747144316338e-02 -2.802554805175593955e-64
3.999993521858748180e-02 1.002129329415179587e-63
4.363629296573179328e-02 -3.338889214583721062e-63
4.727265071287611170e-02 1.111010710905919618e-62
5.090900846002043012e-02 -3.234764544449419901e-62
5.454536620716474160e-02 8.217459011948955263e-62
5.818172395430906002e-02 -3.372329240072890774e-61
6.181808170145337844e-02 3.684997698849630789e-61
6.545443944859768992e-02 6.996756572233791464e-61
6.909079719574201528e-02 -3.698202341961480998e-60
7.272715494288632676e-02 6.153986565968991979e-58
7.636351269003063824e-02 -9.625953742908045464e-58
7.999987043717496360e-02 3.826096470853450994e-57
8.363622818431927508e-02 -1.505904327185671385e-56
8.727258593146358656e-02 5.615259170888876353e-56
9.090894367860791192e-02 -2.163185774038376426e-55
9.454530142575222340e-02 3.972399095932463747e-55
9.818165917289653488e-02 -2.064660312323010476e-54
1.018180169200408602e-01 4.786730876123124898e-54
1.054543746671851717e-01 5.389745529934279964e-54
1.090907324143294832e-01 -2.099127537959219579e-52
1.127270901614738086e-01 4.959639202778396244e-52
1.163634479086181200e-01 -2.138610649318710395e-51
1.199998056557624315e-01 1.757136621472907742e-50
1.236361634029067569e-01 -4.009150396103622322e-50
1.272725211500510822e-01 1.557988741840543283e-49
1.309088788971953798e-01 -7.997730728262705484e-49
1.345452366443397052e-01 4.768887722702007959e-48
1.381815943914840306e-01 -1.470389521124955476e-47
1.418179521386283282e-01 4.801969702161668044e-47
1.454543098857726535e-01 -1.647520886118270468e-46
1.490906676329169789e-01 3.206123655850839014e-46
1.527270253800612765e-01 7.560174629864033694e-45
1.563633831272056018e-01 -2.670868398567170059e-44
1.599997408743499272e-01 1.118086461510590759e-43
1.636360986214942248e-01 -2.043243146186330239e-43
1.672724563686385502e-01 5.781690529996223088e-43
1.709088141157828755e-01 -1.074358657857422120e-41
1.745451718629271731e-01 2.624160354152190982e-41
1.781815296100714985e-01 -8.130473826092460961e-41
1.818178873572158238e-01 3.455449276074706779e-40
1.854542451043601214e-01 4.168969888013196386e-40
1.890906028515044468e-01 -7.589450922033950589e-39
1.927269605986487722e-01 2.992842350695043167e-38
1.963633183457930698e-01 -2.868485010255298224e-38
1.999996760929373951e-01 8.915930214726819763e-37
2.036360338400817205e-01 -4.928795407842300510e-36
2.072723915872260181e-01 1.390683679868913574e-35
2.109087493343703434e-01 -3.493900186223313661e-35
2.145451070815146688e-01 1.478153498548389759e-34
2.181814648286589664e-01 -1.992248486672316698e-34
2.218178225758032918e-01 8.674386714998460602e-34
2.254541803229476171e-01 2.286989885631493941e-32
2.290905380700919147e-01 -1.265396477906982168e-31
2.327268958172362401e-01 3.617652006105705316e-31
2.363632535643805654e-01 -5.151520049938335103e-31
2.399996113115248630e-01 8.883042057476960128e-30
2.436359690586691884e-01 -3.034398020508094354e-29
2.472723268058135138e-01 6.972889697341532235e-29
2.509086845529578391e-01 2.308924767378658746e-28
2.545450423001021645e-01 -1.469730284031131824e-27
2.581814000472464343e-01 -1.829583718378346970e-29
2.618177577943907597e-01 -8.246005864320743532e-26
2.654541155415350850e-01 3.135135863939415596e-25
2.690904732886794104e-01 -3.870695686925041997e-25
2.727268310358237358e-01 2.341160557278881867e-24
2.763631887829680611e-01 -5.188804913169841502e-24
2.799995465301123310e-01 7.000006131255334663e-22
2.836359042772566563e-01 2.971279562497510074e-21
2.872722620244009817e-01 9.716033472662126038e-21
2.909086197715453070e-01 1.992636959469350163e-19
2.945449775186896324e-01 8.755559264955369584e-19
2.981813352658339578e-01 1.805715859587649422e-18
3.018176930129782276e-01 2.604029199415281128e-17
3.054540507601225530e-01 4.867631861585939853e-17
3.090904085072668783e-01 5.745361314942574378e-16
3.127267662544112037e-01 2.015195859171369110e-15
3.163631240015555290e-01 2.874592662011493102e-15
3.199994817486998544e-01 1.767635641036048873e-14
3.236358394958441242e-01 4.651128457725412141e-14
3.272721972429884496e-01 3.029991873087434194e-13
3.309085549901327750e-01 4.499109693377148567e-13
3.345449127372771003e-01 2.350659546271104680e-12
3.381812704844214257e-01 2.604663414187902714e-12
3.418176282315657510e-01 1.005364082101214372e-11
3.454539859787100209e-01 1.635694426347385534e-11
3.490903437258543462e-01 4.489573282366650347e-11
3.527267014729986716e-01 5.475591170305801771e-11
3.563630592201429970e-01 1.152144876325848686e-10
3.599994169672873223e-01 9.831495337726849917e-11
3.636357747144316477e-01 1.826074426461041202e-10
3.672721324615759175e-01 1.264784258041592207e-10
3.709084902087202429e-01 2.220187786382213137e-10
3.745448479558645682e-01 1.915624360263574570e-10
3.781812057030088936e-01 2.306931619871725839e-10
3.818175634501532190e-01 2.295229812947503869e-10
3.854539211972975443e-01 2.187202877892289322e-10
3.890902789444418142e-01 2.186786996387384968e-10
3.927266366915861395e-01 2.517107943343656181e-10
3.963629944387304649e-01 3.614225730273130222e-10
3.999993521858747902e-01 3.102586114840737227e-10
4.036357099330191156e-01 3.100536671729906680e-10
4.072720676801634410e-01 3.261470764155496886e-10
4.109084254273077108e-01 3.769500146560178632e-10
4.145447831744520362e-01 3.317676170183309906e-10
4.181811409215963615e-01 4.100757023982949689e-10
4.218174986687406869e-01 4.625434519371541666e-10
4.254538564158850122e-01 4.382182795591644345e-10
4.290902141630293376e-01 4.738145615056112861e-10
4.327265719101736074e-01 4.955565699439692829e-10
4.363629296573179328e-01 5.032982064652280073e-10
4.399992874044622582e-01 5.532531183513150632e-10
4.436356451516065835e-01 6.371114127507677857e-10
4.472720028987509089e-01 5.049480620636726713e-10
4.509083606458952342e-01 5.528099556103906184e-10
4.545447183930395041e-01 5.804563969934971575e-10
4.581810761401838294e-01 5.473464887549942833e-10
4.618174338873281548e-01 5.303343573807415363e-10
4.654537916344724802e-01 5.822789857897676537e-10
4.690901493816168055e-01 5.419706818941281806e-10
4.727265071287611309e-01 5.458081154365243840e-10
4.763628648759054562e-01 5.677421997591197573e-10
4.799992226230497261e-01 5.952716521980003106e-10
4.836355803701940514e-01 5.572061099965236936e-10
4.872719381173383768e-01 5.844278304836637416e-10
4.909082958644827022e-01 5.507123572337974183e-10
4.945446536116270275e-01 6.345625306500050691e-10
4.981810113587713529e-01 6.185656630618721793e-10
5.018173691059156782e-01 5.025537312404708141e-10
5.054537268530600036e-01 5.932203649557270368e-10
5.090900846002043290e-01 5.721695185299208967e-10
5.127264423473485433e-01 3.001662788692635224e-10
5.163628000944928687e-01 5.831647092766439675e-10
5.199991578416371940e-01 6.590349625903873469e-10
5.236355155887815194e-01 6.035693491516907284e-10
5.272718733359258447e-01 5.915459412272454794e-10
5.309082310830701701e-01 5.489411353623745486e-10
5.345445888302144954e-01 6.320935372574848373e-10
5.381809465773588208e-01 5.744932491735839611e-10
5.418173043245031462e-01 7.477004521898599124e-10
5.454536620716474715e-01 5.947455675001583970e-10
5.490900198187917969e-01 6.077315758442839313e-10
5.527263775659361222e-01 7.208567863444057715e-10
5.563627353130803366e-01 6.514299444726579422e-10
5.599990930602246619e-01 6.185758842416034046e-10
5.636354508073689873e-01 6.164374288716340558e-10
5.672718085545133127e-01 5.931235490414825548e-10
5.709081663016576380e-01 5.572219283452372615e-10
5.745445240488019634e-01 5.497735120542453317e-10
5.781808817959462887e-01 5.722165019182164714e-10
5.818172395430906141e-01 5.660254297034150838e-10
5.854535972902349394e-01 5.577554688137513767e-10
5.890899550373792648e-01 5.787080684433644208e-10
5.927263127845235902e-01 5.467251365953919051e-10
5.963626705316679155e-01 5.137928281380995041e-10
5.999990282788121299e-01 5.256992851268599072e-10
6.036353860259564552e-01 6.214729779164545260e-10
6.072717437731007806e-01 7.382351467019288766e-10
6.109081015202451059e-01 6.101292950596005386e-10
6.145444592673894313e-01 5.480654680014732556e-10
6.181808170145337566e-01 6.564613961329528225e-10
6.218171747616780820e-01 5.065536572208465826e-10
6.254535325088224074e-01 6.516952599234628516e-10
6.290898902559667327e-01 5.796367983245465891e-10
6.327262480031110581e-01 5.155664115296981195e-10
6.363626057502553834e-01 1.647991655843395879e-09
6.399989634973997088e-01 6.494352482055422123e-10
6.436353212445439231e-01 5.491808195873203086e-10
6.472716789916882485e-01 5.154520271075225468e-10
6.509080367388325739e-01 5.684373899829807681e-10
6.545443944859768992e-01 5.161362452500261561e-10
6.581807522331212246e-01 5.395510293729078642e-10
6.618171099802655499e-01 4.405303587454957413e-10
6.654534677274098753e-01 6.105477530081634094e-10
6.690898254745542006e-01 5.725213780616925371e-10
6.727261832216985260e-01 5.805165861458194399e-10
6.763625409688428514e-01 5.805689466720588027e-10
6.799988987159871767e-01 5.524664062751178025e-10
6.836352564631315021e-01 6.696013245152243419e-10
6.872716142102757164e-01 5.266240424604495517e-10
6.909079719574200418e-01 5.457623459056807643e-10
6.945443297045643671e-01 5.539644229685095376e-10
6.981806874517086925e-01 5.106872319119970570e-10
7.018170451988530179e-01 5.302219503363789480e-10
7.054534029459973432e-01 4.724741199748175960e-10
7.090897606931416686e-01 5.129366472049044490e-10
7.127261184402859939e-01 5.016773685597127428e-10
7.163624761874303193e-01 5.062839572327944335e-10
7.199988339345746446e-01 5.388882297714277265e-10
7.236351916817189700e-01 5.160489506748558898e-10
7.272715494288632954e-01 4.643313369523857039e-10
7.309079071760076207e-01 4.907851091462897927e-10
7.345442649231518351e-01 5.262015450735676435e-10
7.381806226702961604e-01 5.602193612159243754e-10
7.418169804174404858e-01 5.315406710149604275e-10
7.454533381645848111e-01 5.251473587256052411e-10
7.490896959117291365e-01 -7.714051223350256128e-10
7.527260536588734618e-01 4.958346522755255440e-10
7.563624114060177872e-01 5.144019602807828879e-10
7.599987691531621126e-01 5.167697430646199470e-10
7.636351269003064379e-01 5.449858565638282085e-10
7.672714846474507633e-01 6.786838407293743853e-10
7.709078423945950886e-01 1.477325975865666291e-09
7.745442001417394140e-01 4.746585416004977492e-09
7.781805578888836283e-01 1.480473929275640469e-08
7.818169156360279537e-01 3.944855078439047366e-08
7.854532733831722791e-01 1.686340928454816752e-07
7.890896311303166044e-01 6.428284433158278377e-07
7.927259888774609298e-01 9.334231131549664970e-07
7.963623466246052551e-01 8.426749436624907352e-06
7.999987043717495805e-01 3.236502231756497743e-05
8.036350621188939058e-01 7.136045468740741628e-05
8.072714198660382312e-01 1.062611795151673707e-04
8.109077776131825566e-01 1.307358764079845836e-04
8.145441353603268819e-01 1.448244138825651502e-04
8.181804931074712073e-01 1.458738428645833080e-04
8.218168508546154216e-01 1.356890980521002473e-04
8.254532086017597470e-01 1.134529482443997735e-04
8.290895663489040723e-01 9.259178643411217658e-05
8.327259240960483977e-01 7.361328575018776833e-05
8.363622818431927231e-01 5.353409695331535703e-05
8.399986395903370484e-01 3.652108724018551241e-05
8.436349973374813738e-01 2.525354773033641845e-05
8.472713550846256991e-01 1.563521172158512389e-05
8.509077128317700245e-01 9.838786704643350938e-06
8.545440705789143498e-01 5.686506695138536406e-06
8.581804283260586752e-01 3.326114331399618508e-06
8.618167860732030006e-01 1.825257016406256962e-06
8.654531438203472149e-01 1.027028723882683272e-06
8.690895015674915403e-01 5.661919544071877005e-07
8.727258593146358656e-01 3.079227109900109481e-07
8.763622170617801910e-01 1.654271982362780869e-07
8.799985748089245163e-01 9.080880703044314903e-08
8.836349325560688417e-01 4.851010409927025866e-08
8.872712903032131670e-01 2.521396225488061910e-08
8.909076480503574924e-01 1.295878043400250307e-08
8.945440057975018178e-01 6.701008639774915412e-09
8.981803635446461431e-01 3.472182414176002794e-09
9.018167212917904685e-01 1.832707513148541659e-09
9.054530790389347938e-01 1.005469854703802048e-09
9.090894367860790082e-01 5.912321330219907455e-10
9.127257945332233335e-01 4.320057673401135928e-10
9.163621522803676589e-01 4.489291838122339963e-10
9.199985100275119843e-01 4.356750352416021877e-10
9.236348677746563096e-01 4.802767437643355736e-10
9.272712255218006350e-01 4.158903434254654619e-10
9.309075832689449603e-01 4.238865488375988170e-10
9.345439410160892857e-01 4.253052989380668775e-10
9.381802987632336110e-01 4.454797497632473317e-10
9.418166565103779364e-01 5.154775231198648925e-10
9.454530142575222618e-01 4.997373987103383347e-10
9.490893720046665871e-01 5.207349368531818208e-10
9.527257297518109125e-01 5.357997864633911996e-10
9.563620874989551268e-01 5.024165256693996710e-10
9.599984452460994522e-01 5.320248371932531812e-10
9.636348029932437775e-01 6.147639257566380966e-10
9.672711607403881029e-01 5.540955954690705522e-10
9.709075184875324283e-01 5.874200831065003328e-10
9.745438762346767536e-01 8.018383009200635551e-10
9.781802339818210790e-01 6.374874221424549887e-10
9.818165917289654043e-01 7.463909601631059342e-10
9.854529494761097297e-01 9.697270470924826988e-10
9.890893072232540550e-01 1.315947866320222539e-09
9.927256649703983804e-01 1.250874433150222577e-09
9.963620227175427058e-01 1.511166466016393767e-09
