4.387122003195909059e+00 2.565729027432680359e-02 4.385678068783046335e+00 1.125493132857744577e-01
4.382599593671895555e+00 2.565729027432680359e-02 4.381157147720657008e+00 1.124332932421207853e-01
4.378087326363011123e+00 2.565729027432680359e-02 4.376646365535286520e+00 1.123175333916751339e-01
4.373585591083799962e+00 2.565729027432680359e-02 4.372146111913180810e+00 1.122020437349251221e-01
4.369094776738943864e+00 2.565729027432680359e-02 4.367656775631020061e+00 1.120868342490163039e-01
4.364615271289665976e+00 2.565729027432680359e-02 4.363178744522339336e+00 1.119719148868903169e-01
4.360147461720212725e+00 2.565729027432680359e-02 4.358712405444014948e+00 1.118572955764250004e-01
4.355691734004427218e+00 2.565729027432680359e-02 4.354258144242854733e+00 1.117429862195767620e-01
4.351248473072399925e+00 2.280648024384604802e-02 4.350116902631647520e+00 9.922805980840757045e-02
4.346818062777215275e+00 2.280648024384604802e-02 4.345687644493449575e+00 9.912702650257201875e-02
4.342400885861795068e+00 2.280648024384604802e-02 4.341271616293590263e+00 9.902629497738790754e-02
4.337997323925827153e+00 2.280648024384604802e-02 4.336869199532519481e+00 9.892587393504653770e-02
4.333607757392803350e+00 2.280648024384604802e-02 4.332480774534796630e+00 9.882577205091663819e-02
4.329232565477153294e+00 2.280648024384604802e-02 4.328106720416235120e+00 9.872599797279490996e-02
4.324872126151483975e+00 1.995567021336529245e-02 4.324011010467280869e+00 8.629999374154830039e-02
4.320526816113927637e+00 1.995567021336529245e-02 4.319666565614755704e+00 8.621328592265610491e-02
4.316197010755595365e+00 1.995567021336529245e-02 4.315337622354353364e+00 8.612688748949394457e-02
4.311883084128154131e+00 1.995567021336529245e-02 4.311024554663261732e+00 8.604080590601810574e-02
4.307585408911504210e+00 1.995567021336529245e-02 4.306727735147179992e+00 8.595504860881214571e-02
4.303304356381589812e+00 1.995567021336529245e-02 4.302447535008127488e+00 8.586962300644465640e-02
4.299040296378319859e+00 1.710486018288453688e-02 4.298411413184774155e+00 7.353089750213573361e-02
4.294793597273622865e+00 1.710486018288453688e-02 4.294165335306563414e+00 7.345826184974305062e-02
4.290564625939617294e+00 1.710486018288453688e-02 4.289936982605744298e+00 7.338592941360325139e-02
4.286353747716922236e+00 1.710486018288453688e-02 4.285726720369493314e+00 7.331390644251181699e-02
4.282161326383092437e+00 1.710486018288453688e-02 4.281534912322149111e+00 7.324219915852954454e-02
4.277987724121194546e+00 1.710486018288453688e-02 4.277361920593797606e+00 7.317081375644507446e-02
4.273833301488513925e+00 1.710486018288453688e-02 4.273208105688980574e+00 7.309975640323963797e-02
4.269698417385412448e+00 1.425405015240377958e-02 4.269264670452769472e+00 6.085843447958262653e-02
4.265583429024316864e+00 1.425405015240377958e-02 4.265150100122037102e+00 6.079978121532905039e-02
4.261488691898861703e+00 1.425405015240377958e-02 4.261055778969677910e+00 6.074141660342907700e-02
4.257414559753178729e+00 1.425405015240377958e-02 4.256982060703887072e+00 6.068334568599855622e-02
4.253361384551337387e+00 1.425405015240377958e-02 4.252929297252979524e+00 6.062557347978110578e-02
4.249329516446938015e+00 1.425405015240377958e-02 4.248897838734984944e+00 6.056810497571468027e-02
4.245319303752859597e+00 1.425405015240377958e-02 4.244888033427397289e+00 6.051094513850041601e-02
4.241331092911172718e+00 1.425405015240377958e-02 4.240900227737093964e+00 6.045409890617373105e-02
4.237365228463209732e+00 1.140324012192302401e-02 4.237089730916564712e+00 4.831864599168837759e-02
4.233422053019799236e+00 1.140324012192302401e-02 4.233146811843587543e+00 4.827368198975305613e-02
4.229501907231664859e+00 1.140324012192302401e-02 4.229226920928585542e+00 4.822898059481538907e-02
4.225605129760005241e+00 1.140324012192302401e-02 4.225330396810737632e+00 4.818454566862664934e-02
4.221732057247224112e+00 1.140324012192302401e-02 4.221457576110561050e+00 4.814038104991779504e-02
4.217883024287861993e+00 1.140324012192302401e-02 4.217608793400842160e+00 4.809649055406804014e-02
4.214058363399678875e+00 1.140324012192302401e-02 4.213784381177722693e+00 4.805287797277506961e-02
4.210258404994933201e+00 1.140324012192302401e-02 4.209984669831976944e+00 4.800954707372753760e-02
4.206483477351841138e+00 1.140324012192302401e-02 4.206209987620479929e+00 4.796650160027965404e-02
4.202733906586207269e+00 1.140324012192302401e-02 4.202460660637830969e+00 4.792374527112764487e-02
4.199010016623260455e+00 8.552430091442268442e-03 4.198856451238014209e+00 3.591130183362829104e-02
4.195312129169665560e+00 8.552430091442268442e-03 4.195158699022846882e+00 3.587967629523540480e-02
4.191640563685729681e+00 8.552430091442268442e-03 4.191487267814696160e+00 3.584827587090357731e-02
4.187995637357809997e+00 8.552430091442268442e-03 4.187842474788319613e+00 3.581710327331389526e-02
4.184377665070905472e+00 8.552430091442268442e-03 4.184224634817200972e+00 3.578616119546545321e-02
4.180786959381459056e+00 8.552430091442268442e-03 4.180634060446350553e+00 3.575545231044280348e-02
4.177223830490350842e+00 8.552430091442268442e-03 4.177071061865306412e+00 3.572497927118494648e-02
4.173688586216106167e+00 8.552430091442268442e-03 4.173535946881333558e+00 3.569474471025620155e-02
4.170181531968297328e+00 8.552430091442268442e-03 4.170029020892837224e+00 3.566475123961874300e-02
4.166702970721162913e+00 8.552430091442268442e-03 4.166550586862974193e+00 3.563500145040698203e-02
4.163253202987431401e+00 8.552430091442268442e-03 4.163100945293483512e+00 3.560549791270369024e-02
4.159832526792361485e+00 8.552430091442268442e-03 4.159680394198724152e+00 3.557624317531798974e-02
4.156441237647996445e+00 8.552430091442268442e-03 4.156289229079932923e+00 3.554723976556514731e-02
4.153079628527631684e+00 8.552430091442268442e-03 4.152927742899688468e+00 3.551849018904825600e-02
4.149747989840510520e+00 8.552430091442268442e-03 4.149596226056615933e+00 3.548999692944179024e-02
4.146446609406727823e+00 8.552430091442268442e-03 4.146294966360281720e+00 3.546176244827697888e-02
4.143175772432370785e+00 5.701620060961512006e-03 4.143108428459423287e+00 2.362268611013570996e-02
4.139935761484880850e+00 5.701620060961512006e-03 4.139868470175692927e+00 2.360421289880945336e-02
4.136726856468637692e+00 5.701620060961512006e-03 4.136659617317606674e+00 2.358591704072389439e-02
4.133549334600782998e+00 5.701620060961512006e-03 4.133482147097801374e+00 2.356780011645728118e-02
4.130403470387268960e+00 5.701620060961512006e-03 4.130336334017767008e+00 2.354986369112977915e-02
4.127289535599145687e+00 5.701620060961512006e-03 4.127222449844135888e+00 2.353210931426826316e-02
4.124207799249080431e+00 5.701620060961512006e-03 4.124140763585204539e+00 2.351453851967244199e-02
4.121158527568120178e+00 5.701620060961512006e-03 4.121091541467690078e+00 2.349715282528237401e-02
4.118141983982689602e+00 5.701620060961512006e-03 4.118075046913737047e+00 2.347995373304730474e-02
4.115158429091835046e+00 5.701620060961512006e-03 4.115091540518155178e+00 2.346294272879593384e-02
4.112208120644713638e+00 5.701620060961512006e-03 4.112141280025912948e+00 2.344612128210806640e-02
4.109291313518321331e+00 5.701620060961512006e-03 4.109224520309862960e+00 2.342949084618762418e-02
4.106408259695476737e+00 5.701620060961512006e-03 4.106341513348727545e+00 2.341305285773711067e-02
4.103559208243052758e+00 5.701620060961512006e-03 4.103492508205331291e+00 2.339680873683351592e-02
4.100744405290459582e+00 5.701620060961512006e-03 4.100677751005084914e+00 2.338075988680561601e-02
4.097964094008382574e+00 5.701620060961512006e-03 4.097897484914720501e+00 2.336490769411276106e-02
4.095218514587770642e+00 5.701620060961512006e-03 4.095151950121282525e+00 2.334925352822505781e-02
4.092507904219089276e+00 5.701620060961512006e-03 4.092441383811381783e+00 2.333379874150509972e-02
4.089832497071832940e+00 5.701620060961512006e-03 4.089766020150705117e+00 2.331854466909114021e-02
4.087192524274287031e+00 5.701620060961512006e-03 4.087126090263783595e+00 2.330349262878170583e-02
4.084588213893567854e+00 5.701620060961512006e-03 4.084521822214024489e+00 2.328864392092179839e-02
4.082019790915915713e+00 5.701620060961512006e-03 4.081953440984011472e+00 2.327399982829052652e-02
4.079487477227263348e+00 5.701620060961512006e-03 4.079421168456071278e+00 2.325956161599032623e-02
4.076991491594058381e+00 5.701620060961512006e-03 4.076925223393094377e+00 2.324533053133759700e-02
4.074532049644375320e+00 5.701620060961512006e-03 4.074465821419652301e+00 2.323130780375504134e-02
4.072109363849277130e+00 5.701620060961512006e-03 4.072043175003352999e+00 2.321749464466536794e-02
4.069723643504468136e+00 5.701620060961512006e-03 4.069657493436499962e+00 2.320389224738669820e-02
4.067375094712206263e+00 5.701620060961512006e-03 4.067308982818000018e+00 2.319050178702943346e-02
4.065063920363503058e+00 5.701620060961512006e-03 4.064997846035567797e+00 2.317732442039476676e-02
4.062790320120591936e+00 5.701620060961512006e-03 4.062724282748190419e+00 2.316436128587472457e-02
4.060554490399683303e+00 5.701620060961512006e-03 4.060488489368887066e+00 2.315161350335384616e-02
4.058356624353992359e+00 5.701620060961512006e-03 4.058290659047731452e+00 2.313908217411241378e-02
4.056196911857054666e+00 5.701620060961512006e-03 4.056130981655174494e+00 2.312676838073131694e-02
4.054075539486324153e+00 5.701620060961512006e-03 4.054009643765636994e+00 2.311467318699854737e-02
4.051992690507050909e+00 5.701620060961512006e-03 4.051926828641390088e+00 2.310279763781727252e-02
4.049948544856452060e+00 5.701620060961512006e-03 4.049882716216727019e+00 2.309114275911557795e-02
4.047943279128167759e+00 5.701620060961512006e-03 4.047877483082415573e+00 2.307970955775785413e-02
4.045977066557000512e+00 5.701620060961512006e-03 4.045911302470444504e+00 2.306849902145776884e-02
4.044050077003955579e+00 5.701620060961512006e-03 4.043984344239056838e+00 2.305751211869299169e-02
4.042162476941562943e+00 5.701620060961512006e-03 4.042096774858077168e+00 2.304674979862149711e-02
4.040314429439494148e+00 5.701620060961512006e-03 4.040248757394526713e+00 2.303621299099956055e-02
4.038506094150480230e+00 5.701620060961512006e-03 4.038440451498541250e+00 2.302590260610146156e-02
4.036737627296513864e+00 5.701620060961512006e-03 4.036672013389574154e+00 2.301581953464082106e-02
4.035009181655357935e+00 5.701620060961512006e-03 4.034943595842904962e+00 2.300596464769368021e-02
4.033320906547341878e+00 2.850810030480756003e-03 4.033304516921315752e+00 1.149821612195858767e-02
4.031672947822467989e+00 2.850810030480756003e-03 4.031656564893014938e+00 1.149351811105945274e-02
4.030065447847805515e+00 2.850810030480756003e-03 4.030049071450518383e+00 1.148893544021501074e-02
4.028498545495195593e+00 2.850810030480756003e-03 4.028482175465104120e+00 1.148446850532196251e-02
4.026972376129252851e+00 2.850810030480756003e-03 4.026956012300836107e+00 1.148011769227858837e-02
4.025487071595671651e+00 2.850810030480756003e-03 4.025470713802874023e+00 1.147588337695140508e-02
4.024042760209834313e+00 2.850810030480756003e-03 4.024026408286077050e+00 1.147176592514269691e-02
4.022639566745728423e+00 2.850810030480756003e-03 4.022623220523926513e+00 1.146776569255891776e-02
4.021277612425166126e+00 2.850810030480756003e-03 4.021261271737741616e+00 1.146388302477995697e-02
4.019957014907311610e+00 2.850810030480756003e-03 4.019940679586209598e+00 1.146011825722928652e-02
4.018677888278516797e+00 2.850810030480756003e-03 4.018661558155217861e+00 1.145647171514498075e-02
4.017440343042466999e+00 2.850810030480756003e-03 4.017424017948002302e+00 1.145294371355162766e-02
4.016244486110632117e+00 2.850810030480756003e-03 4.016228165875599387e+00 1.144953455723310594e-02
4.015090420793030468e+00 2.850810030480756003e-03 4.015074105247607328e+00 1.144624454070625359e-02
4.013978246789307924e+00 2.850810030480756003e-03 4.013961935763266098e+00 1.144307394819543515e-02
4.012908060180119030e+00 2.850810030480756003e-03 4.012891753502840331e+00 1.144002305360797452e-02
4.011879953418830524e+00 2.850810030480756003e-03 4.011863650919321067e+00 1.143709212051049855e-02
4.010894015323533068e+00 2.850810030480756003e-03 4.010877716830439255e+00 1.143428140210616881e-02
4.009950331069369156e+00 2.850810030480756003e-03 4.009934036410989222e+00 1.143159114121280497e-02
4.009048982181172782e+00 2.850810030480756003e-03 4.009032691185474562e+00 1.142902157024191026e-02
4.008190046526429740e+00 2.850810030480756003e-03 4.008173759021064875e+00 1.142657291117859034e-02
4.007373598308545226e+00 2.850810030480756003e-03 4.007357314120863379e+00 1.142424537556237414e-02
4.006599708060441856e+00 2.850810030480756003e-03 4.006583427017506693e+00 1.142203916446894903e-02
4.005868442638457871e+00 2.850810030480756003e-03 4.005852164567060392e+00 1.141995446849277708e-02
4.005179865216574875e+00 2.850810030480756003e-03 4.005163589943250280e+00 1.141799146773063607e-02
4.004534035280962634e+00 5.701620060961512006e-03 4.004468944817378251e+00 2.283220788319605815e-02
4.003931008624835641e+00 5.701620060961512006e-03 4.003865927962962701e+00 2.282876967294475423e-02
4.003370837343635635e+00 5.701620060961512006e-03 4.003305765786893566e+00 2.282557580643497508e-02
4.002853569830532976e+00 5.701620060961512006e-03 4.002788506681556058e+00 2.282262655958469666e-02
4.002379250772240660e+00 5.701620060961512006e-03 4.002314195332936642e+00 2.281992218717919865e-02
4.001947921145156961e+00 5.701620060961512006e-03 4.001882872716767459e+00 2.281746292284906816e-02
4.001559618211827818e+00 5.701620060961512006e-03 4.001494576094988709e+00 2.281524897905003527e-02
4.001214375517722743e+00 5.701620060961512006e-03 4.001149339012524564e+00 2.281328054704458499e-02
4.000912222888342029e+00 5.701620060961512006e-03 4.000847191294390370e+00 2.281155779688546700e-02
4.000653186426634811e+00 5.701620060961512006e-03 4.000588159043111602e+00 2.281008087740097473e-02
4.000437288510749312e+00 5.701620060961512006e-03 4.000372264636472330e+00 2.280884991618211191e-02
4.000264547792093062e+00 5.701620060961512006e-03 4.000199526725577215e+00 2.280786501957154239e-02
4.000134979193729734e+00 5.701620060961512006e-03 4.000069960233246569e+00 2.280712627265444811e-02
