9.999996251781188006e-01 1.264449211554025848e-06
9.999966266271529403e-01 1.138000496118913991e-05
9.999906296536693606e-01 3.161072147287824989e-05
9.999816345145582375e-01 6.195235848043425359e-05
9.999696415951414563e-01 1.023806897406843189e-04
9.999546514091558480e-01 1.528130387353098972e-04
9.999366645987310953e-01 2.130495268717777458e-04
9.999156819343620883e-01 2.827139775227871369e-04
9.998917043148765060e-01 3.612254404701824208e-04
9.998647327673957363e-01 4.478233866627505085e-04
9.998347684472911334e-01 5.416428379334052275e-04
9.998018126381342796e-01 6.418062661959421074e-04
9.997658667516425846e-01 7.474891509842283193e-04
9.997269323276181119e-01 8.579347643223462746e-04
9.996850110338819650e-01 9.724272252013709981e-04
9.996401046662027889e-01 1.090254348428722425e-03
9.995922151482199425e-01 1.210688486989221647e-03
9.995413445313611200e-01 1.332992485928569159e-03
9.994874949947540888e-01 1.456439388161522150e-03
9.994306688451337628e-01 1.580331177240942983e-03
9.993708685167435046e-01 1.704009904085745757e-03
9.993080965712299868e-01 1.826862844925534113e-03
9.992423556975347232e-01 1.948325660445986195e-03
9.991736487117777177e-01 2.067885567315086610e-03
9.991019785571377820e-01 2.185084427347893515e-03
9.990273483037256375e-01 2.299521128827612757e-03
9.989497611484530193e-01 2.410852997410003768e-03
9.988692204148954534e-01 2.518796288922182849e-03
9.987857295531498147e-01 2.623125870205127164e-03
9.986992921396868894e-01 2.723674158347076484e-03
9.986099118771976091e-01 2.820329375425528230e-03
9.985175925944350661e-01 2.913033183816643966e-03
9.984223382460499785e-01 3.001777775031246390e-03
9.983241529124218250e-01 3.086602488465227823e-03
9.982230407994832078e-01 3.167590037812701830e-03
9.981190062385405515e-01 3.244862423271677523e-03
9.980120536860884739e-01 3.318576607109891604e-03
9.979021877236180504e-01 3.388920028744446186e-03
9.977894130574216369e-01 3.456106033362933965e-03
9.976737345183905870e-01 3.520369285339479664e-03
9.975551570618083064e-01 3.581961234324064752e-03
9.974336857671386447e-01 3.641145697952027915e-03
9.973093258378074033e-01 3.698194620603662344e-03
9.971820826009800687e-01 3.753384062464937970e-03
9.970519615073334396e-01 3.806990467261153928e-03
9.969189681308220363e-01 3.859287250456879502e-03
9.967831081684396244e-01 3.910541742426734690e-03
9.966443874399746328e-01 3.961012513124665887e-03
9.965028118877615748e-01 4.010947096244015311e-03
9.963583875764256970e-01 4.060580121969857223e-03
9.962111206926239637e-01 4.110131858394627455e-03
9.960610175447794923e-01 4.159807152758840908e-03
9.959080845628114353e-01 4.209794755225051976e-03
9.957523282978599788e-01 4.260267000228459486e-03
9.955937554220049002e-01 4.311379813838631635e-03
9.954323727279804634e-01 4.363273010242698161e-03
9.952681871288842075e-01 4.416070836621628984e-03
9.951012056578808496e-01 4.469882723440636932e-03
9.949314354679006378e-01 4.524804196490576740e-03
9.947588838313337067e-01 4.580917907811026327e-03
9.945835581397176606e-01 4.638294744766312261e-03
9.944054659034216037e-01 4.696994979817885156e-03
9.942246147513243981e-01 4.757069427660975264e-03
9.940410124304872586e-01 4.818560581098574151e-03
9.938546668058227951e-01 4.881503702061820715e-03
9.936655858597570612e-01 4.945927849294945271e-03
9.934737776918886043e-01 5.011856829163266122e-03
9.932792505186410770e-01 5.079310060641324502e-03
9.930820126729109631e-01 5.148303349675954765e-03
9.928820726037110855e-01 5.218849571697674675e-03
9.926794388758087839e-01 5.290959264013230141e-03
9.924741201693583204e-01 5.364641132152152790e-03
9.922661252795299536e-01 5.439902475992212591e-03
9.920554631161322412e-01 5.516749542686625284e-03
9.918421427032313442e-01 5.595187814117202202e-03
9.916261731787635592e-01 5.675222236883766674e-03
9.914075637941446306e-01 5.756857402789358931e-03
9.911863239138731796e-01 5.840097687458531764e-03
9.909624630151290248e-01 5.924947354205213623e-03
9.907359906873680622e-01 6.011410629619129420e-03
9.905069166319111496e-01 6.099491756617484231e-03
9.902752506615284389e-01 6.189195029952724095e-03
9.900410027000190460e-01 6.280524818418859595e-03
9.898041827817858351e-01 6.373485577288951799e-03
9.895648010514062065e-01 6.468081853858610210e-03
9.893228677631964452e-01 6.564318288379457009e-03
9.890783932807735157e-01 6.662199612152848102e-03
9.888313880766106401e-01 6.761730644116082170e-03
9.885818627315886564e-01 6.862916286882768564e-03
9.883298279345428261e-01 6.965761522898746005e-03
9.880752944818049777e-01 7.070271411143069611e-03
9.878182732767410990e-01 7.176451084621607822e-03
9.875587753292842663e-01 7.284305748759992843e-03
9.872968117554627998e-01 7.393840680706522880e-03
9.870323937769243106e-01 7.505061229495585233e-03
9.867655327204548632e-01 7.617972816979302550e-03
9.864962400174941415e-01 7.732580939406682834e-03
9.862245272036451738e-01 7.848891169524151862e-03
9.859504059181805058e-01 7.966909159078850236e-03
9.856738879035437106e-01 8.086640641610144328e-03
9.853949850048462356e-01 8.208091435421876331e-03
9.851137091693599190e-01 8.331267446646839145e-03
9.848300724460055111e-01 8.456174672333614459e-03
9.845440869848361976e-01 8.582819203494128010e-03
9.842557650365172384e-01 8.711207228060052071e-03
9.839651189518012764e-01 8.841345033713341600e-03
9.836721611809993160e-01 8.973239010568194798e-03
9.833769042734471499e-01 9.106895653685090700e-03
9.830793608769681224e-01 9.242321565404351333e-03
9.827795437373308962e-01 9.379523457496969849e-03
9.824774656977038889e-01 9.518508153133230232e-03
9.821731396981050466e-01 9.659282588669161965e-03
9.818665787748471763e-01 9.801853815255702485e-03
9.815577960599799479e-01 9.946229000280150043e-03
9.812468047807272331e-01 1.009241542864798558e-02
9.809336182589202258e-01 1.024042050391134155e-02
9.806182499104273420e-01 1.039025174925437348e-02
9.803007132445789029e-01 1.054191680834689997e-02
9.799810218635888193e-01 1.069542344607467797e-02
9.796591894619718355e-01 1.085077954915462939e-02
9.793352298259568878e-01 1.100799312664514293e-02
9.790091568328966876e-01 1.116707231035991496e-02
9.786809844506727529e-01 1.132802535519235321e-02
9.783507267370979976e-01 1.149086063935874681e-02
9.780183978393135469e-01 1.165558666456809403e-02
9.776840119931832218e-01 1.182221205612474756e-02
9.773475835226838049e-01 1.199074556297061341e-02
9.770091268392913086e-01 1.216119605767464890e-02
9.766686564413634697e-01 1.233357253637395838e-02
9.763261869135191340e-01 1.250788411867004811e-02
9.759817329260128682e-01 1.268414004748660492e-02
9.756353092341072397e-01 1.286234968889518430e-02
9.752869306774399893e-01 1.304252253191102648e-02
9.749366121793892059e-01 1.322466818826232085e-02
9.745843687464332827e-01 1.340879639213982989e-02
9.742302154675086534e-01 1.359491699993062991e-02
9.738741675133628650e-01 1.378303998993627745e-02
9.735162401359054307e-01 1.397317546207735989e-02
9.731564486675537973e-01 1.416533363759018768e-02
9.727948085205772033e-01 1.435952485871859648e-02
9.724313351864356525e-01 1.455575958840252086e-02
9.720660442351172215e-01 1.475404840996622641e-02
9.716989513144703716e-01 1.495440202680867539e-02
9.713300721495340406e-01 1.515683126209707056e-02
9.709594225418640701e-01 1.536134705846420312e-02
9.705870183688559694e-01 1.556796047771284892e-02
9.702128755830650153e-01 1.577668270052945063e-02
9.698370102115229097e-01 1.598752502620858634e-02
9.694594383550512173e-01 1.620049887239054937e-02
9.690801761875715847e-01 1.641561577481290973e-02
9.686992399554129607e-01 1.663288738707532563e-02
9.683166459766157086e-01 1.685232548041968453e-02
9.679324106402326100e-01 1.707394194352902100e-02
9.675465504056265376e-01 1.729774878234556848e-02
9.671590818017656854e-01 1.752375811990780977e-02
9.667700214265154690e-01 1.775198219620786194e-02
9.663793859459274271e-01 1.798243336807152024e-02
9.659871920935254597e-01 1.821512410906166168e-02
9.655934566695889565e-01 1.845006700940604594e-02
9.651981965404329289e-01 1.868727477595038058e-02
9.648014286376858095e-01 1.892676023213613751e-02
9.644031699575639216e-01 1.916853631800505622e-02
9.640034375601438388e-01 1.941261609023326243e-02
9.636022485686307482e-01 1.965901272219582746e-02
9.631996201686260362e-01 1.990773950406018664e-02
9.627955696073902114e-01 2.015880984290839908e-02
9.623901141931044956e-01 2.041223726289112181e-02
9.619832712941294162e-01 2.066803540541570575e-02
9.615750583382607353e-01 2.092621802936930897e-02
9.611654928119828245e-01 2.118679901137696109e-02
9.607545922597195975e-01 2.144979234609445395e-02
9.603423742830831111e-01 2.171521214653729381e-02
9.599288565401197237e-01 2.198307264444986434e-02
9.595140567445531454e-01 2.225338819071588647e-02
9.590979926650259335e-01 2.252617325580793042e-02
9.586806821243386567e-01 2.280144243027627457e-02
9.582621429986858397e-01 2.307921042528086886e-02
9.578423932168907973e-01 2.335949207316942097e-02
9.574214507596369161e-01 2.364230232810248314e-02
9.569993336586981592e-01 2.392765626672533133e-02
9.565760599961663502e-01 2.421556908888574874e-02
9.561516479036761273e-01 2.450605611840100603e-02
9.557261155616292303e-01 2.479913280387699079e-02
9.552994811984147905e-01 2.509481471958135979e-02
9.548717630896291775e-01 2.539311756637060991e-02
9.544429795572922925e-01 2.569405717267358655e-02
9.540131489690637512e-01 2.599764949553391366e-02
9.535822897374554019e-01 2.630391062171238623e-02
9.531504203190426239e-01 2.661285676884914825e-02
9.527175592136739590e-01 2.692450428668872325e-02
9.522837249636784129e-01 2.723886965837186286e-02
9.518489361530715342e-01 2.755596950179733245e-02
9.514132114067587187e-01 2.787582057105315175e-02
9.509765693897379579e-01 2.819843975791879939e-02
9.505390288062999238e-01 2.852384409344141392e-02
9.501006083992271645e-01 2.885205074959029670e-02
9.496613269489904141e-01 2.918307704099236052e-02
9.492212032729452353e-01 2.951694042674864876e-02
9.487802562245249982e-01 2.985365851233413512e-02
9.483385046924336370e-01 3.019324905158733696e-02
9.478959675998365197e-01 3.053572994879363497e-02
9.474526639035498743e-01 3.088111926086228864e-02
9.470086125932284382e-01 3.122943519959743564e-02
9.465638326905526645e-01 3.158069613406860876e-02
9.461183432484131517e-01 3.193492059308795927e-02
9.456721633500948521e-01 3.229212726779832204e-02
9.452253121084597254e-01 3.265233501437256325e-02
9.447778086651275053e-01 3.301556285682605285e-02
9.443296721896565771e-01 3.338182998994802114e-02
9.438809218787218569e-01 3.375115578235857172e-02
9.434315769552931163e-01 3.412355977969472320e-02
9.429816566678113077e-01 3.449906170792810950e-02
9.425311802893643343e-01 3.487768147681966774e-02
9.420801671168606006e-01 3.525943918351823192e-02
9.416286364702035616e-01 3.564435511630839604e-02
9.411766076914632739e-01 3.603244975851124798e-02
9.407241001440480588e-01 3.642374379254396249e-02
9.402711332118752763e-01 3.681825810414500466e-02
9.398177262985407676e-01 3.721601378677140415e-02
9.393638988264874090e-01 3.761703214617297814e-02
9.389096702361738878e-01 3.802133470514879043e-02
9.384550599852411468e-01 3.842894320849404161e-02
9.380000875476792732e-01 3.883987962814729189e-02
9.375447724129931659e-01 3.925416616854322110e-02
9.370891340853678697e-01 3.967182527217736482e-02
9.366331920828327995e-01 4.009287962539181960e-02
9.361769659364258533e-01 4.051735216439323467e-02
9.357204751893567485e-01 4.094526608151176361e-02
9.352637393961698020e-01 4.137664483170797741e-02
9.348067781219061567e-01 4.181151213933560068e-02
9.343496109412660067e-01 4.224989200517188792e-02
9.338922574377697128e-01 4.269180871372810909e-02
9.334347372029192513e-01 4.313728684085026133e-02
9.329770698353587743e-01 4.358635126162040130e-02
9.325192749400348369e-01 4.403902715857048455e-02
9.320613721273574015e-01 4.449534003022358880e-02
9.316033810123587333e-01 4.495531569997440746e-02
9.311453212138540714e-01 4.541898032532231538e-02
9.306872123536005237e-01 4.588636040747082895e-02
9.302290740554568504e-01 4.635748280131005844e-02
9.297709259445431362e-01 4.683237472579793864e-02
9.293127876463995740e-01 4.731106377475644692e-02
9.288546787861459153e-01 4.779357792809901112e-02
9.283966189876411423e-01 4.827994556350839045e-02
9.279386278726425852e-01 4.877019546858503418e-02
9.274807250599650388e-01 4.926435685348497934e-02
9.270229301646413234e-01 4.976245936406718806e-02
9.265652627970807353e-01 5.026453309557323695e-02
9.261077425622302739e-01 5.077060860686297833e-02
9.256503890587339800e-01 5.128071693523110486e-02
9.251932218780938300e-01 5.179488961183015966e-02
9.247362606038301847e-01 5.231315867772513839e-02
9.242795248106432382e-01 5.283555670060711279e-02
9.238230340635741333e-01 5.336211679219735049e-02
9.233668079171671872e-01 5.389287262637368348e-02
9.229108659146321170e-01 5.442785845805498540e-02
9.224552275870068208e-01 5.496710914287695343e-02
9.219999124523207135e-01 5.551066015769289680e-02
9.215449400147588399e-01 5.605854762193425433e-02
9.210903297638260989e-01 5.661080831987375106e-02
9.206361011735125777e-01 5.716747972384095267e-02
9.201822737014592191e-01 5.772860001843871380e-02
9.197288667881247104e-01 5.829420812580779487e-02
9.192758998559519279e-01 5.886434373198255049e-02
9.188233923085367127e-01 5.943904731438492267e-02
9.183713635297964251e-01 6.001836017051491445e-02
9.179198328831393860e-01 6.060232444790808470e-02
9.174688197106356524e-01 6.119098317543284621e-02
9.170183433321885680e-01 6.178438029599677556e-02
9.165684230447068703e-01 6.238256070072054765e-02
9.161190781212781298e-01 6.298557026464370046e-02
9.156703278103434096e-01 6.359345588404237415e-02
9.152221913348724813e-01 6.420626551546045058e-02
9.147746878915402613e-01 6.482404821656195804e-02
9.143278366499051346e-01 6.544685418890341944e-02
9.138816567515868350e-01 6.607473482271340737e-02
9.134361673094473222e-01 6.670774274377300195e-02
9.129913874067715485e-01 6.734593186251398855e-02
9.125473360964502234e-01 6.798935742548135874e-02
9.121040324001634669e-01 6.863807606931729421e-02
9.116614953075663497e-01 6.929214587741247544e-02
9.112197437754749885e-01 6.995162643935345925e-02
9.107787967270547513e-01 7.061657891330851144e-02
9.103386730510095726e-01 7.128706609153351303e-02
9.098993916007729332e-01 7.196315246921876352e-02
9.094609711937000629e-01 7.264490431690881489e-02
9.090234306102620288e-01 7.333238975671393933e-02
9.085867885932412680e-01 7.402567884251431973e-02
9.081510638469284524e-01 7.472484364437943782e-02
9.077162750363214627e-01 7.542995833748918078e-02
9.072824407863260276e-01 7.614109929589657488e-02
9.068495796809573628e-01 7.685834519149145616e-02
9.064177102625445848e-01 7.758177709851041270e-02
9.059868510309362355e-01 7.831147860392635718e-02
9.055570204427076941e-01 7.904753592408726715e-02
9.051282369103708092e-01 7.979003802805875734e-02
9.047005188015851962e-01 8.053907676820817874e-02
9.042738844383707564e-01 8.129474701860862906e-02
9.038483520963238593e-01 8.205714682183898323e-02
9.034239400038337475e-01 8.282637754477424619e-02
9.030006663413018275e-01 8.360254404402589490e-02
9.025785492403630705e-01 8.438575484180470265e-02
9.021576067831091894e-01 8.517612231309672211e-02
9.017378570013141470e-01 8.597376288512283138e-02
9.013193178756613300e-01 8.677879725011287959e-02
9.009020073349740532e-01 8.759135059250405808e-02
9.004859432554468412e-01 8.841155283182450253e-02
9.000711434598802629e-01 8.923953888271249357e-02
8.996576257169168755e-01 9.007544893369826000e-02
8.992454077402803891e-01 9.091942874655455087e-02
8.988345071880172732e-01 9.177162997820728640e-02
8.984249416617392514e-01 9.263221052745013173e-02
8.980167287058705705e-01 9.350133490903794753e-02
8.976098858068954911e-01 9.437917465812671602e-02
8.972044303926097752e-01 9.526590876841711797e-02
8.968003798313739505e-01 9.616172416777334087e-02
8.963977514313692385e-01 9.706681623557224248e-02
8.959965624398562589e-01 9.798138936664728404e-02
8.955968300424360651e-01 9.890565758744791769e-02
8.951985713623141772e-01 9.983984523082742313e-02
8.948018034595670578e-01 1.007841876767865547e-01
8.944065433304110302e-01 1.017389321673801972e-01
8.940128079064744160e-01 1.027043387049906970e-01
8.936206140540725595e-01 1.036806810444185906e-01
8.932299785734845177e-01 1.046682477903889269e-01
8.928409181982343013e-01 1.056673436134899502e-01
8.924534495943734491e-01 1.066782905987244678e-01
8.920675893597673767e-01 1.077014297418955463e-01
8.916833540233841671e-01 1.087371226102016725e-01
8.913007600445870260e-01 1.097857531838747625e-01
8.909198238124284019e-01 1.108477298963002067e-01
8.905405616449488804e-01 1.119234878896590152e-01
8.901629897884770770e-01 1.130134915018929515e-01
8.897871244169349714e-01 1.141182369988587297e-01
8.894129816311440173e-01 1.152382555616144888e-01
8.890405774581359166e-01 1.163741165339572115e-01
8.886699278504659461e-01 1.175264309280411590e-01
8.883010486855296151e-01 1.186958551762995195e-01
8.879339557648828762e-01 1.198830951059188382e-01
8.875686648135643342e-01 1.210889100965453213e-01
8.872051914794228944e-01 1.223141173637020407e-01
8.868435513324461894e-01 1.235595962883748178e-01
8.864837598640945560e-01 1.248262926879394608e-01
8.861258324866371217e-01 1.261152228947632625e-01
8.857697845324914443e-01 1.274274774770872143e-01
8.854156312535667039e-01 1.287642244024195526e-01
8.850633878206107807e-01 1.301267114076563036e-01
8.847130693225599973e-01 1.315162673043648589e-01
8.843646907658927470e-01 1.329343019114924973e-01
8.840182670739871185e-01 1.343823042765608933e-01
8.836738130864808527e-01 1.358618388183977788e-01
8.833313435586365170e-01 1.373745390047960702e-01
8.829908731607086780e-01 1.389220981704986646e-01
8.826524164773161818e-01 1.405062570821747903e-01
8.823159880068167649e-01 1.421287878789851133e-01
8.819816021606865508e-01 1.437914740527914126e-01
8.816492732629019891e-01 1.454960861892399537e-01
8.813190155493271227e-01 1.472443532719601433e-01
8.809908431671032991e-01 1.490379294479335370e-01
8.806647701740430989e-01 1.508783562774214382e-01
8.803408105380281512e-01 1.527670206284651722e-01
8.800189781364111674e-01 1.547051085303337292e-01
8.796992867554210838e-01 1.566935554691865629e-01
8.793817500895726447e-01 1.587329937723002959e-01
8.790663817410797609e-01 1.608236978999324773e-01
8.787531952192727536e-01 1.629655286157683791e-01
8.784422039400200388e-01 1.651578771430570747e-01
8.781334212251528104e-01 1.673996105289763670e-01
8.778268603018949401e-01 1.696890195085798414e-01
8.775225343022960978e-01 1.720237702049240425e-01
8.772204562626690905e-01 1.744008609925899178e-01
8.769206391230318642e-01 1.768165858011687130e-01
8.766230957265528367e-01 1.792665050482197264e-01
8.763278388190006707e-01 1.817454252485212196e-01
8.760348810481987103e-01 1.842473881852348672e-01
8.757442349634828593e-01 1.867656703263904094e-01
8.754559130151637891e-01 1.892927929497580930e-01
8.751699275539944756e-01 1.918205432148168132e-01
8.748862908306400676e-01 1.943400061773593313e-01
8.746050149951537511e-01 1.968416075207598259e-01
8.743261120964562760e-01 1.993151665572326092e-01
8.740495940818194809e-01 2.017499588521201037e-01
8.737754727963548129e-01 2.041347876554508167e-01
8.735037599825058452e-01 2.064580631681985634e-01
8.732344672795451235e-01 2.087078885576055809e-01
8.729676062230756761e-01 2.108721515422758430e-01
8.727031882445371869e-01 2.129386203037009206e-01
8.724412246707157204e-01 2.148950424516393454e-01
8.721817267232588877e-01 2.167292457537950134e-01
8.719247055181950090e-01 2.184292393584217895e-01
8.716701720654571606e-01 2.199833142683624565e-01
8.714181372684113303e-01 2.213801418718997771e-01
8.711686119233893466e-01 2.226088694032734572e-01
8.709216067192264710e-01 2.236592112744282268e-01
8.706771322368035415e-01 2.245215353076922826e-01
8.704351989485938912e-01 2.251869429895548280e-01
8.701958172182140405e-01 2.256473429630218575e-01
8.699589972999809406e-01 2.258955170846966287e-01
8.697247493384715478e-01 2.259251784788590400e-01
8.694930833680888371e-01 2.257310211384623844e-01
8.692640093126319245e-01 2.253087607399130998e-01
8.690375369848709619e-01 2.246551664564469530e-01
8.688136760861269181e-01 2.237680836758314251e-01
8.685924362058552450e-01 2.226464476397148895e-01
8.683738268212364275e-01 2.212902881314168235e-01
8.681578572967686425e-01 2.197007254357435657e-01
8.679445368838677455e-01 2.178799578777126933e-01
8.677338747204700331e-01 2.158312413176211586e-01
8.675258798306416663e-01 2.135588610305933777e-01
8.673205611241912028e-01 2.110680964360233114e-01
8.671179273962889011e-01 2.083651791632519790e-01
8.669179873270890235e-01 2.054572449483436369e-01
8.667207494813589097e-01 2.023522798582283733e-01
8.665262223081113824e-01 1.990590613338670267e-01
8.663344141402429255e-01 1.955870945409128037e-01
8.661453331941773026e-01 1.919465445163334727e-01
8.659589875695127281e-01 1.881481646065326641e-01
8.657753852486755886e-01 1.842032217088511448e-01
8.655945340965783830e-01 1.801234188534466540e-01
8.654164418602823261e-01 1.759208156965109127e-01
8.652411161686662799e-01 1.716077475357939974e-01
8.650685645320993489e-01 1.671967435029216575e-01
8.648987943421191371e-01 1.627004446295735318e-01
8.647318128711156682e-01 1.581315225232368393e-01
8.645676272720195232e-01 1.535025994186557108e-01
8.644062445779950865e-01 1.488261703902367117e-01
8.642476717021401189e-01 1.441145285167956258e-01
8.640919154371885513e-01 1.393796937802411762e-01
8.639389824552204944e-01 1.346333464554831660e-01
8.637888793073760230e-01 1.298867657083060678e-01
8.636416124235742897e-01 1.251507740628529375e-01
8.634971881122384119e-01 1.204356883323178112e-01
8.633556125600252429e-01 1.157512775252376169e-01
8.632168918315603623e-01 1.111067281486362995e-01
8.630810318691779504e-01 1.065106172277100888e-01
8.629480384926665471e-01 1.019708932515412947e-01
8.628179173990199180e-01 9.749486513667353360e-02
8.626906741621926944e-01 9.308919917472417704e-02
8.625663142328613420e-01 8.875992379918035136e-02
8.624448429381916803e-01 8.451244187009575304e-02
8.623262654816095107e-01 8.035155003591744338e-02
8.622105869425783498e-01 7.628146459183351991e-02
8.620978122763819362e-01 7.230585311657836134e-02
8.619879463139115128e-01 6.842787103966074813e-02
8.618809937614594352e-01 6.465020217278584502e-02
8.617769592005168899e-01 6.097510213909083238e-02
8.616758470875782727e-01 5.740444355752404026e-02
8.615776617539500082e-01 5.393976179313977881e-02
8.614824074055649206e-01 5.058230007044712401e-02
8.613900881228023776e-01 4.733305276496250352e-02
8.613007078603130973e-01 4.419280572954896458e-02
8.612142704468501719e-01 4.116217256224771054e-02
8.611307795851045332e-01 3.824162577079035646e-02
8.610502388515469674e-01 3.543152184125848703e-02
8.609726516962743492e-01 3.273211931334835817e-02
8.608980214428622046e-01 3.014358917372922039e-02
8.608263512882222690e-01 2.766601728480446235e-02
8.607576443024652635e-01 2.529939922293412968e-02
8.606919034287699999e-01 2.304362878377288343e-02
8.606291314832565931e-01 2.089848239974832420e-02
8.605693311548661129e-01 1.886360259693168825e-02
8.605125050052458979e-01 1.693848415731589660e-02
8.604586554686388666e-01 1.512246665718288904e-02
8.604077848517800442e-01 1.341473644210489265e-02
8.603598953337971977e-01 1.181433993473414955e-02
8.603149889661180216e-01 1.032020863767509587e-02
8.602730676723818748e-01 8.931194549514846759e-03
8.602341332483574021e-01 7.646113229630362856e-03
8.601981873618657071e-01 6.463790653686856021e-03
8.601652315527088533e-01 5.383109444888593484e-03
8.601352672326042503e-01 4.403050101200107688e-03
8.601082956851234806e-01 3.522723433210130702e-03
8.600843180656378983e-01 2.741391479131795577e-03
8.600633354012690024e-01 2.058475521087655812e-03
8.600453485908441387e-01 1.473551314154547239e-03
8.600303584048585304e-01 9.863330763391557447e-04
8.600183654854417492e-01 5.966490081651556034e-04
8.600093703463306261e-01 3.044119813939598958e-04
8.600033733728470464e-01 1.095894664044415681e-04
8.600003748218811861e-01 1.217671735893556260e-05
