3.205110244331848320e-03 1.186632652063604421e-10
6.410220488663696640e-03 4.666988484357383858e-10
9.615330732995544527e-03 2.284107392998272095e-09
1.282044097732739328e-02 7.793266832493359825e-09
1.602555122165924203e-02 2.063672505311252246e-08
1.923066146599108905e-02 4.598700851593814699e-08
2.243577171032293954e-02 9.045062762777460822e-08
2.564088195465478656e-02 1.619856391446603295e-07
2.884599219898663358e-02 2.695944410989149560e-07
3.205110244331848407e-02 4.222918648052858599e-07
3.525621268765033456e-02 6.297203961089810165e-07
3.846132293198217811e-02 9.038321877911158620e-07
4.166643317631402860e-02 1.251191202590011005e-06
4.487154342064587909e-02 1.681805369680573853e-06
4.807665366497772264e-02 2.202135888679824630e-06
5.128176390930957312e-02 2.811939539457971326e-06
5.448687415364142361e-02 3.516362502638058107e-06
5.769198439797326716e-02 4.314245255651856726e-06
6.089709464230511765e-02 5.210514961619836561e-06
6.410220488663696814e-02 6.246957086257955460e-06
6.730731513096881169e-02 7.467034811680475780e-06
7.051242537530066912e-02 8.939875858242082057e-06
7.371753561963251267e-02 1.069585845958203925e-05
7.692264586396435622e-02 1.263805431783074742e-05
8.012775610829621364e-02 1.444711028791136412e-05
8.333286635262805719e-02 1.568672653680210018e-05
8.653797659695990074e-02 1.594039012093319445e-05
8.974308684129175817e-02 1.606398509702824378e-05
9.294819708562360172e-02 1.966592630527123865e-05
9.615330732995544527e-02 3.027532459389735794e-05
9.935841757428730270e-02 5.005305312912599355e-05
1.025635278186191462e-01 7.850055227453176779e-05
1.057686380629509898e-01 1.140185377094620850e-04
1.089737483072828472e-01 1.542998744425853116e-04
1.121788585516146908e-01 1.979560110032982888e-04
1.153839687959465343e-01 2.362790059699303798e-04
1.185890790402783918e-01 2.694983652819359522e-04
1.217941892846102353e-01 2.980170820914423437e-04
1.249992995289420789e-01 3.220594662456628741e-04
1.282044097732739363e-01 3.419255179702208360e-04
1.314095200176057798e-01 3.578771188761268674e-04
1.346146302619376234e-01 3.700913830894747114e-04
1.378197405062694669e-01 3.786788892382920188e-04
1.410248507506013382e-01 3.846508166801757412e-04
1.442299609949331818e-01 3.878411720028885376e-04
1.474350712392650253e-01 3.883837191747069404e-04
1.506401814835968689e-01 3.865609347369662542e-04
1.538452917279287124e-01 3.826835315634830449e-04
1.570504019722605560e-01 3.770827468032729684e-04
1.602555122165924273e-01 3.703718714881631914e-04
1.634606224609242708e-01 3.639208573838865427e-04
1.666657327052561144e-01 3.580308767478007832e-04
1.698708429495879579e-01 3.536552071520512376e-04
1.730759531939198015e-01 3.500964926517195937e-04
1.762810634382516450e-01 3.462176381309567765e-04
1.794861736825835163e-01 3.417986156813231265e-04
1.826912839269153599e-01 3.370717933902235130e-04
1.858963941712472034e-01 3.313527367568736980e-04
1.891015044155790470e-01 3.244966648640894204e-04
1.923066146599108905e-01 3.163625476887066065e-04
1.955117249042427341e-01 3.069438549070431120e-04
1.987168351485746054e-01 2.971945678132992827e-04
2.019219453929064489e-01 2.865105341053610327e-04
2.051270556372382925e-01 2.749112892888981997e-04
2.083321658815701360e-01 2.623869895491346142e-04
2.115372761259019796e-01 2.491850466216662379e-04
2.147423863702338509e-01 2.359991105199852278e-04
2.179474966145656945e-01 2.224411079545241790e-04
2.211526068588975380e-01 2.085623360122311682e-04
2.243577171032293816e-01 1.943688835368850593e-04
2.275628273475612251e-01 1.806045881058430849e-04
2.307679375918930686e-01 1.671124439842457392e-04
2.339730478362249400e-01 1.538570760622207589e-04
2.371781580805567835e-01 1.408603452205945729e-04
2.403832683248886271e-01 1.285231189907110451e-04
2.435883785692204706e-01 1.169581092655950263e-04
2.467934888135523142e-01 1.060435176653561794e-04
2.499985990578841577e-01 9.578007841006071948e-05
2.532037093022160290e-01 8.645717387895775696e-05
2.564088195465478726e-01 7.809161952380119169e-05
2.596139297908797161e-01 7.056497889348594776e-05
2.628190400352115597e-01 6.381421832387634808e-05
2.660241502795434032e-01 5.808121737479825762e-05
2.692292605238752468e-01 5.315854548841801418e-05
2.724343707682070903e-01 4.894066504035757064e-05
2.756394810125389339e-01 4.538893927005569455e-05
2.788445912568707774e-01 4.254795907064885758e-05
2.820497015012026765e-01 4.019608617196872313e-05
2.852548117455345200e-01 3.817399865423785226e-05
2.884599219898663636e-01 3.654126872507038189e-05
2.916650322341982071e-01 3.509620187217491860e-05
2.948701424785300507e-01 3.370731513735433012e-05
2.980752527228618942e-01 3.238728989491236956e-05
3.012803629671937378e-01 3.111061181954420397e-05
3.044854732115255813e-01 2.977341997404211286e-05
3.076905834558574249e-01 2.839493839021631056e-05
3.108956937001892684e-01 2.703418731042622888e-05
3.141008039445211120e-01 2.561169350354959624e-05
3.173059141888530110e-01 2.415630489575784878e-05
3.205110244331848546e-01 2.274506295122817384e-05
3.237161346775166981e-01 2.131404334337172441e-05
3.269212449218485417e-01 1.990017345834253730e-05
3.301263551661803852e-01 1.856252113710812001e-05
3.333314654105122288e-01 1.724780691224555733e-05
3.365365756548440723e-01 1.600327868383994372e-05
3.397416858991759159e-01 1.485052822605828694e-05
3.429467961435077594e-01 1.374491885776704043e-05
3.461519063878396030e-01 1.274907382509699868e-05
3.493570166321714465e-01 1.183558568615854909e-05
3.525621268765032901e-01 1.098070026860797259e-05
3.557672371208351891e-01 1.023657861843101748e-05
3.589723473651670327e-01 9.551046572271489806e-06
3.621774576094988762e-01 8.930054804244995186e-06
3.653825678538307198e-01 8.382708295352935264e-06
3.685876780981625633e-01 7.864653255255441214e-06
3.717927883424944069e-01 7.416244281859964010e-06
3.749978985868262504e-01 6.993479144580176684e-06
3.782030088311580940e-01 6.595940381365377482e-06
3.814081190754899375e-01 6.233574906385609362e-06
3.846132293198217811e-01 5.874814817372126057e-06
3.878183395641536246e-01 5.550815552001645734e-06
3.910234498084854682e-01 5.229802559737562366e-06
3.942285600528173672e-01 4.924740947334250245e-06
3.974336702971492108e-01 4.633484657712197493e-06
4.006387805414810543e-01 4.346935386946942261e-06
4.038438907858128979e-01 4.081183698956876115e-06
4.070490010301447414e-01 3.816619308883608853e-06
4.102541112744765850e-01 3.575913778739410360e-06
4.134592215188084285e-01 3.338186204149756276e-06
4.166643317631402721e-01 3.121394925786550558e-06
4.198694420074721156e-01 2.913005540448588309e-06
4.230745522518039592e-01 2.719737733221903953e-06
4.262796624961358027e-01 2.539246167222795548e-06
4.294847727404677018e-01 2.370342996091068427e-06
4.326898829847995454e-01 2.215521907039320287e-06
4.358949932291313889e-01 2.069727881613194343e-06
4.391001034734632325e-01 1.937437917086868395e-06
4.423052137177950760e-01 1.812219169325414773e-06
4.455103239621269196e-01 1.698893093272859578e-06
4.487154342064587631e-01 1.591034779900464578e-06
4.519205444507906066e-01 1.493091112388462751e-06
4.551256546951224502e-01 1.399462703731621556e-06
4.583307649394542937e-01 1.313754731528528261e-06
4.615358751837861373e-01 1.231725612345361111e-06
4.647409854281179808e-01 1.155746338478263138e-06
4.679460956724498799e-01 1.083412038379373688e-06
4.711512059167817235e-01 1.015382393600127107e-06
4.743563161611135670e-01 9.514597063860588405e-07
4.775614264054454106e-01 8.901322965489648139e-07
4.807665366497772541e-01 8.338678077230719791e-07
4.839716468941090977e-01 7.788033005021990238e-07
4.871767571384409412e-01 7.293084721610461358e-07
4.903818673827727848e-01 6.808113365261697154e-07
4.935869776271046283e-01 6.367546588836822001e-07
4.967920878714364719e-01 5.944596830644960058e-07
4.999971981157683154e-01 5.552190446162132309e-07
5.032023083601001590e-01 5.187846952750477727e-07
5.064074186044320580e-01 4.838522507767001396e-07
5.096125288487638461e-01 4.526956262787592700e-07
5.128176390930957451e-01 4.225327109637856354e-07
5.160227493374275332e-01 3.949834771578466746e-07
5.192278595817594322e-01 3.691678153653487405e-07
5.224329698260913313e-01 3.445569207277478985e-07
5.256380800704231193e-01 3.225672904929349784e-07
5.288431903147550184e-01 3.013040111798376640e-07
5.320483005590868064e-01 2.815787933098015856e-07
5.352534108034187055e-01 2.633904066771312887e-07
5.384585210477504935e-01 2.458909325928355866e-07
5.416636312920823926e-01 2.299003746981966000e-07
5.448687415364141806e-01 2.148062980178569834e-07
5.480738517807460797e-01 2.003833127767577424e-07
5.512789620250778677e-01 1.872783059875423319e-07
5.544840722694097668e-01 1.748098356291411053e-07
5.576891825137415548e-01 1.629426612452247135e-07
5.608942927580734539e-01 1.521600021886541307e-07
5.640994030024053529e-01 1.419350865679901464e-07
5.673045132467371410e-01 1.322242715261712126e-07
5.705096234910690400e-01 1.233439605277435698e-07
5.737147337354008281e-01 1.150398301101640945e-07
5.769198439797327271e-01 1.071494770054769534e-07
5.801249542240645152e-01 9.980283988824294842e-08
5.833300644683964142e-01 9.313216696391850084e-08
5.865351747127282023e-01 8.676694182821782728e-08
5.897402849570601013e-01 8.077778667936515933e-08
5.929453952013918894e-01 7.530854564686317345e-08
5.961505054457237884e-01 7.021086851642783868e-08
5.993556156900556875e-01 6.538310905942099797e-08
6.025607259343874755e-01 6.085232490237478977e-08
6.057658361787193746e-01 5.671448513485658528e-08
6.089709464230511626e-01 5.285043943082319597e-08
6.121760566673830617e-01 4.919483122177017338e-08
6.153811669117148497e-01 4.576352057881382804e-08
6.185862771560467488e-01 4.257555556871665210e-08
6.217913874003785368e-01 3.966418407507860768e-08
6.249964976447104359e-01 3.690582488888873281e-08
6.282016078890422239e-01 3.431334723284393656e-08
6.314067181333741230e-01 3.188688634003609229e-08
6.346118283777060221e-01 2.963028679840260511e-08
6.378169386220378101e-01 2.756980518333146245e-08
6.410220488663697092e-01 2.562964625965867611e-08
6.442271591107014972e-01 2.381107984617209308e-08
6.474322693550333963e-01 2.211141995507835225e-08
6.506373795993651843e-01 2.052624504408317790e-08
6.538424898436970834e-01 1.905044901171073942e-08
6.570476000880288714e-01 1.769559920026786397e-08
6.602527103323607705e-01 1.643784222148212272e-08
6.634578205766925585e-01 1.526121709883276033e-08
6.666629308210244576e-01 1.416286815821774920e-08
6.698680410653562456e-01 1.313938773238823263e-08
6.730731513096881447e-01 1.218611256931338621e-08
6.762782615540200437e-01 1.129914547628287319e-08
6.794833717983518317e-01 1.047446580137036161e-08
6.826884820426837308e-01 9.707370483781227681e-09
6.858935922870155188e-01 8.994663280486001045e-09
6.890987025313474179e-01 8.332426577278536500e-09
6.923038127756792059e-01 7.726920339519112652e-09
6.955089230200111050e-01 7.147861572434129427e-09
6.987140332643428930e-01 6.620852300187374867e-09
7.019191435086747921e-01 6.128985778090403684e-09
7.051242537530065801e-01 5.671360881315689017e-09
7.083293639973384792e-01 5.246848189383984054e-09
7.115344742416703783e-01 4.852099225491294812e-09
7.147395844860021663e-01 4.485175134326772542e-09
7.179446947303340654e-01 4.144406211527410542e-09
7.211498049746658534e-01 3.829802742076891238e-09
7.243549152189977525e-01 3.539281613242861234e-09
7.275600254633295405e-01 3.269770392572489365e-09
7.307651357076614396e-01 3.020216355470678316e-09
7.339702459519932276e-01 2.788748194587929467e-09
7.371753561963251267e-01 2.574509829940159172e-09
7.403804664406569147e-01 2.375696507691184579e-09
7.435855766849888138e-01 2.191338763089929726e-09
7.467906869293207128e-01 2.020527823968125253e-09
7.499957971736525009e-01 1.861693325053619124e-09
7.532009074179843999e-01 1.714295479445356468e-09
7.564060176623161880e-01 1.579108471684634327e-09
7.596111279066480870e-01 1.454940866722808321e-09
7.628162381509798751e-01 1.339795533795301941e-09
7.660213483953117741e-01 1.233122203270744578e-09
7.692264586396435622e-01 1.133751032842304229e-09
7.724315688839754612e-01 1.041546543079716753e-09
7.756366791283072493e-01 9.581179374220578317e-10
7.788417893726391483e-01 8.807757530037229901e-10
7.820468996169709364e-01 8.089429335724904163e-10
7.852520098613028354e-01 7.418713387022341826e-10
7.884571201056347345e-01 6.815413681997837837e-10
7.916622303499665225e-01 6.257178523853751880e-10
7.948673405942984216e-01 5.733101654097117279e-10
7.980724508386302096e-01 5.254360478610993050e-10
8.012775610829621087e-01 4.817695504826476279e-10
8.044826713272938967e-01 4.413559740707792898e-10
8.076877815716257958e-01 4.038808355335705820e-10
8.108928918159575838e-01 3.695430990797768233e-10
8.140980020602894829e-01 3.378884954997595972e-10
8.173031123046212709e-01 3.093218959351061625e-10
8.205082225489531700e-01 2.827197283792608425e-10
8.237133327932850690e-01 2.581792992180239455e-10
8.269184430376168571e-01 2.360196389575086961e-10
8.301235532819487561e-01 2.151515499292525908e-10
8.333286635262805442e-01 1.970006983351167355e-10
8.365337737706124432e-01 1.793129860434454425e-10
8.397388840149442313e-01 1.632213606039250979e-10
8.429439942592761303e-01 1.487815747077683730e-10
8.461491045036079184e-01 1.346351350946055281e-10
8.493542147479398174e-01 1.232737282230776975e-10
8.525593249922716055e-01 1.118888802376856062e-10
8.557644352366035045e-01 1.023425054220738422e-10
8.589695454809354036e-01 9.302240766225188046e-11
8.621746557252671916e-01 8.448120433821659975e-11
8.653797659695990907e-01 7.734914354536698861e-11
8.685848762139308787e-01 7.019974442090499477e-11
8.717899864582627778e-01 6.370963318114064438e-11
8.749950967025945658e-01 5.785652460744320194e-11
8.782002069469264649e-01 5.298562042309649303e-11
8.814053171912582529e-01 4.953555849082565194e-11
8.846104274355901520e-01 4.356487806616369658e-11
8.878155376799219400e-01 3.972576636410703723e-11
8.910206479242538391e-01 3.653285322585300135e-11
8.942257581685856271e-01 3.334313093834592107e-11
8.974308684129175262e-01 3.072858995697526070e-11
9.006359786572494253e-01 2.823906393272113575e-11
9.038410889015812133e-01 2.635175856152598026e-11
9.070461991459131124e-01 2.422106024755858080e-11
9.102513093902449004e-01 2.262104788793254237e-11
9.134564196345767995e-01 2.049013706886228522e-11
9.166615298789085875e-01 2.044401921293646774e-11
9.198666401232404866e-01 1.803815046406401244e-11
9.230717503675722746e-01 1.845957867560787438e-11
9.262768606119041737e-01 1.782275123523123268e-11
9.294819708562359617e-01 1.667177139325363504e-11
9.326870811005678608e-01 1.671021722811478563e-11
9.358921913448997598e-01 1.576667453954186071e-11
9.390973015892315479e-01 1.656569455958113455e-11
9.423024118335634469e-01 1.602771016324982091e-11
9.455075220778952350e-01 1.648636914768905010e-11
9.487126323222271340e-01 1.518206791814357116e-11
9.519177425665589221e-01 1.566141270963559951e-11
9.551228528108908211e-01 1.701728719360223060e-11
9.583279630552226092e-01 1.727351443717638387e-11
9.615330732995545082e-01 1.991231840330926488e-11
9.647381835438862963e-01 1.790793011294508585e-11
9.679432937882181953e-01 1.647668733941926442e-11
9.711484040325500944e-01 3.796566014121502170e-11
9.743535142768818824e-01 2.018438912610779001e-11
9.775586245212137815e-01 2.057786811111186165e-11
9.807637347655455695e-01 2.108235749781478311e-11
9.839688450098774686e-01 2.080386310948472346e-11
9.871739552542092566e-01 2.832310213361285209e-11
9.903790654985411557e-01 3.162620043809347879e-11
9.935841757428729437e-01 3.925484948803127634e-11
9.967892859872048428e-01 5.647898216354292790e-11
