1.000000000000000000e+00 7.739523138460758324e-11
9.999983061426448439e-01 1.394943028297085790e-06
9.999847554650125314e-01 1.255449924054885832e-05
9.999576550761819504e-01 3.487391580088215992e-05
9.999170069089526880e-01 6.835302844950126003e-05
9.998628138623517625e-01 1.129847437466719302e-04
9.997950798014267892e-01 1.687359685787275475e-04
9.997138095569704230e-01 2.355116843733367170e-04
9.996190089251758559e-01 3.131050027150308825e-04
9.995106846672232592e-01 4.011448740081798286e-04
9.993888445087979466e-01 4.990593503612306353e-04
9.992534971395389265e-01 6.060717029760670244e-04
9.991046522124196194e-01 7.212376420877742323e-04
9.989423203430587428e-01 8.435171108092726815e-04
9.987665131089641379e-01 9.718601972997182930e-04
9.985772430487060980e-01 1.105280875243986596e-03
9.983745236610239715e-01 1.242898121158896160e-03
9.981583694038625998e-01 1.383938761174098283e-03
9.979287956933420300e-01 1.527712415643804394e-03
9.976858189026571733e-01 1.673577968857582147e-03
9.974294563609110709e-01 1.820919450367227939e-03
9.971597263518776622e-01 1.969139759128078933e-03
9.968766481126993817e-01 2.117669876479604148e-03
9.965802418325138134e-01 2.265984971883950455e-03
9.962705286510142866e-01 2.413618912025239805e-03
9.959475306569424147e-01 2.560172846291216241e-03
9.956112708865125782e-01 2.705317978725221145e-03
9.952617733217686835e-01 2.848794875324088365e-03
9.948990628888743082e-01 2.990411540244462991e-03
9.945231654563344570e-01 3.130041306256065720e-03
9.941341078331509262e-01 3.267620589185308341e-03
9.937319177669103887e-01 3.403146217923938566e-03
9.933166239418047549e-01 3.536672166904457956e-03
9.928882559765865867e-01 3.668305722509887165e-03
9.924468444224552321e-01 3.798203218276986759e-03
9.919924207608794564e-01 3.926565476091192428e-03
9.915250174013507944e-01 4.053633058293643412e-03
9.910446676790731768e-01 4.179681409985855356e-03
9.905514058525848320e-01 4.305015957854020636e-03
9.900452671013151296e-01 4.429967223616283409e-03
9.895262875230756983e-01 4.554886002444240301e-03
9.889945041314855967e-01 4.680138649114032844e-03
9.884499548533323132e-01 4.806102508529378793e-03
9.878926785258654863e-01 4.933161523137739000e-03
9.873227148940285636e-01 5.061702047743903837e-03
9.867401046076228477e-01 5.192108901433970837e-03
9.861448892184092596e-01 5.324761686638103050e-03
9.855371111771444870e-01 5.460031405816452230e-03
9.849168138305534059e-01 5.598277406330500090e-03
9.842840414182376652e-01 5.739844682939498378e-03
9.836388390695204320e-01 5.885061564897428772e-03
9.829812528002280780e-01 6.034237810210521524e-03
9.823113295094079156e-01 6.187663123204716759e-03
9.816291169759834290e-01 6.345606103662132860e-03
9.809346638553468889e-01 6.508313626500080926e-03
9.802280196758892394e-01 6.676010640787326429e-03
9.795092348354674794e-01 6.848900367057868255e-03
9.787783605978105372e-01 7.027164861868094060e-03
9.780354490888631958e-01 7.210965910633740025e-03
9.772805532930677330e-01 7.400446202630799920e-03
9.765137270495867217e-01 7.595730737636808595e-03
9.757350250484609910e-01 7.796928410851393550e-03
9.749445028267111901e-01 8.004133722594300449e-03
9.741422167643755126e-01 8.217428560698718937e-03
9.733282240804893570e-01 8.436884007223329970e-03
9.725025828290043695e-01 8.662562125532295015e-03
9.716653518946476442e-01 8.894517690092798232e-03
9.708165909887226386e-01 9.132799827558784125e-03
9.699563606448502462e-01 9.377453544571348956e-03
9.690847222146513618e-01 9.628521124270452564e-03
9.682017378633718252e-01 9.886043380179346945e-03
9.673074705654480798e-01 1.015006076141568639e-02
9.664019841000166533e-01 1.042061430877892943e-02
9.654853430463647967e-01 1.069774646502779335e-02
9.645576127793249466e-01 1.098150174656904385e-02
9.636188594646120098e-01 1.127192728610604093e-02
9.626691500541049162e-01 1.156907325771249981e-02
9.617085522810706610e-01 1.187299319706877632e-02
9.607371346553347236e-01 1.218374423008767270e-02
9.597549664583941986e-01 1.250138722298372966e-02
9.587621177384767490e-01 1.282598686679964697e-02
9.577586593055449349e-01 1.315761170844784340e-02
9.567446627262461423e-01 1.349633413931784071e-02
9.557202003188077777e-01 1.384223035163033300e-02
9.546853451478803931e-01 1.419538027134385066e-02
9.536401710193264103e-01 1.455586747516159248e-02
9.525847524749558870e-01 1.492377909820657989e-02
9.515191647872108804e-01 1.529920573756821112e-02
9.504434839537965196e-01 1.568224135591494636e-02
9.493577866922608965e-01 1.607298318859788633e-02
9.482621504345239982e-01 1.647153165651104104e-02
9.471566533213544581e-01 1.687799028651577188e-02
9.460413741967974577e-01 1.729246564055242005e-02
9.449163926025508919e-01 1.771506725390382953e-02
9.437817887722927956e-01 1.814590758290200723e-02
9.426376436259591429e-01 1.858510196198686140e-02
9.414840387639724639e-01 1.903276856963004998e-02
9.403210564614217226e-01 1.948902840279258947e-02
9.391487796621954542e-01 1.995400525909446846e-02
9.379672919730651648e-01 2.042782572618085518e-02
9.367766776577232113e-01 2.091061917753982494e-02
9.355770216307728315e-01 2.140251777405972541e-02
9.343684094516717664e-01 2.190365647071892616e-02
9.331509273186310294e-01 2.241417302769264930e-02
9.319246620624661581e-01 2.293420802547549778e-02
9.306897011404049458e-01 2.346390488341223296e-02
9.294461326298506521e-01 2.400340988117680499e-02
9.281940452220989179e-01 2.455287218286342568e-02
9.269335282160136025e-01 2.511244386343015542e-02
9.256646715116569890e-01 2.568227993700558306e-02
9.243875656038786914e-01 2.626253838714041888e-02
9.231023015758619277e-01 2.685338019844024995e-02
9.218089710926264946e-01 2.745496938981533200e-02
9.205076663944915527e-01 2.806747304888851033e-02
9.191984802904978880e-01 2.869106136779903810e-02
9.178815061517873186e-01 2.932590767992778596e-02
9.165568379049449099e-01 2.997218849790741352e-02
9.152245700252987781e-01 3.063008355246225542e-02
9.138847975301834792e-01 3.129977583256723928e-02
9.125376159721622082e-01 3.198145162625172511e-02
9.111831214322125838e-01 3.267530056259792398e-02
9.098214105128741291e-01 3.338151565462652015e-02
9.084525803313583392e-01 3.410029334312778687e-02
9.070767285126226653e-01 3.483183354147443428e-02
9.056939531824073075e-01 3.557633968132107444e-02
9.043043529602374786e-01 3.633401875932695119e-02
9.029080269523898084e-01 3.710508138479307050e-02
9.015050747448235535e-01 3.788974182830926601e-02
9.000955963960786121e-01 3.868821807128745155e-02
8.986796924301392320e-01 3.950073185668647596e-02
8.972574638292646343e-01 4.032750874056928447e-02
8.958290120267868861e-01 4.116877814482648029e-02
8.943944388998770201e-01 4.202477341091464397e-02
8.929538467622784026e-01 4.289573185467226296e-02
8.915073383570106813e-01 4.378189482237473257e-02
8.900550168490410918e-01 4.468350774776199547e-02
8.885969858179280090e-01 4.560082021028307592e-02
8.871333492504323015e-01 4.653408599457711098e-02
8.856642115331021525e-01 4.748356315105629888e-02
8.841896774448274599e-01 4.844951405777116887e-02
8.827098521493670358e-01 4.943220548344058607e-02
8.812248411878491616e-01 5.043190865184554034e-02
8.797347504712429433e-01 5.144889930743116319e-02
8.782396862728065745e-01 5.248345778233012848e-02
8.767397552205059563e-01 5.353586906466047124e-02
8.752350642894117794e-01 5.460642286836148857e-02
8.737257207940685166e-01 5.569541370449524603e-02
8.722118323808421003e-01 5.680314095410021052e-02
8.706935070202415083e-01 5.792990894271884961e-02
8.691708529992191457e-01 5.907602701654331157e-02
8.676439789134473557e-01 6.024180962045429244e-02
8.661129936595732826e-01 6.142757637790557251e-02
8.645780064274525278e-01 6.263365217256874895e-02
8.630391266923619353e-01 6.386036723228205592e-02
8.614964642071917256e-01 6.510805721478571395e-02
8.599501289946175353e-01 6.637706329577162945e-02
8.584002313392539163e-01 6.766773225921177137e-02
8.568468817797891823e-01 6.898041658991098390e-02
8.552901911011008274e-01 7.031547456862009826e-02
8.537302703263554005e-01 7.167327036961596010e-02
8.521672307090898402e-01 7.305417416108897499e-02
8.506011837252767105e-01 7.445856220832722250e-02
8.490322410653738938e-01 7.588681697986372765e-02
8.474605146263591848e-01 7.733932725690155496e-02
8.458861165037493413e-01 7.881648824604786663e-02
8.443091589836053679e-01 8.031870169547176974e-02
8.427297545345245888e-01 8.184637601520763917e-02
8.411480157996195084e-01 8.339992640104779142e-02
8.395640555884835710e-01 8.497977496273573239e-02
8.379779868691461520e-01 8.658635085676531784e-02
8.363899227600151143e-01 8.822009042359353626e-02
8.347999765218098167e-01 8.988143732995937385e-02
8.332082615494827982e-01 9.157084271623722183e-02
8.316148913641328022e-01 9.328876534948112031e-02
8.300199796049083645e-01 9.503567178223801259e-02
8.284236400209031848e-01 9.681203651761081941e-02
8.268259864630430611e-01 9.861834218113846307e-02
8.252271328759667179e-01 1.004550796999435502e-01
8.236271932898988624e-01 1.023227484894764366e-01
8.220262818125174675e-01 1.042218566484000714e-01
8.204245126208161709e-01 1.061529211622298519e-01
8.188219999529604554e-01 1.081164681156964735e-01
8.172188581001403884e-01 1.101130329146783188e-01
8.156152013984201421e-01 1.121431605176665680e-01
8.140111442205822945e-01 1.142074056777351437e-01
8.124068009679716873e-01 1.163063331957854829e-01
8.108022860623356198e-01 1.184405181864849194e-01
8.091977139376643757e-01 1.206105463586193138e-01
8.075931990320284193e-01 1.228170143121676688e-01
8.059888557794177011e-01 1.250605298537917354e-01
8.043847986015798535e-01 1.273417123326082423e-01
8.027811418998596071e-01 1.296611929965330035e-01
8.011780000470396512e-01 1.320196153685405660e-01
7.995754873791838246e-01 1.344176356403959660e-01
7.979737181874825280e-01 1.368559230804738680e-01
7.963728067101011332e-01 1.393351604528190457e-01
7.947728671240332776e-01 1.418560444465240544e-01
7.931740135369569344e-01 1.444192861188651755e-01
7.915763599790968108e-01 1.470256113618836902e-01
7.899800203950915201e-01 1.496757614095803879e-01
7.883851086358671933e-01 1.523704934082150964e-01
7.867917384505171974e-01 1.551105810748226455e-01
7.852000234781901788e-01 1.578968154646424593e-01
7.836100772399848813e-01 1.607300058557255551e-01
7.820220131308538436e-01 1.636109807373437308e-01
7.804359444115163136e-01 1.665405888619032604e-01
7.788519842003804872e-01 1.695197002927913421e-01
7.772702454654754067e-01 1.725492073605567889e-01
7.756908410163947387e-01 1.756300254403936612e-01
7.741138834962506543e-01 1.787630934898904733e-01
7.725394853736408107e-01 1.819493743485985637e-01
7.709677589346261017e-01 1.851898548928835875e-01
7.693988162747233961e-01 1.884855462554033134e-01
7.678327692909101554e-01 1.918374844304099880e-01
7.662697296736444841e-01 1.952467316661172791e-01
7.647098088988991682e-01 1.987143790572789281e-01
7.631531182202109242e-01 2.022415506560939769e-01
7.615997686607459682e-01 2.058294092054766822e-01
7.600498710053824603e-01 2.094791632593645814e-01
7.585035357928082700e-01 2.131920750280535126e-01
7.569608733076379492e-01 2.169694678409115340e-01
7.554219935725474677e-01 2.208127317496791087e-01
7.538870063404268240e-01 2.247233256271845003e-01
7.523560210865526399e-01 2.287027742610436287e-01
7.508291470007808499e-01 2.327526594941465854e-01
7.493064929797584872e-01 2.368746054521820021e-01
7.477881676191580063e-01 2.410702592780713804e-01
7.462742792059315899e-01 2.453412704136846423e-01
7.447649357105883272e-01 2.496892730824081807e-01
7.432602447794940392e-01 2.541158779142448365e-01
7.417603137271935321e-01 2.586226792460007973e-01
7.402652495287569412e-01 2.632112841901025346e-01
7.387751588121509450e-01 2.678833678398399032e-01
7.372901478506329598e-01 2.726407558822585009e-01
7.358103225551726467e-01 2.774855315402828260e-01
7.343357884668978430e-01 2.824201585472231324e-01
7.328666507495675830e-01 2.874476063753117483e-01
7.314030141820719866e-01 2.925714590173076335e-01
7.299449831509587927e-01 2.977959851828211324e-01
7.284926616429893143e-01 3.031261467378868479e-01
7.270461532377214819e-01 3.085675243691876624e-01
7.256055611001229755e-01 3.141261452599986015e-01
7.241709879732129984e-01 3.198082070731492199e-01
7.227425361707353613e-01 3.256197052463004615e-01
7.213203075698607636e-01 3.315659854492085112e-01
7.199044036039214944e-01 3.376512584372800552e-01
7.184949252551764420e-01 3.438781284827955309e-01
7.170919730476101872e-01 3.502471969639284199e-01
7.156956470397625170e-01 3.567568075939772654e-01
7.143060468175926880e-01 3.634029977258759758e-01
7.129232714873774412e-01 3.701797104611325162e-01
7.115474196686416564e-01 3.770793051316425615e-01
7.101785894871258664e-01 3.840933801856876162e-01
7.088168785677874117e-01 3.912138944257597117e-01
7.074623840278377873e-01 3.984345421897604322e-01
7.061152024698165164e-01 4.057523078964802576e-01
7.047754299747012174e-01 4.131690977695537947e-01
7.034431620950551967e-01 4.206933236792457231e-01
7.021184938482126769e-01 4.283412978692107131e-01
7.008015197095022186e-01 4.361382896905943718e-01
6.994923336055084429e-01 4.441190981522451509e-01
6.981910289073736120e-01 4.523280088620241779e-01
6.968976984241380679e-01 4.608180322846034405e-01
6.956124343961211931e-01 4.696493629532529357e-01
6.943353284883431176e-01 4.788870557042024800e-01
6.930664717839863931e-01 4.885979822819361273e-01
6.918059547779009666e-01 4.988472041531041290e-01
6.905538673701493435e-01 5.096939666412343417e-01
6.893102988595949387e-01 5.211875752881067747e-01
6.880753379375339485e-01 5.333634474301103268e-01
6.868490726813690772e-01 5.462396326874229269e-01
6.856315905483282291e-01 5.598140626824378296e-01
6.844229783692272751e-01 5.740627263978425043e-01
6.832233223422768953e-01 5.889388826412822464e-01
6.820327080269349418e-01 6.043733283534491463e-01
6.808512203378046523e-01 6.202756548420714777e-01
6.796789435385782729e-01 6.365363547171516423e-01
6.785159612360276427e-01 6.530295969241824983e-01
6.773623563740407416e-01 6.696164671827712356e-01
6.762182112277071999e-01 6.861484733176121953e-01
6.750836073974492146e-01 7.024711337286319024e-01
6.739586258032026489e-01 7.184274960620017358e-01
6.728433466786456485e-01 7.338614660842582849e-01
6.717378495654761084e-01 7.486208592895827740e-01
6.706422133077390990e-01 7.625601170044080668e-01
6.695565160462034759e-01 7.755426532726193978e-01
6.684808352127891151e-01 7.874428182734931614e-01
6.674152475250442196e-01 7.981474788089654160e-01
6.663598289806736963e-01 8.075572272025856035e-01
6.653146548521196024e-01 8.155872375823965958e-01
6.642797996811923289e-01 8.221677937233434763e-01
6.632553372737539643e-01 8.272445160325597735e-01
6.622413406944550607e-01 8.307783173569484036e-01
6.612378822615232465e-01 8.327451184231275949e-01
6.602450335416059080e-01 8.331353541289931997e-01
6.592628653446653830e-01 8.319533017376508077e-01
6.582914477189294455e-01 8.292162613796236759e-01
6.573308499458951903e-01 8.249536182133707651e-01
6.563811405353879858e-01 8.192058141699354312e-01
6.554423872206751600e-01 8.120232554479276388e-01
6.545146569536351988e-01 8.034651798843635007e-01
6.535980158999833423e-01 7.935985060490091669e-01
6.526925294345519157e-01 7.824966834584151654e-01
6.517982621366282814e-01 7.702385607508788201e-01
6.509152777853486338e-01 7.569072860713841333e-01
6.500436393551497494e-01 7.425892513709976273e-01
6.491834090112773570e-01 7.273730898931880517e-01
6.483346481053523513e-01 7.113487338632199508e-01
6.474974171709956261e-01 6.946065373705013757e-01
6.466717759195106385e-01 6.772364676710457276e-01
6.458577832356244830e-01 6.593273666574928082e-01
6.450554971732888054e-01 6.409662830526188237e-01
6.442649749515390045e-01 6.222378749636057194e-01
6.434862729504132739e-01 6.032238817620347859e-01
6.427194467069321515e-01 5.840026637928085185e-01
6.419645509111369108e-01 5.646488081213654198e-01
6.412216394021894583e-01 5.452327983554335900e-01
6.404907651645325162e-01 5.258207464830415567e-01
6.397719803241108671e-01 5.064741846106858292e-01
6.390653361446532177e-01 4.872499144329854315e-01
6.383708830240166776e-01 4.681999121935688235e-01
6.376886704905920800e-01 4.493712867906773378e-01
6.370187471997719175e-01 4.308062885311678691e-01
6.363611609304795635e-01 4.125423658467478050e-01
6.357159585817623304e-01 3.946122670590861969e-01
6.350831861694465896e-01 3.770441840284434187e-01
6.344628888228555086e-01 3.598619342528172060e-01
6.338551107815907359e-01 3.430851777131296854e-01
6.332598953923771479e-01 3.267296644958898599e-01
6.326772851059714320e-01 3.108075089752156961e-01
6.321073214741345092e-01 2.953274861079817626e-01
6.315500451466676823e-01 2.802953451934306339e-01
6.310054958685143989e-01 2.657141362767236337e-01
6.304737124769242973e-01 2.515845442386722697e-01
6.299547328986848660e-01 2.379052255174036457e-01
6.294485941474151636e-01 2.246731423600921151e-01
6.289553323209268187e-01 2.118838895151876900e-01
6.284749825986492011e-01 1.995320083579197878e-01
6.280075792391205391e-01 1.876112836020965846e-01
6.275531555775447634e-01 1.761150179889084122e-01
6.271117440234135199e-01 1.650362806420749007e-01
6.266833760581952406e-01 1.543681251087073436e-01
6.262680822330896069e-01 1.441037734317483776e-01
6.258658921668490693e-01 1.342367629134487428e-01
6.254768345436655386e-01 1.247610525801284981e-01
6.251009371111256874e-01 1.156710868860443692e-01
6.247382266782313121e-01 1.069618151170413922e-01
6.243887291134875284e-01 9.862866651393241424e-02
6.240524693430575809e-01 9.066748348706793470e-02
6.237294713489857090e-01 8.307441839778177683e-02
6.234197581674861821e-01 7.584580293016585095e-02
6.231233518873005028e-01 6.897800250765033503e-02
6.228402736481222224e-01 6.246727082073966902e-02
6.225705436390889247e-01 5.630962065880512624e-02
6.223141810973428223e-01 5.050072643021812774e-02
6.220712043066579655e-01 4.503587090549862615e-02
6.218416305961373958e-01 3.990994410006719340e-02
6.216254763389760241e-01 3.511749641731463922e-02
6.214227569512938976e-01 3.065284198408676705e-02
6.212334868910358576e-01 2.651020235942750172e-02
6.210576796569412528e-01 2.268387622400641970e-02
6.208953477875803761e-01 1.916841781388435931e-02
6.207465028604610691e-01 1.595880605509629804e-02
6.206111554912020489e-01 1.305058762989300472e-02
6.204893153327767363e-01 1.043998035805945857e-02
6.203809910748241396e-01 8.123927894779930242e-03
6.202861904430295725e-01 6.100102265018226590e-03
6.202049201985732063e-01 4.366856527357730958e-03
6.201371861376482331e-01 2.923135236776929543e-03
6.200829930910473076e-01 1.768354774776837715e-03
6.200423449238181561e-01 9.022685855256114100e-04
6.199999999999999956e-01 1.166900375458242021e-10
