1.000000000000000000e+00 2.716945235503566888e-26 1.155954384095001795e-28 2.728504779344516836e-26
9.999975572831442117e-01 2.390665540979923896e-13 2.429180227118462241e-13 4.819845768098386137e-13
9.999780157039552808e-01 1.690790186742595723e-11 1.960624381797463839e-11 3.651414568540059562e-11
9.999389333757410236e-01 9.857553812721627451e-11 1.478856080411808673e-10 2.464611461683971419e-10
9.998803119587938992e-01 2.431655365926570280e-10 5.315407627386417534e-10 7.747062993312987814e-10
9.998021539434640559e-01 3.525051814158424958e-10 1.268349159304369074e-09 1.620854340720211621e-09
9.997044626500540820e-01 3.306898364614416770e-10 2.264309519006432775e-09 2.594999355467874400e-09
9.995872422286776748e-01 2.015320237007773457e-10 3.215373078394496096e-09 3.416905102095273339e-09
9.994504976590834477e-01 7.401845672982626945e-11 3.808279448381829411e-09 3.882297905111655526e-09
9.992942347504429890e-01 1.298229725719715609e-11 3.958366121123348841e-09 3.971348418380546143e-09
9.991184601411047250e-01 8.329634137957318480e-13 3.825676856730846602e-09 3.826509820144642330e-09
9.989231812983115910e-01 1.230317099857009123e-12 3.632250593494696729e-09 3.633480910594553715e-09
9.987084065178833958e-01 1.084196527789774232e-12 3.507171925879440014e-09 3.508256122407229715e-09
9.984741449238651034e-01 7.035303443396303639e-13 3.466510108560288142e-09 3.467213638904627731e-09
9.982204064681389211e-01 6.351011678309530217e-13 3.471162774959420060e-09 3.471797876127250812e-09
9.979472019300016372e-01 6.406113421639100560e-13 3.483955778863325885e-09 3.484596390205489851e-09
9.976545429157063216e-01 6.418487026055140105e-13 3.490949697297187487e-09 3.491591545999793036e-09
9.973424418579697193e-01 6.428447379895695756e-13 3.493494889276522366e-09 3.494137734014511943e-09
9.970109120154435622e-01 6.444347034168238072e-13 3.495272443653530807e-09 3.495916878356947801e-09
9.966599674721524638e-01 6.463287018725603942e-13 3.497548296494986412e-09 3.498194625196858770e-09
9.962896231368936206e-01 6.483889774595486893e-13 3.500179750560321525e-09 3.500828139537781176e-09
9.958998947426058734e-01 6.505710174129626114e-13 3.502960926286368789e-09 3.503611497303781761e-09
9.954907988456989099e-01 6.528848107418987869e-13 3.505864148155999977e-09 3.506517032966741800e-09
9.950623528253522698e-01 6.553402929136989744e-13 3.508905214486107343e-09 3.509560554779020889e-09
9.946145748827748267e-01 6.579420587517679759e-13 3.512088651974365559e-09 3.512746594033117395e-09
9.941474840404331825e-01 6.606943915045487538e-13 3.515414089335210020e-09 3.516074783726714631e-09
9.936611001412430921e-01 6.636021879191000342e-13 3.518881680169338543e-09 3.519545282357257512e-09
9.931554438477258051e-01 6.666706271071696900e-13 3.522491924628523626e-09 3.523158595255630768e-09
9.926305366411317666e-01 6.699051058875091217e-13 3.526245316457426700e-09 3.526915221563314141e-09
9.920864008205263485e-01 6.733112622628769517e-13 3.530142355615255097e-09 3.530815666877518049e-09
9.915230595018436066e-01 6.768949823109798041e-13 3.534183564800796659e-09 3.534860459783107778e-09
9.909405366169042884e-01 6.806624036065902915e-13 3.538369488190859692e-09 3.539050150594466315e-09
9.903388569123985352e-01 6.846199197496812114e-13 3.542700691038340127e-09 3.543385310958089903e-09
9.897180459488352788e-01 6.887741851476550462e-13 3.547177759863087233e-09 3.547866534048234865e-09
9.890781300994556657e-01 6.931321199824583265e-13 3.551801302602381839e-09 3.552494434722364282e-09
9.884191365491135084e-01 6.977009153818546101e-13 3.556571948702472967e-09 3.557269649617854916e-09
9.877410932931195431e-01 7.024880387873416787e-13 3.561490349180375248e-09 3.562192837219162623e-09
9.870440291360529361e-01 7.075012395425905210e-13 3.566557176735829898e-09 3.567264677975372577e-09
9.863279736905369299e-01 7.127485547110325321e-13 3.571773125872292278e-09 3.572485874427003164e-09
9.855929573759812934e-01 7.182383151096335751e-13 3.577138912970785069e-09 3.577857151285894666e-09
9.848390114172902443e-01 7.239791515676686427e-13 3.582655276375028801e-09 3.583379255526596596e-09
9.840661678435349558e-01 7.299800014292949786e-13 3.588322976519359961e-09 3.589052956520789092e-09
9.832744594865938659e-01 7.362501153004689185e-13 3.594142796044434534e-09 3.594879046159735016e-09
9.824639199797579048e-01 7.427990640382142320e-13 3.600115539893398089e-09 3.600858338957436404e-09
9.816345837563010823e-01 7.496367459917928096e-13 3.606242035434913177e-09 3.606991672180905076e-09
9.807864860480177693e-01 7.567733945076390333e-13 3.612523132612873237e-09 3.613279906007380717e-09
9.799196628837268941e-01 7.642195857036627075e-13 3.618959704089113166e-09 3.619723923674816951e-09
9.790341510877400566e-01 7.719862465157385363e-13 3.625552645382763613e-09 3.626324631629279550e-09
9.781299882782983346e-01 7.800846630243252835e-13 3.632302875038317534e-09 3.633082959701341873e-09
9.772072128659730073e-01 7.885264890730998836e-13 3.639211334820158672e-09 3.639999861309231737e-09
9.762658640520354147e-01 7.973237551857888511e-13 3.646278989901817999e-09 3.647076313657003627e-09
9.753059818267894032e-01 8.064888777857985837e-13 3.653506829057949513e-09 3.654313317935735494e-09
9.743276069678749041e-01 8.160346687315030182e-13 3.660895864891360299e-09 3.661711899560091650e-09
9.733307810385336545e-01 8.259743451758413190e-13 3.668447134078648845e-09 3.669273108423824802e-09
9.723155463858444980e-01 8.363215397550412610e-13 3.676161697607351101e-09 3.676998019147105950e-09
9.712819461389242681e-01 8.470903111184333453e-13 3.684040641028486580e-09 3.684887731339605044e-09
9.702300242070954761e-01 8.582951548124092889e-13 3.692085074742304182e-09 3.692943369897116710e-09
9.691598252780206924e-01 8.699510145253736642e-13 3.700296134290803447e-09 3.701166085305328683e-09
9.680713948158050641e-01 8.820732937034921737e-13 3.708674980648419055e-09 3.709557053942122407e-09
9.669647790590635283e-01 8.946778675499596101e-13 3.717222800533712828e-09 3.718117478401262868e-09
9.658400250189577152e-01 9.077810954199046077e-13 3.725940806743703996e-09 3.726848587839123757e-09
9.646971804771979908e-01 9.213998336227465797e-13 3.734830238490798891e-09 3.735751638324421503e-09
9.635362939840143026e-01 9.355514486423118837e-13 3.743892361742474728e-09 3.744827913191117403e-09
9.623574148560931629e-01 9.502538307865249123e-13 3.753128469580757416e-09 3.754078723411544321e-09
9.611605931744828801e-01 9.655254082823849868e-13 3.762539882577443916e-09 3.763505407985726688e-09
9.599458797824654832e-01 9.813851618286863430e-13 3.772127949168527198e-09 3.773109334330355570e-09
9.587133262833976710e-01 9.978526396195751363e-13 3.781894046035664645e-09 3.782891898675284455e-09
9.574629850385178997e-01 1.014947972854740074e-12 3.791839578508136544e-09 3.792854526480991596e-09
9.561949091647223842e-01 1.032691891750873084e-12 3.801965980970842998e-09 3.802998672862593618e-09
9.549091525323080143e-01 1.051105742068228237e-12 3.812274717269602575e-09 3.813325823011670410e-09
9.536057697626847407e-01 1.070211502170531619e-12 3.822767281131336894e-09 3.823837492633507828e-09
9.522848162260544314e-01 1.090031800636564535e-12 3.833445196599681310e-09 3.834535228400318231e-09
9.509463480390586421e-01 1.110589934439049426e-12 3.844310018468793168e-09 3.845420608403231816e-09
9.495904220623953007e-01 1.131909887707669091e-12 3.855363332720817849e-09 3.856495242608525604e-09
9.482170958984026399e-01 1.154016351095794468e-12 3.866606756981422927e-09 3.867760773332518584e-09
9.468264278886119323e-01 1.176934741771397936e-12 3.878041940984915206e-09 3.879218875726686671e-09
9.454184771112698060e-01 1.200691224050881239e-12 3.889670567038100449e-09 3.890871258262151492e-09
9.439933033788279193e-01 1.225312730695157212e-12 3.901494350491825129e-09 3.902719663222520384e-09
9.425509672354015489e-01 1.250826984890939174e-12 3.913515040229951016e-09 3.914765867214841646e-09
9.410915299541992018e-01 1.277262522939467644e-12 3.925734419166575095e-09 3.927011681689514856e-09
9.396150535349173660e-01 1.304648717673846068e-12 3.938154304742541420e-09 3.939458953460215241e-09
9.381216007011087266e-01 1.333015802629960080e-12 3.950776549433012374e-09 3.952109565235642601e-09
9.366112348975164092e-01 1.362394896996950892e-12 3.963603041275303372e-09 3.964965436172300466e-09
9.350840202873785811e-01 1.392818031371740944e-12 3.976635704403065345e-09 3.978028522434436990e-09
9.335400217497034081e-01 1.424318174342863659e-12 3.989876499581336595e-09 3.991300817755679079e-09
9.319793048765127041e-01 1.456929259931783237e-12 4.003327424758884374e-09 4.004784354018816516e-09
9.304019359700547165e-01 1.490686215921904242e-12 4.016990515639464918e-09 4.018481201855387138e-09
9.288079820399883779e-01 1.525624993104140539e-12 4.030867846256115093e-09 4.032393471249219245e-09
9.271975108005361399e-01 1.561782595466237928e-12 4.044961529552102844e-09 4.046523312147569177e-09
9.255705906676077177e-01 1.599197111358686888e-12 4.059273717983292526e-09 4.060872915094651504e-09
9.239272907558930825e-01 1.637907745672696864e-12 4.073806604136397065e-09 4.075444511882070163e-09
9.222676808759266986e-01 1.677954853063189059e-12 4.088562421352261030e-09 4.090240376205324417e-09
9.205918315311220068e-01 1.719379972249183081e-12 4.103543444361979070e-09 4.105262824334227987e-09
9.188998139147758204e-01 1.762225861429747123e-12 4.118751989944906507e-09 4.120514215806336210e-09
9.171916999070443000e-01 1.806536534854008472e-12 4.134190417600138090e-09 4.135996954134991971e-09
9.154675620718891738e-01 1.852357300584249270e-12 4.149861130224705109e-09 4.151713487525289395e-09
9.137274736539952036e-01 1.899734799491823498e-12 4.165766574809091184e-09 4.167666309608582936e-09
9.119715085756583406e-01 1.948717045528464884e-12 4.181909243155480637e-09 4.183857960201008690e-09
9.101997414336456815e-01 1.999353467316739691e-12 4.198291672607613862e-09 4.200291026074930403e-09
9.084122474960262261e-01 2.051694951103730502e-12 4.214916446790597813e-09 4.216968141741701317e-09
9.066091026989736568e-01 2.105793885124786292e-12 4.231786196373956128e-09 4.233891990259080950e-09
9.047903836435400304e-01 2.161704205427936934e-12 4.248903599856233931e-09 4.251065304061661570e-09
9.029561675924016040e-01 2.219481443208788383e-12 4.266271384358031599e-09 4.268490865801240681e-09
9.011065324665770149e-01 2.279182773706437322e-12 4.283892326429682113e-09 4.286171509203388883e-09
8.992415568421171512e-01 2.340867066715997634e-12 4.301769252885748083e-09 4.304110119952464469e-09
8.973613199467657120e-01 2.404594938774545150e-12 4.319905041657750656e-09 4.322309636596525031e-09
8.954659016565955643e-01 2.470428807078468562e-12 4.338302622657249774e-09 4.340773051464328302e-09
8.935553824926136812e-01 2.538432945193487524e-12 4.356964978660489847e-09 4.359503411605683488e-09
8.916298436173415443e-01 2.608673540618963717e-12 4.375895146220466467e-09 4.378503819761085614e-09
8.896893668313662351e-01 2.681218754270823011e-12 4.395096216594994932e-09 4.397777435349265780e-09
8.877340345698664370e-01 2.756138781951808941e-12 4.414571336687748136e-09 4.417327475469700147e-09
8.857639298991102361e-01 2.833505917879418231e-12 4.434323710014189281e-09 4.437157215932068469e-09
8.837791365129251675e-01 2.913394620344220599e-12 4.454356597694445866e-09 4.457269992314789683e-09
8.817797387291441691e-01 2.995881579573694515e-12 4.474673319461562621e-09 4.477669201041135903e-09
8.797658214860228920e-01 3.081045787880197811e-12 4.495277254687140114e-09 4.498358300475020089e-09
8.777374703386318089e-01 3.168968612175476187e-12 4.516171843437381353e-09 4.519340812049556604e-09
8.756947714552203443e-01 3.259733868937504939e-12 4.537360587555829848e-09 4.540620321424767485e-09
8.736378116135586902e-01 3.353427901714772652e-12 4.558847051760650336e-09 4.562200479662365027e-09
8.715666781972488675e-01 3.450139661259922053e-12 4.580634864764604861e-09 4.584085004425865122e-09
8.694814591920139168e-01 3.549960788388990151e-12 4.602727720428228574e-09 4.606277681216617602e-09
8.673822431819596668e-01 3.652985699663325080e-12 4.625129378936417229e-09 4.628782364636080550e-09
8.652691193458119656e-01 3.759311675995510474e-12 4.647843667992094296e-09 4.651602979668090040e-09
8.631421774531269353e-01 3.869038954285861498e-12 4.670874484039659898e-09 4.674743522993945790e-09
8.610015078604792427e-01 3.982270822199914691e-12 4.694225793522699902e-09 4.698208064344899441e-09
8.588472015076219490e-01 4.099113716200773760e-12 4.717901634164626947e-09 4.722000747880828060e-09
8.566793499136240442e-01 4.219677322954823118e-12 4.741906116270928247e-09 4.746125793593882720e-09
8.544980451729825566e-01 4.344074684236043821e-12 4.766243424065699219e-09 4.770587498749935080e-09
8.523033799517096831e-01 4.472422305458489895e-12 4.790917817062950110e-09 4.795390239368408472e-09
8.500954474833967156e-01 4.604840267968805409e-12 4.815933631460831334e-09 4.820538471728800440e-09
8.478743415652529869e-01 4.741452345235618497e-12 4.841295281561964619e-09 4.846036733907200506e-09
8.456401565541210585e-01 4.882386123082299228e-12 4.867007261233294368e-09 4.871889647356376369e-09
8.433929873624690376e-01 5.027773124113860028e-12 4.893074145401025533e-09 4.898101918525139598e-09
8.411329294543572477e-01 5.177748936491514178e-12 4.919500591569372720e-09 4.924678340505864418e-09
8.388600788413839160e-01 5.332453347215642484e-12 4.946291341371992019e-09 4.951623794719207295e-09
8.365745320786058814e-01 5.492030480085861276e-12 4.973451222166844780e-09 4.978943252646930372e-09
8.342763862604365421e-01 5.656628938514307702e-12 5.000985148665103186e-09 5.006641777603617295e-09
8.319657390165214883e-01 5.826401953375584945e-12 5.028898124587756444e-09 5.034724526541132148e-09
8.296426885075909308e-01 6.001507536081227864e-12 5.057195244361505576e-09 5.063196751897586496e-09
8.273073334212893704e-01 6.182108637075341528e-12 5.085881694859596452e-09 5.092063803496671806e-09
8.249597729679839508e-01 6.368373309957582585e-12 5.114962757177890715e-09 5.121331130487847968e-09
8.226001068765483870e-01 6.560474881445585811e-12 5.144443808444337433e-09 5.151004283325783191e-09
8.202284353901276859e-01 6.758592127398274676e-12 5.174330323672937143e-09 5.181088915800335468e-09
8.178448592618791091e-01 6.962909455132382212e-12 5.204627877664511079e-09 5.211590787119643158e-09
8.154494797506917081e-01 7.173617092271192936e-12 5.235342146944725793e-09 5.242515764036996601e-09
8.130423986168849870e-01 7.390911282373777157e-12 5.266478911740982854e-09 5.273869823023356856e-09
8.106237181178859164e-01 7.614994487605491190e-12 5.298044058009219797e-09 5.305659052496824998e-09
8.081935410038846301e-01 7.846075598720649174e-12 5.330043579509188821e-09 5.337889655107909716e-09
8.057519705134695842e-01 8.084370152639664499e-12 5.362483579920489020e-09 5.370567950073128724e-09
8.032991103692419532e-01 8.330100557912648314e-12 5.395370275005024953e-09 5.403700375562937744e-09
8.008350647734086003e-01 8.583496328374438706e-12 5.428709994823907765e-09 5.437293491152282015e-09
7.983599384033562840e-01 8.844794325310990417e-12 5.462509186004402382e-09 5.471353980329713033e-09
7.958738364072042160e-01 9.114239008468060355e-12 5.496774414052939569e-09 5.505888653061407733e-09
7.933768643993369674e-01 9.392082696246678922e-12 5.531512365721339698e-09 5.540904448417586052e-09
7.908691284559183909e-01 9.678585835444899536e-12 5.566729851430727385e-09 5.576408437266172478e-09
7.883507351103851146e-01 9.974017280918619845e-12 5.602433807748805084e-09 5.612407825029723689e-09
7.858217913489203843e-01 1.027865458555187965e-11 5.638631299920023213e-09 5.648909954505575116e-09
7.832824046059093659e-01 1.059278430094431601e-11 5.675329524455378431e-09 5.685922308756322677e-09
7.807326827593750185e-01 1.091670228923899964e-11 5.712535811783867467e-09 5.723452514073106337e-09
7.781727341263959818e-01 1.125071404653020851e-11 5.750257628961944520e-09 5.761508343008474436e-09
7.756026674585035918e-01 1.159513503831125473e-11 5.788502582443196570e-09 5.800097717481508042e-09
7.730225919370631305e-01 1.195029104744120055e-11 5.827278420914332109e-09 5.839228711961773128e-09
7.704326171686354252e-01 1.231651853513214670e-11 5.866593038197377405e-09 5.878909556732509219e-09
7.678328531803196855e-01 1.269416501547862747e-11 5.906454476215876700e-09 5.919148641231355450e-09
7.652234104150804628e-01 1.308358944406718688e-11 5.946870928028251194e-09 5.959954517472318187e-09
7.626043997270551822e-01 1.348516262123097271e-11 5.987850740932906853e-09 6.001335903554137648e-09
7.599759323768450203e-01 1.389926761054619802e-11 6.029402419645149763e-09 6.043301687255696267e-09
7.573381200267884639e-01 1.432630017318680369e-11 6.071534629545569894e-09 6.085860929718756647e-09
7.546910747362171046e-01 1.476666921877575032e-11 6.114256200004096991e-09 6.129022869222873080e-09
7.520349089566958911e-01 1.522079727340411250e-11 6.157576127782465755e-09 6.172796925055869719e-09
7.493697355272456173e-01 1.568912096552069138e-11 6.201503580515400484e-09 6.217192701480921040e-09
7.466956676695495343e-01 1.617209153042164433e-11 6.246047900272099933e-09 6.262219991802521751e-09
7.440128189831427541e-01 1.667017533409938668e-11 6.291218607200718160e-09 6.307888782534817815e-09
7.413213034405871094e-01 1.718385441724410604e-11 6.337025403256455975e-09 6.354209257673699835e-09
7.386212353826293597e-01 1.771362706023028005e-11 6.383478176016354960e-09 6.401191803076585434e-09
7.359127295133434110e-01 1.826000836995428160e-11 6.430587002585072275e-09 6.448847010955026583e-09
7.331959008952572132e-01 1.882353088942466912e-11 6.478362153592513865e-09 6.497185684481938527e-09
7.304708649444656698e-01 1.940474523104808348e-11 6.526814097283280570e-09 6.546218842514328760e-09
7.277377374257264497e-01 2.000422073459936131e-11 6.575953503701724750e-09 6.595957724436323704e-09
7.249966344475425872e-01 2.062254615090940128e-11 6.625791248976979946e-09 6.646413795127889625e-09
7.222476724572304274e-01 2.126033035234500003e-11 6.676338419708617892e-09 6.697598750060962514e-09
7.194909682359715841e-01 2.191820307120179767e-11 6.727606317453463934e-09 6.749524520524666133e-09
7.167266388938529076e-01 2.259681566718664516e-11 6.779606463317955719e-09 6.802203278985142109e-09
7.139548018648910199e-01 2.329684192522011872e-11 6.832350602661442528e-09 6.855647444586662492e-09
7.111755749020433059e-01 2.401897888483674224e-11 6.885850709911268973e-09 6.909869688796105939e-09
7.083890760722058033e-01 2.476394770251899559e-11 6.940118993489926772e-09 6.964882941192446107e-09
7.055954237511975480e-01 2.553249454836642673e-11 6.995167900859032548e-09 7.020700395407399029e-09
7.027947366187312639e-01 2.632539153856375472e-11 7.051010123683742308e-09 7.077335515222305888e-09
6.999871336533723953e-01 2.714343770517849959e-11 7.107658603118739959e-09 7.134802040823918833e-09
6.971727341274840395e-01 2.798746000488968995e-11 7.165126535220026756e-09 7.193113995224916510e-09
6.943516576021601105e-01 2.885831436832067301e-11 7.223427376487058709e-09 7.252285690855379631e-09
6.915240239221466245e-01 2.975688679172895180e-11 7.282574849535565284e-09 7.312331736327294520e-09
6.886899532107496613e-01 3.068409447288991085e-11 7.342582948905213432e-09 7.373267043378103220e-09
6.858495658647330018e-01 3.164088699308937286e-11 7.403465947009478863e-09 7.435106834002567880e-09
6.830029825492032192e-01 3.262824754722718016e-11 7.465238400227508652e-09 7.497866647774735308e-09
6.801503241924836685e-01 3.364719422413112406e-11 7.527915155138222522e-09 7.561562349362353368e-09
6.772917119809767073e-01 3.469878133927002925e-11 7.591511354904886551e-09 7.626210136244156729e-09
6.744272673540162577e-01 3.578410082216289594e-11 7.656042445815890834e-09 7.691826546638053892e-09
6.715571119987081561e-01 3.690428366089208088e-11 7.721524183981396102e-09 7.758428467642287582e-09
6.686813678447615095e-01 3.806050140623513321e-11 7.787972642188720433e-09 7.826033143594955108e-09
6.658001570593075069e-01 3.925396773804845317e-11 7.855404216923987616e-09 7.894658184662035707e-09
6.629136020417109032e-01 4.048594009666876223e-11 7.923835635565734776e-09 7.964321575662403487e-09
6.600218254183694011e-01 4.175772138223206624e-11 7.993283963750782027e-09 8.035041685133013906e-09
6.571249500375049291e-01 4.307066172493637773e-11 8.063766612915199706e-09 8.106837274640136788e-09
6.542230989639437055e-01 4.442616032942506850e-11 8.135301348019854348e-09 8.179727508349280141e-09
6.513163954738897532e-01 4.582566739662287185e-11 8.207906295464970401e-09 8.253731962861593525e-09
6.484049630496866445e-01 4.727068612650786279e-11 8.281599951192374242e-09 8.328870637318881775e-09
6.454889253745722533e-01 4.876277480546288229e-11 8.356401188983189409e-09 8.405163963788652453e-09
6.425684063274240687e-01 5.030354898203510757e-11 8.432329268961951437e-09 8.482632817943987010e-09
6.396435299774971828e-01 5.189468373512320728e-11 8.509403846307091020e-09 8.561298530042214402e-09
6.367144205791531730e-01 5.353791603879831437e-11 8.587644980167658123e-09 8.641182896206456889e-09
6.337812025665816584e-01 5.523504722816712049e-11 8.667073142797276949e-09 8.722308190025443501e-09
6.308440005485140833e-01 5.698794557090730662e-11 8.747709228914202465e-09 8.804697174485108951e-09
6.279029393029301742e-01 5.879854894934048897e-11 8.829574565288285792e-09 8.888373114237625996e-09
6.249581437717567356e-01 6.066886765814633924e-11 8.912690920557035547e-09 8.973359788215181861e-09
6.220097390555603400e-01 6.260098732306366337e-11 8.997080515282176985e-09 9.059681502605240856e-09
6.190578504082330236e-01 6.459707194617989882e-11 9.082766032255773180e-09 9.147363104201952498e-09
6.161026032316704315e-01 6.665936708370307384e-11 9.169770627056470739e-09 9.236429994140173671e-09
6.131441230704454126e-01 6.879020316240835386e-11 9.258117938858088539e-09 9.326908142020497410e-09
6.101825356064736194e-01 7.099199894124043905e-11 9.347832101502532034e-09 9.418824100443772486e-09
6.072179666536754450e-01 7.326726512487629115e-11 9.438937754845860793e-09 9.512205019970737575e-09
6.042505421526300768e-01 7.561860813640953156e-11 9.531460056378755008e-09 9.607078664515164242e-09
6.012803881652267757e-01 7.804873405668198023e-11 9.625424693128109265e-09 9.703473427184790844e-09
5.983076308693077161e-01 8.056045273817236624e-11 9.720857893851669931e-09 9.801418346589841780e-09
5.953323965533091622e-01 8.315668210173189107e-11 9.817786441532239309e-09 9.900943123633971705e-09
5.923548116108955375e-01 8.584045262488907028e-11 9.916237686175125866e-09 1.000207813880001430e-08
5.893750025355904976e-01 8.861491203089950954e-11 1.001623955791553571e-08 1.010485446994643568e-08
5.863930959154037836e-01 9.148333018818878519e-11 1.011782058044470823e-08 1.020930391063289712e-08
5.834092184274518589e-01 9.444910423031883265e-11 1.022100988476369627e-08 1.031545898899401532e-08
5.804234968325782118e-01 9.751576390711681997e-11 1.032583722327180704e-08 1.042335298717892397e-08
5.774360579699669982e-01 1.006869771781840322e-10 1.043233298419713525e-08 1.053301996137531962e-08
5.744470287517554619e-01 1.039665560605807497e-10 1.054052820637836824e-08 1.064449476243894909e-08
5.714565361576420255e-01 1.073584627430893237e-10 1.065045459440597975e-08 1.075781305714906916e-08
5.684647072294927161e-01 1.108668159801032282e-10 1.076214453413041879e-08 1.087301135011052155e-08
5.654716690659428169e-01 1.144958977788878781e-10 1.087563110854593786e-08 1.099012700632482505e-08
5.624775488169987403e-01 1.182501603946855012e-10 1.099094811405888638e-08 1.110919827445357144e-08
5.594824736786355723e-01 1.221342336488933377e-10 1.110813007714899269e-08 1.123026431079788520e-08
5.564865708873943939e-01 1.261529325863401639e-10 1.122721227143426886e-08 1.135336520402060874e-08
5.534899677149761610e-01 1.303112654885542087e-10 1.134823073514781663e-08 1.147854200063637089e-08
5.504927914628359176e-01 1.346144422608208841e-10 1.147122228903265082e-08 1.160583673129347248e-08
5.474951694567735672e-01 1.390678832117819313e-10 1.159622455466573675e-08 1.173529243787751951e-08
5.444972290415258653e-01 1.436772282453210039e-10 1.172327597322505076e-08 1.186695320147037107e-08
5.414990975753561919e-01 1.484483464855533686e-10 1.185241582470545403e-08 1.200086417119100734e-08
5.385009024246439902e-01 1.533873463568736910e-10 1.198368424759003517e-08 1.213707159394690842e-08
5.355027709584742057e-01 1.585005861422296845e-10 1.211712225899038156e-08 1.227562284513261112e-08
5.325048305432265039e-01 1.637946850440270959e-10 1.225277177526829956e-08 1.241656646031232625e-08
5.295072085371641535e-01 1.692765347734045784e-10 1.239067563314617509e-08 1.255995216791957933e-08
5.265100322850236880e-01 1.749533116950550073e-10 1.253087761131380306e-08 1.270583092300885802e-08
5.235134291126056771e-01 1.808324895562793170e-10 1.267342245254347969e-08 1.285425494209975831e-08
5.205175263213644987e-01 1.869218528305382118e-10 1.281835588632647815e-08 1.300527773915701678e-08
5.175224511830014418e-01 1.932295107074299106e-10 1.296572465203956353e-08 1.315895416274699388e-08
5.145283309340572542e-01 1.997639117628486625e-10 1.311557652264914530e-08 1.331534043441199373e-08
5.115352927705073549e-01 2.065338593449628738e-10 1.326796032896452557e-08 1.347449418830948862e-08
5.085434638423579345e-01 2.135485277136653874e-10 1.342292598445269873e-08 1.363647451216636389e-08
5.055529712482447202e-01 2.208174789732532879e-10 1.358052451062203630e-08 1.380134198959528927e-08
5.025639420300330729e-01 2.283506808403944579e-10 1.374080806298556560e-08 1.396915874382595967e-08
4.995765031674219148e-01 2.361585252918324061e-10 1.390382995761661574e-08 1.413998848290844763e-08
4.965907815725482122e-01 2.442518481388286080e-10 1.406964469830566162e-08 1.431389654644449080e-08
4.936069040845962319e-01 2.526419495780227745e-10 1.423830800432519715e-08 1.449094995390322075e-08
4.906249974644094625e-01 2.613406157713083349e-10 1.440987683881396141e-08 1.467121745458526908e-08
4.876451883891045891e-01 2.703601415103982338e-10 1.458440943779392676e-08 1.485476957930432556e-08
4.846676034466909644e-01 2.797133540249622624e-10 1.476196533982563526e-08 1.504167869385059882e-08
4.816923691306922994e-01 2.894136379966831402e-10 1.494260541630720749e-08 1.523201905430389083e-08
4.787196118347732954e-01 2.994749618452626404e-10 1.512639190242830791e-08 1.542586686427357060e-08
4.757494578473699387e-01 3.099119053563643750e-10 1.531338842879239120e-08 1.562330033414875707e-08
4.727820333463247371e-01 3.207396887256030883e-10 1.550366005371099963e-08 1.582439974243660210e-08
4.698174643935264516e-01 3.319742030971213644e-10 1.569727329617340389e-08 1.602924749927052459e-08
4.668558769295546584e-01 3.436320426800373400e-10 1.589429616950004925e-08 1.623792821218008545e-08
4.638973967683295285e-01 3.557305385311085888e-10 1.609479821569025771e-08 1.645052875422136475e-08
4.609421495917669365e-01 3.682877940972921388e-10 1.629885054046868606e-08 1.666713833456597763e-08
4.579902609444396755e-01 3.813227226176479979e-10 1.650652584902885893e-08 1.688784857164650528e-08
4.550418562282434465e-01 3.948550864901233192e-10 1.671789848247731721e-08 1.711275356896743918e-08
4.520970606970699524e-01 4.089055387153002303e-10 1.693304445498791755e-08 1.734194999370321794e-08
4.491559994514859322e-01 4.234956665361599685e-10 1.715204149166841054e-08 1.757553715820457144e-08
4.462187974334183571e-01 4.386480374003544888e-10 1.737496906713055245e-08 1.781361710453090689e-08
4.432855794208468980e-01 4.543862473794302600e-10 1.760190844476279776e-08 1.805629469214222688e-08
4.403564700225029438e-01 4.707349721879922911e-10 1.783294271671125351e-08 1.830367768889924725e-08
4.374315936725760579e-01 4.877200209549046748e-10 1.806815684456440885e-08 1.855587686551931332e-08
4.345110746254278733e-01 5.053683929083507453e-10 1.830763770072515901e-08 1.881300609363350986e-08
4.315950369503132045e-01 5.237083371470388598e-10 1.855147411046170963e-08 1.907518244760874973e-08
4.286836045261101513e-01 5.427694156810815511e-10 1.879975689463743096e-08 1.934252631031851179e-08
4.257769010360563100e-01 5.625825699380828505e-10 1.905257891310696306e-08 1.961516148304504487e-08
4.228750499624952530e-01 5.831801909428322132e-10 1.931003510875344541e-08 1.989321529969627814e-08
4.199781745816305589e-01 6.045961933928916408e-10 1.957222255214560605e-08 2.017681874553849904e-08
4.170863979582891679e-01 6.268660938672428462e-10 1.983924048680469119e-08 2.046610658067193269e-08
4.141998429406925641e-01 6.500270934211873128e-10 2.011119037505820335e-08 2.076121746847939066e-08
4.113186321552386171e-01 6.741181648378415175e-10 2.038817594443915855e-08 2.106229410927699903e-08
4.084428880012918039e-01 6.991801448252070002e-10 2.067030323459329524e-08 2.136948337941850183e-08
4.055727326459839244e-01 7.252558314677458360e-10 2.095768064467055116e-08 2.168293647613829865e-08
4.027082880190234193e-01 7.523900872628532650e-10 2.125041898116309196e-08 2.200280906842594584e-08
3.998496758075164026e-01 7.806299480958628068e-10 2.154863150612726752e-08 2.232926145422313001e-08
3.969970174507967409e-01 8.100247385323169804e-10 2.185243398572673261e-08 2.266245872425905042e-08
3.941504341352670693e-01 8.406261938333654832e-10 2.216194473905087322e-08 2.300257093288423912e-08
3.913100467892504652e-01 8.724885891294577302e-10 2.247728468715173091e-08 2.334977327628118771e-08
3.884759760778535576e-01 9.056688762194173438e-10 2.279857740220476604e-08 2.370424627842418400e-08
3.856483423978399050e-01 9.402268284965054670e-10 2.312594915669236191e-08 2.406617598518886635e-08
3.828272658725160316e-01 9.762251945406871274e-10 2.345952897253789322e-08 2.443575416707858117e-08
3.800128663466276757e-01 1.013729860957441883e-09 2.379944867010339905e-08 2.481317853106084134e-08
3.772052633812688627e-01 1.052810025087816611e-09 2.414584291690781773e-08 2.519865294199563517e-08
3.744045762488026341e-01 1.093538378262399125e-09 2.449884927591390658e-08 2.559238765417630633e-08
3.716109239277943788e-01 1.135991300324189167e-09 2.485860825326862353e-08 2.599459955359281207e-08
3.688244250979567096e-01 1.180249066202271043e-09 2.522526334536628935e-08 2.640551241156855936e-08
3.660451981351090511e-01 1.226396065378898115e-09 2.559896108502449949e-08 2.682535715040339698e-08
3.632733611061471635e-01 1.274521035158225815e-09 2.597985108654091006e-08 2.725437212169913608e-08
3.605090317640285424e-01 1.324717308717016568e-09 2.636808608945224704e-08 2.769280339816926278e-08
3.577523275427697547e-01 1.377083078996518490e-09 2.676382200080482041e-08 2.814090507980133952e-08
3.550033655524573728e-01 1.431721679580031854e-09 2.716721793562336951e-08 2.859893961520340178e-08
3.522622625742736768e-01 1.488741883796974357e-09 2.757843625522068901e-08 2.906717813901766316e-08
3.495291350555344012e-01 1.548258223403947398e-09 2.799764260307448693e-08 2.954590082647843536e-08
3.468040991047426358e-01 1.610391328315174115e-09 2.842500593797345812e-08 3.003539726628863120e-08
3.440872704866567156e-01 1.675268288990479187e-09 2.886069856396227456e-08 3.053596685295275334e-08
3.413787646173706003e-01 1.743023043243091399e-09 2.930489615655043915e-08 3.104791919979353096e-08
3.386786965594128507e-01 1.813796789399285570e-09 2.975777778476051689e-08 3.157157457415980391e-08
3.359871810168574835e-01 1.887738427921071548e-09 3.021952592857294391e-08 3.210726435649401463e-08
3.333043323304505923e-01 1.965005033789379328e-09 3.069032649108747173e-08 3.265533152487684981e-08
3.306302644727542872e-01 2.045762362136822944e-09 3.117036880462467313e-08 3.321613116676149400e-08
3.279650910433042355e-01 2.130185389806179590e-09 3.165984563012770861e-08 3.379003101993388820e-08
3.253089252637829665e-01 2.218458895690376880e-09 3.215895314919057177e-08 3.437741204488095031e-08
3.226618799732117737e-01 2.310778082894062894e-09 3.266789094771879725e-08 3.497866903061285808e-08
3.200240676231550507e-01 2.407349245956729724e-09 3.318686199005378874e-08 3.559421123601051598e-08
3.173956002729448334e-01 2.508390486607642322e-09 3.371607258248469101e-08 3.622446306909233126e-08
3.147765895849197193e-01 2.614132481825313642e-09 3.425573232498259971e-08 3.686986480680791666e-08
3.121671468196804411e-01 2.724819308400327131e-09 3.480605404954642939e-08 3.753087335794675610e-08
3.095673828313646458e-01 2.840709328784192068e-09 3.536725374322458574e-08 3.820796307200877740e-08
3.069774080629369406e-01 2.962076143775620350e-09 3.593955045391170669e-08 3.890162659768732539e-08
3.043973325414964792e-01 3.089209618570678936e-09 3.652316617695301991e-08 3.961237579552369719e-08
3.018272658736040337e-01 3.222416989852292587e-09 3.711832572016223776e-08 4.034074271001452952e-08
2.992673172406250526e-01 3.362024062810719013e-09 3.772525654454689805e-08 4.108728060735761541e-08
2.967175953940907607e-01 3.508376508135562818e-09 3.834418857817308559e-08 4.185256508630864841e-08
2.941782086510797978e-01 3.661841269926661251e-09 3.897535400079362714e-08 4.263719527072028549e-08
2.916492648896149564e-01 3.822808095876123078e-09 3.961898699668559789e-08 4.344179509256171932e-08
2.891308715440817911e-01 3.991691200735924668e-09 4.027532347278914321e-08 4.426701467352507036e-08
2.866231356006631037e-01 4.168931072923428344e-09 4.094460073910811714e-08 4.511353181203154300e-08
2.841261635927959661e-01 4.354996432176970601e-09 4.162705714827285380e-08 4.598205358044982275e-08
2.816400615966437870e-01 4.550386343637713140e-09 4.232293169048791357e-08 4.687331803412562837e-08
2.791649352265915263e-01 4.755632491109614995e-09 4.303246353840906466e-08 4.778809602951868296e-08
2.767008896307581178e-01 4.971301610464066856e-09 4.375589153453448122e-08 4.872719314499854973e-08
2.742480294865305424e-01 5.197998084309401888e-09 4.449345361216220110e-08 4.969145169647160299e-08
2.718064589961154409e-01 5.436366702283956614e-09 4.524538613908524826e-08 5.068175284136920570e-08
2.693762818821140992e-01 5.687095598818816463e-09 4.601192317007378071e-08 5.169901876889260048e-08
2.669576013831150840e-01 5.950919392797956551e-09 4.679329559133329367e-08 5.274421498413125270e-08
2.645505202493083630e-01 6.228622571200132379e-09 4.758973013980847690e-08 5.381835271100860680e-08
2.621551407381210175e-01 6.521043180484868619e-09 4.840144828170878679e-08 5.492249146219365375e-08
2.597715646098722186e-01 6.829076913008761783e-09 4.922866493587827517e-08 5.605774184888703448e-08
2.573998931234516840e-01 7.153681697460417563e-09 5.007158703024911886e-08 5.722526872770953394e-08
2.550402270320161202e-01 7.495882916983806820e-09 5.093041188685317256e-08 5.842629480383697773e-08
2.526926665787106452e-01 7.856779380452939250e-09 5.180532544068095511e-08 5.966210482113389767e-08
2.503573114924091403e-01 8.237550155735593026e-09 5.269650030484639480e-08 6.093405046058199114e-08
2.480342609834786383e-01 8.639462334021760516e-09 5.360409369887764150e-08 6.224355603289939705e-08
2.457236137395635289e-01 9.063879728636751932e-09 5.452824526144160183e-08 6.359212499007835377e-08
2.434254679213941341e-01 9.512272421479420692e-09 5.546907476980213982e-08 6.498134719128156548e-08
2.411399211586160996e-01 9.986226961937817265e-09 5.642667977782089240e-08 6.641290673975871628e-08
2.388670705456428234e-01 1.048745690863676973e-08 5.740113316178199425e-08 6.788859007041876067e-08
2.366070126375311999e-01 1.101781330064957816e-08 5.839248053478078780e-08 6.941029383543037092e-08
2.343598434458788460e-01 1.157929457410472076e-08 5.940073745618944198e-08 7.098003203029416108e-08
2.321256584347471952e-01 1.217405542748967326e-08 6.042588631855873976e-08 7.259994174604840805e-08
2.299045525166032999e-01 1.280441420790872485e-08 6.146787274534421049e-08 7.427228695325294030e-08
2.276966200482904434e-01 1.347285856018025376e-08 6.252660129342928249e-08 7.599945985360953790e-08
2.255019548270175145e-01 1.418204936282721306e-08 6.360193023355084627e-08 7.778397959637806430e-08
2.233206500863759159e-01 1.493482336781517431e-08 6.469366518102424113e-08 7.962848854883941874e-08
2.211527984923781220e-01 1.573419544305642830e-08 6.580155137579019874e-08 8.153574681884663034e-08
2.189984921395207729e-01 1.658336184921748122e-08 6.692526447829215229e-08 8.350862632750963351e-08
2.168578225468731357e-01 1.748570651140402076e-08 6.806439986103326170e-08 8.555010637243728577e-08
2.147308806541881609e-01 1.844481270043441102e-08 6.921846052653753665e-08 8.766327322697194767e-08
2.126177568180404043e-01 1.946448283126719538e-08 7.038684395991216413e-08 8.985132679117936282e-08
2.105185408079862097e-01 2.054876913242371490e-08 7.156882841839177401e-08 9.211759755081549221e-08
2.084333218027512036e-01 2.170201766928804652e-08 7.276355935286440066e-08 9.446557702215244719e-08
2.063621883864412698e-01 2.292892756149063616e-08 7.397003681846812912e-08 9.689896437995875866e-08
2.043052285447796990e-01 2.423462619059692670e-08 7.518710483122957920e-08 9.942173102182650920e-08
2.022625296613683732e-01 2.562475976635527796e-08 7.641344363743084901e-08 1.020382034037861237e-07
2.002341785139770403e-01 2.710559687717163840e-08 7.764756575968657076e-08 1.047531626368582025e-07
1.982202612708559020e-01 2.868414069959250848e-08 7.888781645337716993e-08 1.075719571529696850e-07
1.962208634870749313e-01 3.036824352811381849e-08 8.013237884310700301e-08 1.105006223712208149e-07
1.942360701008899182e-01 3.216671540534034889e-08 8.137928351834501281e-08 1.135459989236853617e-07
1.922659654301335230e-01 3.408941709422825860e-08 8.262642177572776165e-08 1.167158388699560203e-07
1.903106331686340025e-01 3.614732662168209220e-08 8.387156104872099820e-08 1.200188876704030970e-07
1.883701563826586378e-01 3.835256830081135739e-08 8.511236042435967873e-08 1.234649287251710361e-07
1.864446175073863343e-01 4.071839366169554470e-08 8.634638357831524940e-08 1.270647772400108007e-07
1.845340983434043958e-01 4.325910516120538567e-08 8.757110603279924438e-08 1.308302111940046234e-07
1.826386800532342480e-01 4.598991584662304907e-08 8.878391342784560428e-08 1.347738292744686401e-07
1.807584431578829198e-01 4.892674120005453654e-08 8.998208756364895850e-08 1.389088287637034884e-07
1.788934675334228896e-01 5.208592305515805689e-08 9.116277737178399478e-08 1.432487004269420451e-07
1.770438324075985226e-01 5.548388951267295482e-08 9.232295272322929829e-08 1.478068422359022531e-07
1.752096163564601239e-01 5.913675882150912250e-08 9.345934005879612283e-08 1.525960988803052586e-07
1.733908973010264420e-01 6.305989889844851960e-08 9.456834019101541177e-08 1.576282390894639181e-07
1.715877525039738172e-01 6.726745728025765181e-08 9.564593022354992059e-08 1.629133875038075724e-07
1.698002585663545005e-01 7.177187856192749037e-08 9.668755326989563197e-08 1.684594318318231091e-07
1.680284914243417860e-01 7.658342749216781114e-08 9.768800137133151289e-08 1.742714288634993240e-07
1.662725263460049785e-01 8.170973577104863912e-08 9.864129855588769759e-08 1.803510343269363367e-07
1.645324379281108140e-01 8.715538929716464514e-08 9.954059224081646315e-08 1.866959815379810951e-07
1.628083000929557711e-01 9.292157020883808255e-08 1.003780620618530065e-07 1.932996322706910891e-07
1.611001860852241674e-01 9.900576468232517794e-08 1.011448555641540922e-07 2.001506202464792569e-07
1.594081684688779532e-01 1.054015434650004975e-07 1.018310598869688660e-07 2.072326033519693503e-07
1.577323191240733447e-01 1.120984179791364369e-07 1.024257176182815479e-07 2.145241355974179848e-07
1.560727092441069330e-01 1.190817707722169688e-07 1.029168934616164821e-07 2.219986642338334510e-07
1.544294093323923533e-01 1.263328553582438770e-07 1.032917962715151776e-07 2.296246516297590414e-07
1.528024891994638479e-01 1.338288576038170293e-07 1.035369584034146769e-07 2.373658160072317063e-07
1.511920179600117764e-01 1.415430091523444526e-07 1.036384713538892860e-07 2.451814805062337386e-07
1.495980640299453823e-01 1.494447428155600514e-07 1.035822735938389621e-07 2.530270164093989871e-07
1.480206951234874779e-01 1.574998801973895824e-07 1.033544834983834183e-07 2.608543636957729875e-07
1.464599782502964964e-01 1.656708432780648904e-07 1.029417674670478375e-07 2.686126107451127146e-07
1.449159797126214899e-01 1.739168843516706470e-07 1.023317308890152413e-07 2.762486152406859015e-07
1.433887651024836341e-01 1.821943318885414591e-07 1.015133177652106124e-07 2.837076496537520847e-07
1.418783992988911224e-01 1.904568528255726679e-07 1.004772036752644219e-07 2.909340565008371030e-07
1.403849464650825940e-01 1.986557345068701439e-07 9.921616639587032389e-08 2.978719009027404678e-07
1.389084700458008415e-01 2.067401921862360409e-07 9.772541886485118940e-08 3.044656110510872436e-07
1.374490327645984111e-01 2.146577100039920356e-07 9.600289035475520002e-08 3.106606003587472091e-07
1.360066966211721240e-01 2.223544238496244772e-07 9.404944359518248663e-08 3.164038674448069639e-07
1.345815228887301540e-01 2.297755537885306832e-07 9.186901806080944760e-08 3.216445718493401308e-07
1.331735721113880277e-01 2.368658925195700663e-07 8.946869264919349967e-08 3.263345851687635792e-07
1.317829041015974589e-01 2.435703544013305270e-07 8.685866435532172782e-08 3.304290187566522681e-07
1.304095779376046316e-01 2.498345861394957588e-07 8.405214302560016108e-08 3.338867291650959067e-07
1.290536519609413457e-01 2.556056355555829312e-07 8.106516562023807034e-08 3.366708011758210148e-07
1.277151837739456397e-01 2.608326701173540171e-07 7.791633655271869280e-08 3.387490066700727099e-07
1.263942302373151916e-01 2.654677324095368160e-07 7.462650344224979265e-08 3.400942358517865822e-07
1.250908474676920012e-01 2.694665149992800230e-07 7.121837964995039790e-08 3.406848946492304474e-07
1.238050908352776591e-01 2.727891327503820120e-07 6.771612608652269781e-08 3.405052588369047363e-07
1.225370149614820603e-01 2.754008680562775736e-07 6.414490526197578531e-08 3.395457733182533721e-07
1.212866737166022890e-01 2.772728641240228887e-07 6.053042074395368460e-08 3.378032848679765998e-07
1.200541202175345601e-01 2.783827424754315225e-07 5.689845501955003705e-08 3.352811974949815662e-07
1.188394068255171909e-01 2.787151228798855805e-07 5.327441806191818656e-08 3.319895409418037803e-07
1.176425851439068804e-01 2.782620272952940017e-07 4.968291806145471120e-08 3.279449453567487327e-07
1.164637060159857407e-01 2.770231533405373452e-07 4.614736529277790779e-08 3.231705186333152331e-07
1.153028195228019692e-01 2.750060059845163333e-07 4.268961964739691800e-08 3.176956256319132645e-07
1.141599749810423420e-01 2.722258786430189997e-07 3.932969111879801817e-08 3.115555697618170245e-07
1.130352209409364039e-01 2.687056778954311033e-07 3.608550035011077442e-08 3.047911782455418844e-07
1.119286051841948959e-01 2.644755895388306226e-07 3.297270392327545632e-08 2.974482934621060855e-07
1.108401747219791983e-01 2.595725872738927110e-07 3.000458652944776072e-08 2.895771738033404915e-07
1.097699757929046227e-01 2.540397904296579882e-07 2.719201879816712222e-08 2.812318092278251104e-07
1.087180538610757613e-01 2.479256852201946733e-07 2.454347542087470957e-08 2.724691606410693961e-07
1.076844536141556147e-01 2.412832331767251945e-07 2.206510477023618508e-08 2.633483379469613829e-07
1.066692189614664443e-01 2.341688976748657261e-07 1.976083951088592270e-08 2.539297371857516753e-07
1.056723930321251809e-01 2.266416252198753685e-07 1.763253701618821355e-08 2.442741622360635953e-07
1.046940181732106262e-01 2.187618235159833053e-07 1.568013810657885673e-08 2.344419616225621686e-07
1.037341359479646424e-01 2.105903803854106422e-07 1.390183361818846511e-08 2.244922140035991007e-07
1.027927871340269111e-01 2.021877626559216354e-07 1.229423125008372974e-08 2.144819939060053685e-07
1.018700117217016532e-01 1.936132244944141040e-07 1.085251872041437091e-08 2.044657432148284865e-07
1.009658489122599312e-01 1.849241453102789868e-07 9.570621978530898191e-09 1.944947672888098833e-07
1.000803371162730937e-01 1.761755077511315201e-07 8.441359262474185211e-09 1.846168670136057169e-07
9.921351395198221845e-02 1.674195131032701311e-07 7.456593724488221848e-09 1.748761068277583397e-07
9.836541624369901649e-02 1.587053176213908635e-07 6.607388554966905894e-09 1.653127061763577769e-07
9.753608002024209689e-02 1.500788658617082861e-07 5.884168241116273595e-09 1.559630341028245548e-07
9.672554051340610803e-02 1.415827958659029641e-07 5.276888030749970826e-09 1.468596838966529258e-07
9.593383215646511530e-02 1.332563900971230981e-07 4.775211548696659664e-09 1.380316016458197512e-07
9.516098858270978511e-02 1.251355452925402258e-07 4.368694370897547176e-09 1.295042396634377746e-07
9.440704262401852787e-02 1.172527397308702837e-07 4.046969648527319926e-09 1.212997093793976086e-07
9.367202630946305786e-02 1.096369874996971182e-07 3.799930514319438027e-09 1.134369180140165612e-07
9.295597086394709330e-02 1.023137785409323802e-07 3.617902580331919872e-09 1.059316811212643001e-07
9.225890670688048634e-02 9.530500791266522007e-08 3.491799187436166708e-09 9.879680710010138347e-08
9.158086345088652103e-02 8.862890292538826697e-08 3.413253328444795523e-09 9.204215625383305794e-08
9.092186990054432205e-02 8.229996407133824396e-08 3.374722375106955319e-09 8.567468644644519597e-08
9.028195405116469507e-02 7.632893916364303170e-08 3.369563274052667996e-09 7.969850243769569721e-08
8.966114308760142482e-02 7.072284707152578307e-08 3.392077078409785344e-09 7.411492414993556634e-08
8.905946338309574106e-02 6.548506286132908363e-08 3.437523956653298996e-09 6.892258681798238552e-08
8.847694049815643669e-02 6.061547351618137418e-08 3.502113188247018952e-09 6.411758670442839851e-08
8.791359917947375036e-02 5.611070923537936044e-08 3.582974514134517654e-09 5.969368374951387850e-08
8.736946335886824899e-02 5.196444810101395158e-08 3.678116236635749239e-09 5.564256433764970372e-08
8.684455615227412717e-02 4.816778650048266786e-08 3.786375927397115909e-09 5.195416242787978708e-08
8.633889985875700668e-02 4.470966454524441237e-08 3.907372524479478298e-09 4.861703706972389398e-08
8.585251595956680526e-02 4.157733389667259773e-08 4.041470105419357881e-09 4.561880400209195643e-08
8.538542511722521655e-02 3.875686710742318818e-08 4.189772804352809011e-09 4.294663991177599802e-08
8.493764717464780123e-02 3.623370025643133255e-08 4.354158598305220822e-09 4.058785885473655337e-08
8.450920115430099466e-02 3.399305966631210297e-08 4.537213171688277437e-09 3.853027283800038206e-08
8.410010525739422538e-02 3.202003488141121121e-08 4.741842829595046522e-09 3.676187771100625773e-08
8.371037686310632553e-02 3.029985871352517027e-08 4.971231818786617287e-09 3.527109053231178838e-08
8.334003252784764892e-02 2.882055123247979567e-08 5.231601393573027952e-09 3.405215262605282610e-08
8.298908798455632840e-02 2.757895021330544731e-08 5.539198468733866967e-09 3.311814868203931345e-08
8.265755814203032403e-02 2.658355519608392069e-08 5.925145582956162888e-09 3.250870077904008440e-08
8.234545708429366617e-02 2.583932238533650393e-08 6.423215119014999375e-09 3.226253750435150496e-08
8.205279806999837833e-02 2.530599066463827409e-08 7.032049128019836301e-09 3.233803979265810791e-08
8.177959353186105285e-02 2.484781777782182537e-08 7.669523128402176452e-09 3.251734090622400182e-08
8.152585507613493987e-02 2.421704639829384665e-08 8.159964287518198736e-09 3.237701068581204704e-08
8.129159348211670300e-02 2.310538897504434376e-08 8.283981031280305194e-09 3.138937000632464565e-08
8.107681870168841065e-02 2.125487422493320924e-08 7.875785054813635949e-09 2.913065927974684353e-08
8.088153985889512398e-02 1.857514909246093241e-08 6.911848647989641596e-09 2.548699774045057401e-08
8.070576524955692943e-02 1.520510037793706655e-08 5.535133762718816831e-09 2.074023414065588338e-08
8.054950234091648453e-02 1.148723769181044894e-08 4.000537516476766494e-09 1.548777520828721543e-08
8.041275777132224356e-02 7.867790564876576913e-09 2.575206445811323588e-09 1.044299701068790009e-08
8.029553734994593350e-02 4.765123772728729279e-09 1.448113131584712578e-09 6.213236904313441857e-09
8.019784605653600129e-02 2.454283180854740645e-09 6.886891133004494990e-10 3.142972294155190040e-09
8.011968804120615795e-02 1.004026447838736500e-09 2.606828185764630831e-10 1.264709266415199531e-09
8.006106662425900578e-02 2.841445693228406911e-10 6.895185247585018888e-11 3.530964217986908800e-10
8.000000000000000167e-02 4.831598495475476991e-24 3.427188923965256197e-27 4.835025684399441890e-24
