2.087677530030856900e-03 9.803537434958866835e-15
4.175355060061713801e-03 1.392021003498808930e-13
6.263032590092570268e-03 9.709353769402087295e-13
8.350710120123427602e-03 5.829134215292740100e-12
1.043838765015428494e-02 1.938898545628453173e-11
1.252606518018514054e-02 4.609581292561838226e-11
1.461374271021599787e-02 1.197516764738913446e-10
1.670142024024685520e-02 2.993072637405901586e-10
1.878909777027771080e-02 6.851780670487096240e-10
2.087677530030856987e-02 1.431528471073909488e-09
2.296445283033942547e-02 2.755501847905725118e-09
2.505213036037028107e-02 4.953552848499464383e-09
2.713980789040114014e-02 8.415756667623379152e-09
2.922748542043199574e-02 1.360900904499220560e-08
3.131516295046285481e-02 2.117266095116555441e-08
3.340284048049371041e-02 3.181069617056167949e-08
3.549051801052456601e-02 4.653254641899043716e-08
3.757819554055542161e-02 6.634728407665072752e-08
3.966587307058628414e-02 9.253856982279632097e-08
4.175355060061713974e-02 1.261363243696419450e-07
4.384122813064799534e-02 1.692116708437999953e-07
4.592890566067885094e-02 2.243230289193649671e-07
4.801658319070970654e-02 2.963627364191546908e-07
5.010426072074056214e-02 3.913821599212996824e-07
5.219193825077142468e-02 5.125349287545675817e-07
5.427961578080228028e-02 6.587095374129230709e-07
5.636729331083313588e-02 8.282543734272074753e-07
5.845497084086399148e-02 1.031824291004416574e-06
6.054264837089484708e-02 1.313663541882829836e-06
6.263032590092570961e-02 1.732283964470943096e-06
6.471800343095655828e-02 2.256025796008436087e-06
6.680568096098742081e-02 2.712983680593273940e-06
6.889335849101828335e-02 2.781964950366664384e-06
7.098103602104913201e-02 2.736089467419853013e-06
7.306871355107999455e-02 4.365836026064626722e-06
7.515639108111084321e-02 9.149163565574082799e-06
7.724406861114170575e-02 1.713565166630971157e-05
7.933174614117256829e-02 2.742427198255007205e-05
8.141942367120341695e-02 3.874804685532323972e-05
8.350710120123427949e-02 4.874304104197078359e-05
8.559477873126512815e-02 5.761604473302237250e-05
8.768245626129599068e-02 6.551671593504771059e-05
8.977013379132685322e-02 7.255350937371602576e-05
9.185781132135770188e-02 7.878873166147269225e-05
9.394548885138856442e-02 8.433077501622639400e-05
9.603316638141941308e-02 8.906661716865444300e-05
9.812084391145027562e-02 9.297442393937333329e-05
1.002085214414811243e-01 9.605216080657707372e-05
1.022961989715119868e-01 9.831862057434329939e-05
1.043838765015428494e-01 9.980923099685961306e-05
1.064715540315736980e-01 1.005700753717070524e-04
1.085592315616045606e-01 1.006510050977537307e-04
1.106469090916354092e-01 1.001019263566705670e-04
1.127345866216662718e-01 9.910635361562123715e-05
1.148222641516971343e-01 9.791091194956420666e-05
1.169099416817279830e-01 9.665042142162808101e-05
1.189976192117588455e-01 9.543914292007348661e-05
1.210852967417896942e-01 9.408643832226763531e-05
1.231729742718205567e-01 9.246938422021029299e-05
1.252606518018514192e-01 9.052334441366725057e-05
1.273483293318822818e-01 8.819446743556962412e-05
1.294360068619131166e-01 8.547953457943910502e-05
1.315236843919439791e-01 8.258417728484860644e-05
1.336113619219748416e-01 7.940671422109360869e-05
1.356990394520057042e-01 7.598179261420491798e-05
1.377867169820365667e-01 7.234854949719627250e-05
1.398743945120674015e-01 6.854238177304333615e-05
1.419620720420982640e-01 6.458212097511519217e-05
1.440497495721291266e-01 6.046061073648846876e-05
1.461374271021599891e-01 5.642184109303906243e-05
1.482251046321908516e-01 5.239405460642684300e-05
1.503127821622216864e-01 4.842172002307213287e-05
1.524004596922525490e-01 4.454598548122972997e-05
1.544881372222834115e-01 4.079680235199418479e-05
1.565758147523142740e-01 3.718365341608701808e-05
1.586634922823451366e-01 3.375578288206899843e-05
1.607511698123759714e-01 3.059586123225395020e-05
1.628388473424068339e-01 2.767512592826665654e-05
1.649265248724376964e-01 2.500760004797188807e-05
1.670142024024685590e-01 2.259690500247367920e-05
1.691018799324994215e-01 2.042869163069386661e-05
1.711895574625302563e-01 1.850394110217429419e-05
1.732772349925611188e-01 1.684641596982898689e-05
1.753649125225919814e-01 1.540979190873901096e-05
1.774525900526228439e-01 1.417205477231254251e-05
1.795402675826537064e-01 1.310402831310608826e-05
1.816279451126845412e-01 1.216396378990032716e-05
1.837156226427154038e-01 1.135821667729871145e-05
1.858033001727462663e-01 1.065122553374262508e-05
1.878909777027771288e-01 1.001476408594199664e-05
1.899786552328079914e-01 9.428451414976311945e-06
1.920663327628388262e-01 8.868423005289904643e-06
1.941540102928696887e-01 8.333924976678670665e-06
1.962416878229005512e-01 7.828657125453125686e-06
1.983293653529314138e-01 7.339259755913029513e-06
2.004170428829622486e-01 6.863852546025879464e-06
2.025047204129931111e-01 6.395693584398431635e-06
2.045923979430239736e-01 5.945304526243151150e-06
2.066800754730548362e-01 5.520373332057703215e-06
2.087677530030856987e-01 5.116510142320054576e-06
2.108554305331165335e-01 4.734364712065889677e-06
2.129431080631473960e-01 4.367571909472794279e-06
2.150307855931782586e-01 4.035402977851985168e-06
2.171184631232091211e-01 3.728830003421306012e-06
2.192061406532399837e-01 3.447449006988901136e-06
2.212938181832708184e-01 3.187531470925019689e-06
2.233814957133016810e-01 2.948005109162653392e-06
2.254691732433325435e-01 2.734368307804605430e-06
2.275568507733634060e-01 2.539890033992488173e-06
2.296445283033942686e-01 2.361487007782326142e-06
2.317322058334251034e-01 2.193962246008367979e-06
2.338198833634559659e-01 2.044058753951957278e-06
2.359075608934868284e-01 1.905492643593506567e-06
2.379952384235176910e-01 1.776382794303681957e-06
2.400829159535485535e-01 1.652385620774132191e-06
2.421705934835793883e-01 1.539802069057188540e-06
2.442582710136102508e-01 1.434261720640199385e-06
2.463459485436411134e-01 1.334935007474096154e-06
2.484336260736719759e-01 1.239054260226801557e-06
2.505213036037028385e-01 1.151783146331156198e-06
2.526089811337337010e-01 1.070151772669812803e-06
2.546966586637645635e-01 9.935646437491511619e-07
2.567843361937954261e-01 9.204725652326703388e-07
2.588720137238262331e-01 8.543553210192574555e-07
2.609596912538570956e-01 7.930677802576692100e-07
2.630473687838879582e-01 7.356666625472356781e-07
2.651350463139188207e-01 6.819531788944970498e-07
2.672227238439496833e-01 6.333689777190042956e-07
2.693104013739805458e-01 5.884628149399203341e-07
2.713980789040114083e-01 5.456571699270479986e-07
2.734857564340422709e-01 5.071994323161647286e-07
2.755734339640731334e-01 4.716300502155376098e-07
2.776611114941039404e-01 4.383855662327930885e-07
2.797487890241348030e-01 4.069344528799610963e-07
2.818364665541656655e-01 3.784395078208572512e-07
2.839241440841965280e-01 3.519183003991537064e-07
2.860118216142273906e-01 3.264528267961531033e-07
2.880994991442582531e-01 3.034588137706244619e-07
2.901871766742891157e-01 2.820676052497944413e-07
2.922748542043199782e-01 2.617726654829081210e-07
2.943625317343508407e-01 2.429453906142053957e-07
2.964502092643817033e-01 2.257010207727620382e-07
2.985378867944125103e-01 2.095294280151011818e-07
3.006255643244433728e-01 1.942651661263610561e-07
3.027132418544742354e-01 1.804378587614572932e-07
3.048009193845050979e-01 1.675506689916348148e-07
3.068885969145359605e-01 1.553049509626621864e-07
3.089762744445668230e-01 1.442627376085846212e-07
3.110639519745976855e-01 1.339958702348535257e-07
3.131516295046285481e-01 1.242091002104616836e-07
3.152393070346594106e-01 1.153944827033361592e-07
3.173269845646902731e-01 1.071967530948190992e-07
3.194146620947210802e-01 9.937146795285892448e-08
3.215023396247519427e-01 9.231993381537984612e-08
3.235900171547828053e-01 8.575088874786125981e-08
3.256776946848136678e-01 7.948542836507680275e-08
3.277653722148445303e-01 7.383385323359442265e-08
3.298530497448753929e-01 6.855265675048592304e-08
3.319407272749062554e-01 6.354044988712874675e-08
3.340284048049371179e-01 5.901108901719077526e-08
3.361160823349679805e-01 5.475194056525802760e-08
3.382037598649988430e-01 5.076127440232113680e-08
3.402914373950296500e-01 4.713652408442206089e-08
3.423791149250605126e-01 4.367762299430165667e-08
3.444667924550913751e-01 4.053542142562708505e-08
3.465544699851222377e-01 3.763625386789247517e-08
3.486421475151531002e-01 3.485950584984248954e-08
3.507298250451839627e-01 3.236380135127839757e-08
3.528175025752148253e-01 3.003519574586129046e-08
3.549051801052456878e-01 2.782777167108142610e-08
3.569928576352765504e-01 2.583581293944573419e-08
3.590805351653074129e-01 2.393565859373701565e-08
3.611682126953382199e-01 2.220944605346577225e-08
3.632558902253690825e-01 2.061492967946265592e-08
3.653435677553999450e-01 1.909031479866601109e-08
3.674312452854308075e-01 1.771943905890767297e-08
3.695189228154616701e-01 1.642326834543597760e-08
3.716066003454925326e-01 1.522486539505091135e-08
3.736942778755233951e-01 1.412854967296086608e-08
3.757819554055542577e-01 1.307959594902497714e-08
3.778696329355851202e-01 1.213721924676082623e-08
3.799573104656159828e-01 1.124238496249333410e-08
3.820449879956467898e-01 1.042312912854033829e-08
3.841326655256776523e-01 9.668893153339793284e-09
3.862203430557085149e-01 8.950067276561225909e-09
3.883080205857393774e-01 8.303644367429690833e-09
3.903956981157702399e-01 7.684081710714244577e-09
3.924833756458011025e-01 7.127962039368118231e-09
3.945710531758319650e-01 6.605373982453731051e-09
3.966587307058628276e-01 6.117677986308687339e-09
3.987464082358936901e-01 5.673568350465163129e-09
4.008340857659244971e-01 5.249749030138847656e-09
4.029217632959553597e-01 4.868973324563932524e-09
4.050094408259862222e-01 4.504057369276499782e-09
4.070971183560170847e-01 4.176751037907493774e-09
4.091847958860479473e-01 3.864907483665480473e-09
4.112724734160788098e-01 3.582049800965423989e-09
4.133601509461096724e-01 3.318498401196833953e-09
4.154478284761405349e-01 3.071377766746119613e-09
4.175355060061713974e-01 2.846682418496530956e-09
4.196231835362022600e-01 2.632952331154394165e-09
4.217108610662330670e-01 2.440586716649224116e-09
4.237985385962639295e-01 2.256619967768406170e-09
4.258862161262947921e-01 2.091646907722566216e-09
4.279738936563256546e-01 1.933641794937652282e-09
4.300615711863565171e-01 1.792085496444724761e-09
4.321492487163873797e-01 1.656506581553093397e-09
4.342369262464182422e-01 1.535038116637164641e-09
4.363246037764491048e-01 1.418749209424635586e-09
4.384122813064799673e-01 1.314537078098562936e-09
4.404999588365108298e-01 1.214814491223039692e-09
4.425876363665416369e-01 1.125430499667230063e-09
4.446753138965724994e-01 1.039925676635841284e-09
4.467629914266033619e-01 9.632850912933706475e-10
4.488506689566342245e-01 8.899803694265926668e-10
4.509383464866650870e-01 8.242870755220036500e-10
4.530260240166959496e-01 7.614525112476636140e-10
4.551137015467268121e-01 7.051616037230939936e-10
4.572013790767576746e-01 6.513103370830480336e-10
4.592890566067885372e-01 6.030909204224526123e-10
4.613767341368193997e-01 5.569487233933910140e-10
4.634644116668502067e-01 5.156518826734340628e-10
4.655520891968810693e-01 4.761273021033373424e-10
4.676397667269119318e-01 4.407583815729225605e-10
4.697274442569427944e-01 4.069211448202112702e-10
4.718151217869736569e-01 3.766094849361696117e-10
4.739027993170045194e-01 3.476768694463458867e-10
4.759904768470353820e-01 3.216478090837488227e-10
4.780781543770662445e-01 2.969750399396910608e-10
4.801658319070971070e-01 2.745222986362786178e-10
4.822535094371279696e-01 2.535964681768326925e-10
4.843411869671587766e-01 2.340319199031205439e-10
4.864288644971896391e-01 2.164906071584933000e-10
4.885165420272205017e-01 1.997321451969359184e-10
4.906042195572513642e-01 1.847440447432153002e-10
4.926918970872822268e-01 1.704201100421059135e-10
4.947795746173130893e-01 1.575503387692929520e-10
4.968672521473439518e-01 1.453688016953108691e-10
4.989549296773748144e-01 1.341824257338005484e-10
5.010426072074056769e-01 1.239648562939687867e-10
5.031302847374364839e-01 1.143041865659830911e-10
5.052179622674674020e-01 1.056650065610272836e-10
5.073056397974982090e-01 9.741938487689754509e-11
5.093933173275291271e-01 8.996753527976927811e-11
5.114809948575599341e-01 8.300590759947694629e-11
5.135686723875908521e-01 7.650603935332766263e-11
5.156563499176216592e-01 7.069606571593111008e-11
5.177440274476524662e-01 6.514887142351981166e-11
5.198317049776833843e-01 6.013714259090135925e-11
5.219193825077141913e-01 5.546311917943162981e-11
5.240070600377451093e-01 5.109686704269412360e-11
5.260947375677759164e-01 4.719223414586745041e-11
5.281824150978068344e-01 4.347467364762609612e-11
5.302700926278376414e-01 4.006823915433868837e-11
5.323577701578685595e-01 3.697771267496975287e-11
5.344454476878993665e-01 3.404932829634521041e-11
5.365331252179301735e-01 3.141091190551521803e-11
5.386208027479610916e-01 2.894382353557161558e-11
5.407084802779918986e-01 2.664403905829105897e-11
5.427961578080228167e-01 2.458379753125960982e-11
5.448838353380536237e-01 2.263569423454749035e-11
5.469715128680845417e-01 2.083202837795174506e-11
5.490591903981153488e-01 1.921919233775017564e-11
5.511468679281462668e-01 1.768841038272318825e-11
5.532345454581770738e-01 1.627464986292594738e-11
5.553222229882078809e-01 1.501081804626317012e-11
5.574099005182387989e-01 1.381058612226207116e-11
5.594975780482696059e-01 1.270244347409042417e-11
5.615852555783005240e-01 1.171110324470483512e-11
5.636729331083313310e-01 1.077158525488253477e-11
5.657606106383622491e-01 9.903246372940540158e-12
5.678482881683930561e-01 9.124606431864599630e-12
5.699359656984239741e-01 8.391951138223673430e-12
5.720236432284547812e-01 7.712645465696090242e-12
5.741113207584856992e-01 7.099038129174856220e-12
5.761989982885165062e-01 6.531896096128956127e-12
5.782866758185473133e-01 6.001777100161115478e-12
5.803743533485782313e-01 5.514529184995043322e-12
5.824620308786090384e-01 5.079344290961898785e-12
5.845497084086399564e-01 4.667207203613769798e-12
5.866373859386707634e-01 4.286742883840699604e-12
5.887250634687016815e-01 3.942622471642162723e-12
5.908127409987324885e-01 3.625213021070544121e-12
5.929004185287634066e-01 3.328298892090394006e-12
5.949880960587942136e-01 3.054990957514364588e-12
5.970757735888250206e-01 2.809110720691130510e-12
5.991634511188559387e-01 2.579955526251082491e-12
6.012511286488867457e-01 2.366999286670515867e-12
6.033388061789176637e-01 2.171394821046473358e-12
6.054264837089484708e-01 1.995507817263701437e-12
6.075141612389793888e-01 1.832316191434363245e-12
6.096018387690101958e-01 1.680753861421987863e-12
6.116895162990411139e-01 1.541521484570729419e-12
6.137771938290719209e-01 1.415053246616728676e-12
6.158648713591028390e-01 1.299889799786720600e-12
6.179525488891336460e-01 1.192183720883298801e-12
6.200402264191644530e-01 1.092865843981022085e-12
6.221279039491953711e-01 1.001659366598418241e-12
6.242155814792261781e-01 9.193459579082719594e-13
6.263032590092570961e-01 8.432298493751773779e-13
6.283909365392879032e-01 7.724891032922260521e-13
6.304786140693188212e-01 7.073599720894806131e-13
6.325662915993496282e-01 6.476006706836188635e-13
6.346539691293805463e-01 5.933672582741379760e-13
6.367416466594113533e-01 5.439441409452698230e-13
6.388293241894421604e-01 4.980952516216011090e-13
6.409170017194730784e-01 4.559427707018185408e-13
6.430046792495038854e-01 4.173466465400939034e-13
6.450923567795348035e-01 3.820348119451644038e-13
6.471800343095656105e-01 3.499254643647178999e-13
6.492677118395965286e-01 3.207001739519846172e-13
6.513553893696273356e-01 2.935373914227851940e-13
6.534430668996582536e-01 2.684376171590012984e-13
6.555307444296890607e-01 2.453453454189534582e-13
6.576184219597199787e-01 2.241952971688606888e-13
6.597060994897507857e-01 2.048997137534490127e-13
6.617937770197815928e-01 1.873363580989076068e-13
6.638814545498125108e-01 1.715382262683977914e-13
6.659691320798433178e-01 1.571005315894292889e-13
6.680568096098742359e-01 1.437907973412712118e-13
6.701444871399050429e-01 1.315007151773990897e-13
6.722321646699359610e-01 1.201321211692620900e-13
6.743198421999667680e-01 1.096235296774027287e-13
6.764075197299976860e-01 9.994976098327759232e-14
6.784951972600284931e-01 9.110709522283686229e-14
6.805828747900593001e-01 8.308631445784731864e-14
6.826705523200902181e-01 7.584862881317563755e-14
6.847582298501210252e-01 6.931857493841282064e-14
6.868459073801519432e-01 6.342288718369972958e-14
6.889335849101827502e-01 5.803177415371261680e-14
6.910212624402136683e-01 5.302375728604467793e-14
6.931089399702444753e-01 4.834483858574684099e-14
6.951966175002753934e-01 4.398158738764824048e-14
6.972842950303062004e-01 3.996440576594761647e-14
6.993719725603370074e-01 3.634806669702121270e-14
7.014596500903679255e-01 3.318301154069995402e-14
7.035473276203987325e-01 3.048459559934949819e-14
7.056350051504296506e-01 2.821667594035559715e-14
7.077226826804604576e-01 2.628897753763312256e-14
7.098103602104913756e-01 2.457003667466207426e-14
7.118980377405221827e-01 2.291778066814118704e-14
7.139857152705531007e-01 2.121688512097625245e-14
7.160733928005839077e-01 1.940719958531330830e-14
7.181610703306148258e-01 1.749028930700361893e-14
7.202487478606456328e-01 1.552501539641317491e-14
7.223364253906764398e-01 1.361772185361009847e-14
7.244241029207073579e-01 1.191356409614700170e-14
7.265117804507381649e-01 1.053174019185627588e-14
7.285994579807690830e-01 9.693182738972632289e-15
7.306871355107998900e-01 9.359695299368731687e-15
7.327748130408308080e-01 9.369851806682978993e-15
7.348624905708616151e-01 9.495842590051988718e-15
7.369501681008925331e-01 9.541992575616321047e-15
7.390378456309233401e-01 9.380515418811015102e-15
7.411255231609541472e-01 8.950298440591237636e-15
7.432132006909850652e-01 8.245274413493953267e-15
7.453008782210158722e-01 7.300199167273518360e-15
7.473885557510467903e-01 6.173764264533982374e-15
7.494762332810775973e-01 4.900189776881526045e-15
7.515639108111085154e-01 3.730932824460301943e-15
7.536515883411393224e-01 2.821078531671253053e-15
7.557392658711702405e-01 2.503898723825734941e-15
7.578269434012010475e-01 2.795824856473216331e-15
7.599146209312319655e-01 3.319635719988136342e-15
7.620022984612627726e-01 3.838896865226656987e-15
7.640899759912935796e-01 4.086954289853311211e-15
7.661776535213244976e-01 4.199728273632742752e-15
7.682653310513553047e-01 4.126233155650883040e-15
7.703530085813862227e-01 3.909675205647194241e-15
7.724406861114170297e-01 3.617947196192975475e-15
7.745283636414479478e-01 3.210753248921880136e-15
7.766160411714787548e-01 2.846799392030873238e-15
7.787037187015096729e-01 2.487774223564845690e-15
7.807913962315404799e-01 2.126244923551671410e-15
7.828790737615712869e-01 1.747143254682841858e-15
7.849667512916022050e-01 1.400460985058822697e-15
7.870544288216330120e-01 1.090717348369950665e-15
7.891421063516639300e-01 9.644369161390058032e-16
7.912297838816947371e-01 9.945055321383252985e-16
7.933174614117256551e-01 1.357906832381632988e-15
7.954051389417564621e-01 1.859051235481808117e-15
7.974928164717873802e-01 2.337843747279404767e-15
7.995804940018181872e-01 2.827584449321139905e-15
8.016681715318489942e-01 3.260768616609787610e-15
8.037558490618799123e-01 3.419234039800931551e-15
8.058435265919107193e-01 3.397180097910369087e-15
8.079312041219416374e-01 3.197084667552922532e-15
8.100188816519724444e-01 2.585339339178748505e-15
8.121065591820033625e-01 1.877422116988319632e-15
8.141942367120341695e-01 9.424318263742833383e-16
8.162819142420650875e-01 4.957493284733676239e-16
8.183695917720958946e-01 1.370473854445496119e-15
8.204572693021268126e-01 2.217177966486521838e-15
8.225449468321576196e-01 2.980968617179021030e-15
8.246326243621884267e-01 3.443029447591296805e-15
8.267203018922193447e-01 3.637487838356380163e-15
8.288079794222501517e-01 3.426664036370850152e-15
8.308956569522810698e-01 2.947111708225194670e-15
8.329833344823118768e-01 2.152471727920610905e-15
8.350710120123427949e-01 1.247634120135778117e-15
8.371586895423736019e-01 6.555682257361889043e-16
8.392463670724045199e-01 1.274564600204894104e-15
8.413340446024353270e-01 2.085198612990702145e-15
8.434217221324661340e-01 2.809909185131808093e-15
8.455093996624970520e-01 3.139844808517111970e-15
8.475970771925278591e-01 3.283614673076766649e-15
8.496847547225587771e-01 3.191222489055155814e-15
8.517724322525895841e-01 2.837195892716244113e-15
8.538601097826205022e-01 2.468263489577378578e-15
8.559477873126513092e-01 1.849094925224455518e-15
8.580354648426822273e-01 1.390058810624696158e-15
8.601231423727130343e-01 1.208969487455359243e-15
8.622108199027439523e-01 1.155453214439817529e-15
8.642984974327747594e-01 1.369168689727469028e-15
8.663861749628055664e-01 1.636739136789210494e-15
8.684738524928364845e-01 1.953089780763135748e-15
8.705615300228672915e-01 2.284236162525363178e-15
8.726492075528982095e-01 2.575201733721476367e-15
8.747368850829290166e-01 2.765217593068271370e-15
8.768245626129599346e-01 2.881488866456562653e-15
8.789122401429907416e-01 2.598937323463751439e-15
8.809999176730216597e-01 2.117007916793002780e-15
8.830875952030524667e-01 1.429509894473188087e-15
8.851752727330832737e-01 9.379366556825727676e-16
8.872629502631141918e-01 1.402131911497502169e-15
8.893506277931449988e-01 2.254906038298331689e-15
8.914383053231759169e-01 2.968538639995474465e-15
8.935259828532067239e-01 3.405000773158056890e-15
8.956136603832376419e-01 3.523155888440936122e-15
8.977013379132684490e-01 3.364657335821176411e-15
8.997890154432993670e-01 3.020410322253991013e-15
9.018766929733301740e-01 2.603600865159540202e-15
9.039643705033610921e-01 2.278507154998519841e-15
9.060520480333918991e-01 2.289706878402701477e-15
9.081397255634227061e-01 2.721472231742216681e-15
9.102274030934536242e-01 3.331382427593020571e-15
9.123150806234844312e-01 3.597895412292998152e-15
9.144027581535153493e-01 3.593157773306949685e-15
9.164904356835461563e-01 3.151209877253126970e-15
9.185781132135770743e-01 2.500600681680817966e-15
9.206657907436078814e-01 1.887250963158625762e-15
9.227534682736387994e-01 2.469247564978302859e-15
9.248411458036696065e-01 3.331555285221229045e-15
9.269288233337004135e-01 4.014332215607875988e-15
9.290165008637313315e-01 3.945314929741698647e-15
9.311041783937621386e-01 3.322295334652760409e-15
9.331918559237930566e-01 2.143403689963432162e-15
9.352795334538238636e-01 1.666555164409237342e-15
9.373672109838547817e-01 2.566318163331695454e-15
9.394548885138855887e-01 3.853788016614138208e-15
9.415425660439165068e-01 4.863079872003984530e-15
9.436302435739473138e-01 4.941372622912839298e-15
9.457179211039781208e-01 4.170656041273839706e-15
9.478055986340090389e-01 2.545352410699079654e-15
9.498932761640398459e-01 1.416442631043338082e-15
9.519809536940707639e-01 3.474227852212424351e-15
9.540686312241015710e-01 5.601466391630729854e-15
9.561563087541324890e-01 6.534737414336731897e-15
9.582439862841632960e-01 6.217751523027455902e-15
9.603316638141942141e-01 4.604534535082701684e-15
9.624193413442250211e-01 2.321106652051369453e-15
9.645070188742559392e-01 1.327381707195347020e-15
9.665946964042867462e-01 3.155259988347711823e-15
9.686823739343175532e-01 4.459012267446987600e-15
9.707700514643484713e-01 4.984388517156531928e-15
9.728577289943792783e-01 4.622726362182289764e-15
9.749454065244101963e-01 3.412134145480762732e-15
9.770330840544410034e-01 1.664943957114892177e-15
9.791207615844719214e-01 1.747579002395137777e-15
9.812084391145027285e-01 4.036764552107234156e-15
9.832961166445336465e-01 4.895806820935211910e-15
9.853837941745644535e-01 4.070817648600607079e-15
9.874714717045952606e-01 2.992193975847897567e-15
9.895591492346261786e-01 4.461718766224850599e-15
9.916468267646569856e-01 4.646167915409236486e-15
9.937345042946879037e-01 5.647499444525898210e-15
9.958221818247187107e-01 1.417446051148266672e-14
9.979098593547496288e-01 1.813014493047545426e-14
