2.777771992624774970e-03 1.958945441047412756e-33
5.555543985249549940e-03 5.944994434275261091e-33
8.333315977874324043e-03 6.702145035306027132e-32
1.111108797049909988e-02 4.354017284688372945e-31
1.388885996312387572e-02 1.831813788342434717e-30
1.666663195574864809e-02 -1.366902650274770364e-29
1.944440394837342392e-02 -4.628085550529311541e-28
2.222217594099819976e-02 -8.995869543688690122e-27
2.499994793362297560e-02 -1.357389924891967979e-25
2.777771992624775144e-02 -1.557481938552610493e-24
3.055549191887252380e-02 -1.348546567439196647e-23
3.333326391149729617e-02 -8.927054621039404769e-23
3.611103590412207548e-02 2.720894162563224515e-20
3.888880789674684785e-02 1.690467533528102499e-18
4.166657988937162715e-02 3.535141165576723663e-17
4.444435188199639952e-02 7.775870162043187655e-16
4.722212387462117189e-02 9.788396999803857633e-15
4.999989586724595120e-02 8.926248409886970170e-14
5.277766785987072357e-02 4.715426212628613324e-13
5.555543985249550287e-02 1.578281787239153398e-12
5.833321184512027524e-02 3.659711122515793056e-12
6.111098383774504761e-02 5.562893959619501242e-12
6.388875583036981998e-02 7.160985264563185404e-12
6.666652782299459234e-02 1.103703850511367047e-11
6.944429981561937859e-02 1.213234809596858767e-11
7.222207180824415096e-02 1.195622329685656908e-11
7.499984380086892333e-02 1.363466558236548918e-11
7.777761579349369570e-02 1.491763679989491051e-11
8.055538778611846806e-02 1.585050199753027245e-11
8.333315977874325431e-02 1.602629403193168050e-11
8.611093177136802668e-02 2.206995425255835544e-11
8.888870376399279905e-02 1.972928129360325850e-11
9.166647575661757141e-02 2.067204704557812071e-11
9.444424774924234378e-02 2.313903614526377517e-11
9.722201974186713003e-02 2.490820122672730087e-11
9.999979173449190240e-02 2.582351672042249996e-11
1.027775637271166748e-01 2.858878460455246717e-11
1.055553357197414471e-01 2.581268832582267897e-11
1.083331077123662195e-01 2.447241220950275143e-11
1.111108797049910057e-01 2.310282012625725796e-11
1.138886516976157781e-01 2.322219332310749510e-11
1.166664236902405505e-01 2.701599014320898729e-11
1.194441956828653228e-01 2.490269621058802648e-11
1.222219676754900952e-01 2.478938867848661081e-11
1.249997396681148676e-01 2.424316417038092032e-11
1.277775116607396400e-01 8.541852644294719144e-12
1.305552836533644123e-01 2.373691118141227336e-11
1.333330556459891847e-01 2.259756662147198248e-11
1.361108276386139848e-01 2.161836982108424694e-11
1.388885996312387572e-01 2.099313634279473287e-11
1.416663716238635295e-01 2.082850743352338636e-11
1.444441436164883019e-01 2.177713216436033542e-11
1.472219156091130743e-01 2.979936574443046414e-11
1.499996876017378467e-01 2.068676485985294911e-11
1.527774595943626190e-01 2.122213053950813409e-11
1.555552315869873914e-01 2.071505722239185389e-11
1.583330035796121638e-01 2.082565164459464245e-11
1.611107755722369361e-01 2.200486300394269592e-11
1.638885475648617362e-01 2.161954361963302869e-11
1.666663195574865086e-01 1.941090516776371472e-11
1.694440915501112810e-01 1.960572812106909155e-11
1.722218635427360534e-01 1.938047512245038767e-11
1.749996355353608257e-01 1.883538707161863440e-11
1.777774075279855981e-01 2.170215332459614994e-11
1.805551795206103705e-01 2.178681269063467896e-11
1.833329515132351428e-01 1.865318838645263656e-11
1.861107235058599152e-01 1.871579644108946772e-11
1.888884954984846876e-01 1.791075832776501614e-11
1.916662674911094599e-01 1.792487958093048555e-11
1.944440394837342601e-01 1.908539420092635113e-11
1.972218114763590324e-01 1.819471548466561804e-11
1.999995834689838048e-01 1.746971232366570276e-11
2.027773554616085772e-01 1.736120132094565817e-11
2.055551274542333495e-01 1.634153950973037634e-11
2.083328994468581219e-01 1.816502388256573749e-11
2.111106714394828943e-01 1.703903236850820709e-11
2.138884434321076666e-01 1.633959050299401712e-11
2.166662154247324390e-01 1.692608661125879680e-11
2.194439874173572114e-01 1.602902995847618030e-11
2.222217594099820115e-01 1.588321457246822587e-11
2.249995314026067839e-01 1.547313665421798996e-11
2.277773033952315562e-01 1.568049437239689458e-11
2.305550753878563286e-01 1.564441566911231018e-11
2.333328473804811010e-01 1.046507726102817277e-11
2.361106193731058733e-01 1.567295673736626536e-11
2.388883913657306457e-01 1.531829992134702362e-11
2.416661633583554181e-01 1.508354293101826911e-11
2.444439353509801904e-01 1.628701873125387628e-11
2.472217073436049628e-01 1.467548679165075906e-11
2.499994793362297352e-01 1.477638016188851338e-11
2.527772513288545353e-01 1.610609558411644364e-11
2.555550233214792799e-01 3.234387743785308116e-11
2.583327953141040800e-01 1.407008930767962667e-11
2.611105673067288246e-01 1.426799858453688535e-11
2.638883392993536248e-01 1.493787302957755750e-11
2.666661112919783694e-01 1.424399463072288503e-11
2.694438832846031695e-01 1.404908261135463035e-11
2.722216552772279696e-01 1.518690623355769538e-11
2.749994272698527142e-01 1.488538309912817133e-11
2.777771992624775144e-01 1.512506705145784222e-11
2.805549712551022590e-01 1.444097482812595468e-11
2.833327432477270591e-01 1.487343224263554805e-11
2.861105152403518037e-01 1.396043624011951589e-11
2.888882872329766038e-01 1.387723171646605397e-11
2.916660592256013484e-01 1.518685820843145880e-11
2.944438312182261486e-01 1.522156962652290163e-11
2.972216032108509487e-01 1.344668747605973397e-11
2.999993752034756933e-01 1.500390617074653414e-11
3.027771471961004934e-01 1.454171762558290162e-11
3.055549191887252380e-01 1.322720738785781524e-11
3.083326911813500382e-01 1.390974614944806129e-11
3.111104631739747828e-01 1.433355365609243738e-11
3.138882351665995829e-01 1.379302263452229725e-11
3.166660071592243275e-01 1.345414135278067328e-11
3.194437791518491276e-01 1.317513857477613529e-11
3.222215511444738723e-01 1.287447105962107258e-11
3.249993231370986724e-01 1.396653734605023930e-11
3.277770951297234725e-01 1.520554398388056796e-11
3.305548671223482171e-01 1.276078647471315632e-11
3.333326391149730172e-01 1.307335416026039093e-11
3.361104111075977618e-01 2.507374782916396402e-11
3.388881831002225620e-01 1.216913370485925068e-11
3.416659550928473066e-01 1.234375519758909078e-11
3.444437270854721067e-01 1.249528452178909634e-11
3.472214990780968513e-01 1.254624953502484611e-11
3.499992710707216514e-01 1.261722820653305483e-11
3.527770430633463961e-01 1.260593617325476171e-11
3.555548150559711962e-01 1.261481415588008853e-11
3.583325870485959963e-01 1.407183353740694890e-11
3.611103590412207409e-01 1.226015846420062241e-11
3.638881310338455410e-01 1.299183860147899419e-11
3.666659030264702857e-01 1.164994563754557042e-11
3.694436750190950858e-01 1.202142326460283827e-11
3.722214470117198304e-01 1.188239013026568586e-11
3.749992190043446305e-01 1.223691407918460912e-11
3.777769909969693751e-01 1.208557704808956478e-11
3.805547629895941752e-01 1.152121059295831351e-11
3.833325349822189199e-01 1.247325380833893474e-11
3.861103069748437200e-01 1.101120567902229479e-11
3.888880789674685201e-01 1.198717810328515581e-11
3.916658509600932647e-01 1.201697982041753235e-11
3.944436229527180648e-01 1.203028969039469497e-11
3.972213949453428095e-01 1.218046812098171797e-11
3.999991669379676096e-01 1.155674102944922849e-11
4.027769389305923542e-01 1.168110451562190823e-11
4.055547109232171543e-01 1.786999061591162669e-11
4.083324829158418989e-01 1.137234466676420436e-11
4.111102549084666991e-01 1.109472724131623122e-11
4.138880269010914437e-01 1.094539069257543531e-11
4.166657988937162438e-01 1.123564564231078268e-11
4.194435708863410439e-01 1.111839386828897268e-11
4.222213428789657885e-01 1.122116048356856817e-11
4.249991148715905886e-01 1.183660773895745659e-11
4.277768868642153333e-01 1.207558833870705856e-11
4.305546588568401334e-01 1.100762998569085262e-11
4.333324308494648780e-01 1.111374777467609124e-11
4.361102028420896781e-01 1.092070059037218317e-11
4.388879748347144227e-01 1.154146451782127364e-11
4.416657468273392229e-01 1.074217604043286046e-11
4.444435188199640230e-01 1.084907892280984610e-11
4.472212908125887676e-01 1.092997812384538427e-11
4.499990628052135677e-01 1.133166332950079725e-11
4.527768347978383123e-01 1.076600363644603058e-11
4.555546067904631125e-01 1.100119411520841697e-11
4.583323787830878571e-01 1.013014898919544624e-11
4.611101507757126572e-01 1.085062711081525254e-11
4.638879227683374018e-01 1.142207427052573368e-11
4.666656947609622019e-01 1.233494140418009618e-11
4.694434667535869465e-01 1.238146629065971890e-11
4.722212387462117467e-01 1.697915184877430802e-11
4.749990107388365468e-01 2.910735519936811331e-11
4.777767827314612914e-01 4.954629200267090607e-11
4.805545547240860915e-01 6.824744278078898296e-11
4.833323267167108361e-01 7.510004572138826855e-11
4.861100987093356363e-01 1.076150535327035451e-10
4.888878707019603809e-01 2.837305348289842510e-10
4.916656426945851810e-01 6.073114380325990432e-10
4.944434146872099256e-01 1.008260939632635070e-09
4.972211866798347257e-01 1.310358221653424591e-09
4.999989586724594703e-01 1.315794526753708778e-09
5.027767306650842150e-01 2.344440335791752224e-09
5.055545026577090706e-01 5.919724388312286252e-09
5.083322746503338152e-01 1.171482590898100607e-08
5.111100466429585598e-01 1.827144393903144978e-08
5.138878186355834154e-01 2.256156799524537087e-08
5.166655906282081601e-01 2.400930040307726401e-08
5.194433626208329047e-01 4.544906601324093821e-08
5.222211346134576493e-01 9.656766319102300591e-08
5.249989066060825049e-01 1.723230179391595422e-07
5.277766785987072495e-01 2.433805010251125851e-07
5.305544505913319941e-01 2.756541122376840597e-07
5.333322225839567388e-01 3.803427271439367542e-07
5.361099945765815944e-01 8.442030710266060710e-07
5.388877665692063390e-01 1.697257830603047392e-06
5.416655385618310836e-01 2.701934323617635686e-06
5.444433105544559393e-01 3.189992464954728671e-06
5.472210825470806839e-01 2.680959581064275463e-06
5.499988545397054285e-01 5.382957392356092212e-06
5.527766265323301731e-01 1.590101867045804160e-05
5.555543985249550287e-01 3.448151456331783525e-05
5.583321705175797733e-01 6.090184226561477538e-05
5.611099425102045180e-01 9.542087102803659452e-05
5.638877145028293736e-01 1.312406249158972111e-04
5.666654864954541182e-01 1.657948453864716335e-04
5.694432584880788628e-01 1.990840661816034715e-04
5.722210304807036074e-01 2.307079278418558627e-04
5.749988024733284631e-01 2.592735828599683750e-04
5.777765744659532077e-01 2.841222700352755951e-04
5.805543464585779523e-01 3.055167941718230106e-04
5.833321184512026969e-01 3.239189429383266205e-04
5.861098904438275525e-01 3.373763520762508746e-04
5.888876624364522971e-01 3.466101111748942317e-04
5.916654344290770418e-01 3.527481539690584820e-04
5.944432064217018974e-01 3.545901299588317870e-04
5.972209784143266420e-01 3.525404467338452111e-04
5.999987504069513866e-01 3.467208365153566182e-04
6.027765223995761312e-01 3.388780296259699481e-04
6.055542943922009869e-01 3.276997431542551828e-04
6.083320663848257315e-01 3.137370451246276892e-04
6.111098383774504761e-01 2.976757488217804740e-04
6.138876103700752207e-01 2.805974731944576271e-04
6.166653823627000763e-01 2.625299099228883999e-04
6.194431543553248209e-01 2.433107530045751973e-04
6.222209263479495656e-01 2.237066675074342846e-04
6.249986983405744212e-01 2.041979193932601830e-04
6.277764703331991658e-01 1.855062078858724388e-04
6.305542423258239104e-01 1.673483852071967315e-04
6.333320143184486550e-01 1.498334411260629918e-04
6.361097863110735107e-01 1.332975539736832183e-04
6.388875583036982553e-01 1.179182724069316115e-04
6.416653302963229999e-01 1.037791852219496996e-04
6.444431022889477445e-01 9.114761546758587223e-05
6.472208742815726001e-01 7.959249549075539268e-05
6.499986462741973448e-01 6.918724107766732344e-05
6.527764182668220894e-01 5.992556049066137666e-05
6.555541902594469450e-01 5.175454630432390116e-05
6.583319622520716896e-01 4.459547830919910797e-05
6.611097342446964342e-01 3.835725135467378831e-05
6.638875062373211788e-01 3.300334183419285114e-05
6.666652782299460345e-01 2.835162231992681913e-05
6.694430502225707791e-01 2.432012921467219664e-05
6.722208222151955237e-01 2.083963221374004356e-05
6.749985942078202683e-01 1.784219602617584808e-05
6.777763662004451239e-01 1.526435404877747300e-05
6.805541381930698686e-01 1.304898013832276749e-05
6.833319101856946132e-01 1.114593383979276854e-05
6.861096821783194688e-01 9.511695228517124599e-06
6.888874541709442134e-01 8.108896738868425833e-06
6.916652261635689580e-01 6.905543610229671085e-06
6.944429981561937026e-01 5.874136638241618196e-06
6.972207701488185583e-01 4.991063058631110685e-06
6.999985421414433029e-01 4.235955244144292526e-06
7.027763141340680475e-01 3.591154619938722827e-06
7.055540861266927921e-01 3.041325900886981073e-06
7.083318581193176477e-01 2.573126774304409993e-06
7.111096301119423924e-01 2.174971398505255301e-06
7.138874021045671370e-01 1.836780046782474394e-06
7.166651740971919926e-01 1.549840980483868598e-06
7.194429460898167372e-01 1.306624301525179559e-06
7.222207180824414818e-01 1.100650390645212456e-06
7.249984900750662264e-01 9.263571054651831609e-07
7.277762620676910821e-01 7.789928811605909728e-07
7.305540340603158267e-01 6.544918402097645169e-07
7.333318060529405713e-01 5.493889625611374815e-07
7.361095780455653159e-01 4.607227233665863205e-07
7.388873500381901716e-01 3.859745887646839554e-07
7.416651220308149162e-01 3.229918268005139131e-07
7.444428940234396608e-01 2.699375982157916116e-07
7.472206660160645164e-01 2.252478303560054580e-07
7.499984380086892610e-01 1.878101425864137980e-07
7.527762100013140056e-01 1.566946952987128855e-07
7.555539819939387503e-01 1.306173016287292543e-07
7.583317539865636059e-01 1.087669278722788407e-07
7.611095259791883505e-01 9.045324249929786487e-08
7.638872979718130951e-01 7.508718910446281314e-08
7.666650699644378397e-01 6.222295597411450100e-08
7.694428419570626954e-01 5.164402197704161813e-08
7.722206139496874400e-01 4.281757938084166480e-08
7.749983859423121846e-01 3.544547553510399849e-08
7.777761579349370402e-01 2.926933914163878259e-08
7.805539299275617848e-01 2.416751551852518412e-08
7.833317019201865294e-01 1.996568679412858036e-08
7.861094739128112741e-01 1.646623062446691467e-08
7.888872459054361297e-01 1.353733000824494760e-08
7.916650178980608743e-01 1.114557840744598602e-08
7.944427898906856189e-01 9.170310558554654866e-09
7.972205618833103635e-01 7.523373018773463263e-09
7.999983338759352192e-01 6.167955963555931232e-09
8.027761058685599638e-01 5.060401474258189053e-09
8.055538778611847084e-01 4.137919141369383867e-09
8.083316498538095640e-01 3.383517811763654408e-09
8.111094218464343086e-01 2.766325185687343926e-09
8.138871938390590532e-01 2.252130458243867166e-09
8.166649658316837979e-01 1.838659764374385130e-09
8.194427378243086535e-01 1.496096459787048330e-09
8.222205098169333981e-01 1.216556311148752129e-09
8.249982818095581427e-01 9.882831883368489126e-10
8.277760538021828873e-01 8.016145332678552843e-10
8.305538257948077430e-01 6.498523798628599048e-10
8.333315977874324876e-01 5.253818314399693316e-10
8.361093697800572322e-01 4.251210482998853472e-10
8.388871417726820878e-01 3.432404174905711175e-10
8.416649137653068324e-01 2.766164822344771096e-10
8.444426857579315771e-01 2.227566975450430200e-10
8.472204577505563217e-01 1.795467690942544445e-10
8.499982297431811773e-01 1.445993279948475405e-10
8.527760017358059219e-01 1.155572947728935387e-10
8.555537737284306665e-01 9.313692910728661032e-11
8.583315457210554111e-01 7.473875979008666040e-11
8.611093177136802668e-01 5.976261593300531758e-11
8.638870897063050114e-01 4.797924504724032588e-11
8.666648616989297560e-01 3.858949041222720531e-11
8.694426336915546116e-01 3.127983668571687228e-11
8.722204056841793562e-01 2.535126668844994401e-11
8.749981776768041009e-01 2.035321369859138249e-11
8.777759496694288455e-01 1.770706987142316312e-11
8.805537216620537011e-01 1.548921577291015090e-11
8.833314936546784457e-01 1.298622446887667044e-11
8.861092656473031903e-01 1.175880055853586966e-11
8.888870376399280460e-01 1.021651981193452518e-11
8.916648096325527906e-01 9.774421274919365436e-12
8.944425816251775352e-01 9.413944280360517520e-12
8.972203536178022798e-01 8.852201821138356614e-12
8.999981256104271354e-01 9.257987461276767859e-12
9.027758976030518800e-01 9.038543611178219545e-12
9.055536695956766247e-01 8.804207969545200815e-12
9.083314415883013693e-01 8.925280719604453261e-12
9.111092135809262249e-01 9.465539996099505425e-12
9.138869855735509695e-01 8.645563451203486541e-12
9.166647575661757141e-01 1.007881218852313719e-11
9.194425295588005698e-01 1.041312106061613106e-11
9.222203015514253144e-01 9.705587008595228829e-12
9.249980735440500590e-01 9.287084508533043150e-12
9.277758455366748036e-01 1.526624437633178369e-11
9.305536175292996592e-01 9.394632564657153945e-12
9.333313895219244039e-01 9.181384237483161365e-12
9.361091615145491485e-01 1.027292699960341558e-11
9.388869335071738931e-01 1.067866226678358565e-11
9.416647054997987487e-01 1.007565729462906899e-11
9.444424774924234933e-01 1.024962064230686252e-11
9.472202494850482379e-01 1.173832243601174799e-11
9.499980214776730936e-01 1.253195102394565846e-11
9.527757934702978382e-01 1.163450252823323091e-11
9.555535654629225828e-01 1.155650832511544970e-11
9.583313374555473274e-01 1.148080833044047117e-11
9.611091094481721830e-01 9.567157696468035401e-12
9.638868814407969277e-01 1.202297006258310504e-11
9.666646534334216723e-01 1.256678761924138774e-11
9.694424254260464169e-01 1.262044888820574356e-11
9.722201974186712725e-01 1.329492413496275234e-11
9.749979694112960171e-01 1.449379290177457407e-11
9.777757414039207617e-01 1.287791343631960798e-11
9.805535133965456174e-01 1.643016819473230568e-11
9.833312853891703620e-01 1.891479665199173522e-11
9.861090573817951066e-01 1.950216705071406629e-11
9.888868293744198512e-01 1.815571533636894102e-11
9.916646013670447068e-01 2.286920876599123790e-11
9.944423733596694515e-01 2.649033132356788887e-11
9.972201453522941961e-01 4.299611463201552768e-11
