6.372332462072351156e+00 6.774323781325699081e-03 6.372186244802801269e+00 4.316791316544994761e-02
6.367854708829491450e+00 6.774323781325699081e-03 6.367708594304871461e+00 4.313757964717943039e-02
6.363408356153606782e+00 6.774323781325699081e-03 6.363262343653411257e+00 4.310745884488953461e-02
6.358993911742004457e+00 6.774323781325699081e-03 6.358848000534076839e+00 4.307755419785989914e-02
6.354611879648612849e+00 6.774323781325699081e-03 6.354466068989231609e+00 4.304786912068891969e-02
6.350262760226430991e+00 6.774323781325699081e-03 6.350117049360394006e+00 4.301840700290389397e-02
6.345947050070392059e+00 6.774323781325699081e-03 6.345801438231102765e+00 4.298917120857395635e-02
6.341665241960664723e+00 6.774323781325699081e-03 6.341519728370218267e+00 4.296016507592598926e-02
6.337417824806385269e+00 6.774323781325699081e-03 6.337272408675658220e+00 4.293139191696344892e-02
6.333205283589831147e+00 6.774323781325699081e-03 6.333059964118573859e+00 4.290285501708817478e-02
6.329028099311045708e+00 6.774323781325699081e-03 6.328882875687970255e+00 4.287455763472528686e-02
6.324886748932914138e+00 6.774323781325699081e-03 6.324741620335788461e+00 4.284650300095108749e-02
6.320781705326707467e+00 6.774323781325699081e-03 6.320636670922449518e+00 4.281869431912416896e-02
6.316713437218082206e+00 3.387161890662849541e-03 6.316677201850343870e+00 2.139569011708181492e-02
6.312682409133562267e+00 3.387161890662849541e-03 6.312646196889524219e+00 2.138203639848165055e-02
6.308689081347503169e+00 3.387161890662849541e-03 6.308652892010899293e+00 2.136851037665152622e-02
6.304733909829527860e+00 3.387161890662849541e-03 6.304697743181478131e+00 2.135511359603141715e-02
6.300817346192468804e+00 3.387161890662849541e-03 6.300781202011501492e+00 2.134184758630417247e-02
6.296939837640801230e+00 3.387161890662849541e-03 6.296903715702880433e+00 2.132871386222085636e-02
6.293101826919575537e+00 3.387161890662849541e-03 6.293065726998124276e+00 2.131571392342775789e-02
6.289303752263868397e+00 3.387161890662849541e-03 6.289267674129797037e+00 2.130284925429518778e-02
6.285546047348742782e+00 3.387161890662849541e-03 6.285509990770472122e+00 2.129012132374799235e-02
6.281829141239726688e+00 3.387161890662849541e-03 6.281793105983218162e+00 2.127753158509778850e-02
6.278153458343824767e+00 3.387161890662849541e-03 6.278117444172604422e+00 2.126508147587706510e-02
6.274519418361057532e+00 3.387161890662849541e-03 6.274483425036243567e+00 2.125277241767501921e-02
6.270927436236536145e+00 3.387161890662849541e-03 6.270891463516866438e+00 2.124060581597522757e-02
6.267377922113086086e+00 3.387161890662849541e-03 6.267341969754945730e+00 2.122858305999518122e-02
6.263871281284416170e+00 3.387161890662849541e-03 6.263835349041866785e+00 2.121670552252766240e-02
6.260407914148834685e+00 3.387161890662849541e-03 6.260372001773639283e+00 2.120497455978397061e-02
6.256988216163541061e+00 3.387161890662849541e-03 6.256952323405194250e+00 2.119339151123909859e-02
6.253612577799462890e+00 3.387161890662849541e-03 6.253576704405220177e+00 2.118195769947876089e-02
6.250281384496672921e+00 3.387161890662849541e-03 6.250245530211579137e+00 2.117067443004838623e-02
6.246995016620382479e+00 3.387161890662849541e-03 6.246959181187299315e+00 2.115954299130406308e-02
6.243753849417503332e+00 3.387161890662849541e-03 6.243718032577140420e+00 2.114856465426539697e-02
6.240558252973808173e+00 3.387161890662849541e-03 6.240522454464751512e+00 2.113774067247041824e-02
6.237408592171666655e+00 3.387161890662849541e-03 6.237372811730410582e+00 2.112707228183241873e-02
6.234305226648387155e+00 3.387161890662849541e-03 6.234269464009361883e+00 2.111656070049885633e-02
6.231248510755150072e+00 0.000000000000000000e+00 6.231248510755150072e+00 0.000000000000000000e+00
6.228238793516545080e+00 0.000000000000000000e+00 6.228238793516545080e+00 0.000000000000000000e+00
6.225276418590723004e+00 0.000000000000000000e+00 6.225276418590723004e+00 0.000000000000000000e+00
6.222361724230153435e+00 0.000000000000000000e+00 6.222361724230153435e+00 0.000000000000000000e+00
6.219495043243000509e+00 0.000000000000000000e+00 6.219495043243000509e+00 0.000000000000000000e+00
6.216676702955124867e+00 0.000000000000000000e+00 6.216676702955124867e+00 0.000000000000000000e+00
6.213907025172707321e+00 0.000000000000000000e+00 6.213907025172707321e+00 0.000000000000000000e+00
6.211186326145504921e+00 0.000000000000000000e+00 6.211186326145504921e+00 0.000000000000000000e+00
6.208514916530736727e+00 0.000000000000000000e+00 6.208514916530736727e+00 0.000000000000000000e+00
6.205893101357620623e+00 0.000000000000000000e+00 6.205893101357620623e+00 0.000000000000000000e+00
6.203321179992533629e+00 0.000000000000000000e+00 6.203321179992533629e+00 0.000000000000000000e+00
6.200799446104837465e+00 0.000000000000000000e+00 6.200799446104837465e+00 0.000000000000000000e+00
6.198328187633342701e+00 0.000000000000000000e+00 6.198328187633342701e+00 0.000000000000000000e+00
6.195907686753432841e+00 0.000000000000000000e+00 6.195907686753432841e+00 0.000000000000000000e+00
6.193538219844842985e+00 0.000000000000000000e+00 6.193538219844842985e+00 0.000000000000000000e+00
6.191220057460102844e+00 0.000000000000000000e+00 6.191220057460102844e+00 0.000000000000000000e+00
6.188953464293645901e+00 0.000000000000000000e+00 6.188953464293645901e+00 0.000000000000000000e+00
6.186738699151583809e+00 0.000000000000000000e+00 6.186738699151583809e+00 0.000000000000000000e+00
6.184576014922154918e+00 0.000000000000000000e+00 6.184576014922154918e+00 0.000000000000000000e+00
6.182465658546847820e+00 0.000000000000000000e+00 6.182465658546847820e+00 0.000000000000000000e+00
6.180407870992211450e+00 0.000000000000000000e+00 6.180407870992211450e+00 0.000000000000000000e+00
6.178402887222332218e+00 0.000000000000000000e+00 6.178402887222332218e+00 0.000000000000000000e+00
6.176450936172010131e+00 0.000000000000000000e+00 6.176450936172010131e+00 0.000000000000000000e+00
6.174552240720615259e+00 0.000000000000000000e+00 6.174552240720615259e+00 0.000000000000000000e+00
6.172707017666644091e+00 0.000000000000000000e+00 6.172707017666644091e+00 0.000000000000000000e+00
6.170915477702958007e+00 0.000000000000000000e+00 6.170915477702958007e+00 0.000000000000000000e+00
6.169177825392731407e+00 0.000000000000000000e+00 6.169177825392731407e+00 0.000000000000000000e+00
6.167494259146090840e+00 0.000000000000000000e+00 6.167494259146090840e+00 0.000000000000000000e+00
6.165864971197460243e+00 0.000000000000000000e+00 6.165864971197460243e+00 0.000000000000000000e+00
6.164290147583613155e+00 0.000000000000000000e+00 6.164290147583613155e+00 0.000000000000000000e+00
6.162769968122427500e+00 0.000000000000000000e+00 6.162769968122427500e+00 0.000000000000000000e+00
6.161304606392357108e+00 0.000000000000000000e+00 6.161304606392357108e+00 0.000000000000000000e+00
6.159894229712607583e+00 0.000000000000000000e+00 6.159894229712607583e+00 0.000000000000000000e+00
6.158538999124036906e+00 0.000000000000000000e+00 6.158538999124036906e+00 0.000000000000000000e+00
6.157239069370760376e+00 0.000000000000000000e+00 6.157239069370760376e+00 0.000000000000000000e+00
6.155994588882487406e+00 0.000000000000000000e+00 6.155994588882487406e+00 0.000000000000000000e+00
6.154805699757571524e+00 0.000000000000000000e+00 6.154805699757571524e+00 0.000000000000000000e+00
6.153672537746784243e+00 0.000000000000000000e+00 6.153672537746784243e+00 0.000000000000000000e+00
6.152595232237815459e+00 0.000000000000000000e+00 6.152595232237815459e+00 0.000000000000000000e+00
6.151573906240497713e+00 0.000000000000000000e+00 6.151573906240497713e+00 0.000000000000000000e+00
6.150608676372765871e+00 0.000000000000000000e+00 6.150608676372765871e+00 0.000000000000000000e+00
6.149699652847334441e+00 0.000000000000000000e+00 6.149699652847334441e+00 0.000000000000000000e+00
6.148846939459118310e+00 0.000000000000000000e+00 6.148846939459118310e+00 0.000000000000000000e+00
6.148050633573379109e+00 0.000000000000000000e+00 6.148050633573379109e+00 0.000000000000000000e+00
6.147310826114606996e+00 0.000000000000000000e+00 6.147310826114606996e+00 0.000000000000000000e+00
6.146627601556141407e+00 0.000000000000000000e+00 6.146627601556141407e+00 0.000000000000000000e+00
6.146001037910520992e+00 0.000000000000000000e+00 6.146001037910520992e+00 0.000000000000000000e+00
6.145431206720581407e+00 0.000000000000000000e+00 6.145431206720581407e+00 0.000000000000000000e+00
6.144918173051284960e+00 0.000000000000000000e+00 6.144918173051284960e+00 0.000000000000000000e+00
6.144461995482284777e+00 0.000000000000000000e+00 6.144461995482284777e+00 0.000000000000000000e+00
6.144062726101245708e+00 0.000000000000000000e+00 6.144062726101245708e+00 0.000000000000000000e+00
6.143720410497892637e+00 0.000000000000000000e+00 6.143720410497892637e+00 0.000000000000000000e+00
6.143435087758801316e+00 0.000000000000000000e+00 6.143435087758801316e+00 0.000000000000000000e+00
6.143206790462943268e+00 0.000000000000000000e+00 6.143206790462943268e+00 0.000000000000000000e+00
6.143035544677956317e+00 0.000000000000000000e+00 6.143035544677956317e+00 0.000000000000000000e+00
