5.882352941176469230e+00 2.883193257839983259e-01 5.639547732112611733e+00 1.672596036642128858e+00
5.882336551366047495e+00 2.883193257839983259e-01 5.639532018822519532e+00 1.672591376341696856e+00
5.882205439329623253e+00 2.883193257839983259e-01 5.639406318682615549e+00 1.672554095771375371e+00
5.881943249638634796e+00 2.883193257839983259e-01 5.639154951365491719e+00 1.672479544406916263e+00
5.881550051047782723e+00 2.883193257839983259e-01 5.638777982787869014e+00 1.672367741798121754e+00
5.881025946666584403e+00 2.883193257839983259e-01 5.638275511803224838e+00 1.672218717263289411e+00
5.880371073932329828e+00 2.883193257839983259e-01 5.637647670175866210e+00 1.672032509881520079e+00
5.879585604574044666e+00 2.883193257839983259e-01 5.636894622546378741e+00 1.671809168482472963e+00
5.878669744567453392e+00 2.883193257839983259e-01 5.636016566388451388e+00 1.671548751633558538e+00
5.877623734080970941e+00 2.883193257839983259e-01 5.635013731957093874e+00 1.671251327624582617e+00
5.876447847412718417e+00 2.883193257839983259e-01 5.633886382228255663e+00 1.670916974449836445e+00
5.875142392918593970e+00 2.883193257839983259e-01 5.632634812829864224e+00 1.670545779787645291e+00
5.873707712931414804e+00 2.883193257839983259e-01 5.631259351964303050e+00 1.670137840977376387e+00
5.872144183671142770e+00 2.883193257839983259e-01 5.629760360322347168e+00 1.669693264993912463e+00
5.870452215146228170e+00 2.883193257839983259e-01 5.628138230988573909e+00 1.669212168419600184e+00
5.868632251046092208e+00 2.883193257839983259e-01 5.626393389338288031e+00 1.668694677413678162e+00
5.866684768624778279e+00 2.883193257839983259e-01 5.624526292925971838e+00 1.668140927679193641e+00
5.864610278575798752e+00 2.883193257839983259e-01 5.622537431365299376e+00 1.667551064427417629e+00
5.862409324898215424e+00 2.883193257839983259e-01 5.620427326200746698e+00 1.666925242339764690e+00
5.860082484753985632e+00 2.883193257839983259e-01 5.618196530770822150e+00 1.666263625527231174e+00
5.857630368316609548e+00 2.883193257839983259e-01 5.615845630062964666e+00 1.665566387487359190e+00
5.855053618611124833e+00 2.883193257839983259e-01 5.613375240560140256e+00 1.664833711058741228e+00
5.852352911345482411e+00 2.883193257839983259e-01 5.610786010079181096e+00 1.664065788373071619e+00
5.849528954733357544e+00 2.883193257839983259e-01 5.608078617600907201e+00 1.663262820804766395e+00
5.846582489308428165e+00 2.883193257839983259e-01 5.605253773092072400e+00 1.662425018918153752e+00
5.843514287730186219e+00 2.883193257839983259e-01 5.602312217319192378e+00 1.661552602412257995e+00
5.840325154581319289e+00 2.883193257839983259e-01 5.599254721654285838e+00 1.660645800063187627e+00
5.837015926156724710e+00 2.883193257839983259e-01 5.596082087872601640e+00 1.659704849664143333e+00
5.833587470244204098e+00 2.883193257839983259e-01 5.592795147942363876e+00 1.658729997963058977e+00
5.830040685896899610e+00 2.883193257839983259e-01 5.589394763806601496e+00 1.657721500597897579e+00
5.826376503197537637e+00 2.883193257839983259e-01 5.585881827157122004e+00 1.656679622029614940e+00
5.822595883014524354e+00 2.883193257839983259e-01 5.582257259200676280e+00 1.655604635472808228e+00
5.818699816749981935e+00 2.883193257839983259e-01 5.578522010417394483e+00 1.654496822824071511e+00
5.814689326079761855e+00 2.883193257839983259e-01 5.574677060311532095e+00 1.653356474588071556e+00
5.810565462685538307e+00 2.883193257839983259e-01 5.570723417154617607e+00 1.652183889801370098e+00
5.806329307979012810e+00 2.883193257839983259e-01 5.566662117721047132e+00 1.650979375954004791e+00
5.801981972818340161e+00 2.828793385050549225e-01 5.571386458512373352e+00 1.619459089577119482e+00
5.797524597216821007e+00 2.828793385050549225e-01 5.567106238032001109e+00 1.618214939307891287e+00
5.792958350043955207e+00 2.828793385050549225e-01 5.562721473000963535e+00 1.616940400620250129e+00
5.788284428718924346e+00 2.828793385050549225e-01 5.558233313247895602e+00 1.615635807739877361e+00
5.783504058896591360e+00 2.828793385050549225e-01 5.553642935714908191e+00 1.614301502773645813e+00
5.778618494146092743e+00 2.828793385050549225e-01 5.548951544148951420e+00 1.612937835619907778e+00
5.773629015622111282e+00 2.828793385050549225e-01 5.544160368786156035e+00 1.611545163876740405e+00
5.768536931728914574e+00 2.828793385050549225e-01 5.539270666029223023e+00 1.610123852748170714e+00
5.763343577777252591e+00 2.828793385050549225e-01 5.534283718117956496e+00 1.608674274948409977e+00
5.758050315634191563e+00 2.828793385050549225e-01 5.529200832793016218e+00 1.607196810604112569e+00
5.752658533365988980e+00 2.828793385050549225e-01 5.524023342952984805e+00 1.605691847154696816e+00
5.747169644874099426e+00 2.774393512261115746e-01 5.527397512760391152e+00 1.574114247090259155e+00
5.741585089524400054e+00 2.774393512261115746e-01 5.522026511161833184e+00 1.572584671893628938e+00
5.735906331769743183e+00 2.774393512261115746e-01 5.516564909464264588e+00 1.571029295240470081e+00
5.730134860765931037e+00 2.774393512261115746e-01 5.511014139878074758e+00 1.569448525001353900e+00
5.724272189981205905e+00 2.774393512261115746e-01 5.505375657996384398e+00 1.567842775705878156e+00
5.718319856799375600e+00 2.774393512261115746e-01 5.499650942413347288e+00 1.566212468433966665e+00
5.712279422116654182e+00 2.774393512261115746e-01 5.493841494336406228e+00 1.564558030705445857e+00
5.706152469932349369e+00 2.774393512261115746e-01 5.487948837192635487e+00 1.562879896367936450e+00
5.699940606933482812e+00 2.774393512261115746e-01 5.481974516229243477e+00 1.561178505483084233e+00
5.693645462073468444e+00 2.719993639471682267e-01 5.484322442327431268e+00 1.529642440694386707e+00
5.687268686144941299e+00 2.719993639471682267e-01 5.478180104247641680e+00 1.527929269904240384e+00
5.680811951346871780e+00 2.719993639471682267e-01 5.471960746932001740e+00 1.526194617537628417e+00
5.674276950846056877e+00 2.719993639471682267e-01 5.465666001299176457e+00 1.524438938477070016e+00
5.667665398333117999e+00 2.719993639471682267e-01 5.459297518037113051e+00 1.522662693118970845e+00
5.660979027573115552e+00 2.719993639471682267e-01 5.452856967170173874e+00 1.520866347252891382e+00
5.654219591950898405e+00 2.719993639471682267e-01 5.446346037621200509e+00 1.519050371939402178e+00
5.647388864011308129e+00 2.719993639471682267e-01 5.439766436768623592e+00 1.517215243386556001e+00
5.640488634994362371e+00 2.719993639471682267e-01 5.433119889998735630e+00 1.515361442825010840e+00
5.633520714365530146e+00 2.665593766682248789e-01 5.434561170131433805e+00 1.483947616085279142e+00
5.626486929341234067e+00 2.665593766682248789e-01 5.427775797908586775e+00 1.482094819397722141e+00
5.619389124409693181e+00 2.665593766682248789e-01 5.420928666775163052e+00 1.480225158977243050e+00
5.612229160847236109e+00 2.665593766682248789e-01 5.414021572272631921e+00 1.478339125109883190e+00
5.605008916230215021e+00 2.665593766682248789e-01 5.407056325666818708e+00 1.476437212375337094e+00
5.597730283942646601e+00 2.665593766682248789e-01 5.400034753472930049e+00 1.474519919517257360e+00
5.590395172679698987e+00 2.665593766682248789e-01 5.392958696976580590e+00 1.472587749312465943e+00
5.583005505947174818e+00 2.665593766682248789e-01 5.385830011750948998e+00 1.470641208439112946e+00
5.575563221557101379e+00 2.665593766682248789e-01 5.378650567170185859e+00 1.468680807343805572e+00
5.568070271119577086e+00 2.611193893892814755e-01 5.379321595021499647e+00 1.437465033126371861e+00
5.560528619530991534e+00 2.611193893892814755e-01 5.372035593358943650e+00 1.435518064082744072e+00
5.552940244458767438e+00 2.611193893892814755e-01 5.364704452064110285e+00 1.433559032803784161e+00
5.545307135822750588e+00 2.611193893892814755e-01 5.357330093601746057e+00 1.431588453011492401e+00
5.537631295273390819e+00 2.611193893892814755e-01 5.349914451769551604e+00 1.429606841456266819e+00
5.529914735666838332e+00 2.611193893892814755e-01 5.342459471191072673e+00 1.427614717781393594e+00
5.522159480537113474e+00 2.611193893892814755e-01 5.334967106805764914e+00 1.425612604386780946e+00
5.514367563565466313e+00 2.611193893892814755e-01 5.327439323356334633e+00 1.423601026291967386e+00
5.506541028047076125e+00 2.611193893892814755e-01 5.319878094873524255e+00 1.421580510998444513e+00
5.498681926355242666e+00 2.611193893892814755e-01 5.312285404158461510e+00 1.419551588351330773e+00
5.490792319403173138e+00 2.611193893892814755e-01 5.304663242262690481e+00 1.417514790400425939e+00
5.482874276103555822e+00 2.556794021103381276e-01 5.304635334032627547e+00 1.386634162456215735e+00
5.474929872826015398e+00 2.556794021103381276e-01 5.296949189829482485e+00 1.384625000759224456e+00
5.466961192852624940e+00 2.556794021103381276e-01 5.289239558124688934e+00 1.382609699418294147e+00
5.458970325831600690e+00 2.556794021103381276e-01 5.281508460635544466e+00 1.380588786911273846e+00
5.450959367229327057e+00 2.556794021103381276e-01 5.273757924708374567e+00 1.378562793187443791e+00
5.442930417780857510e+00 2.556794021103381276e-01 5.265989982786901891e+00 1.376532249528544805e+00
5.434885582939031679e+00 2.556794021103381276e-01 5.258206671879262828e+00 1.374497688409459517e+00
5.426826972322360554e+00 2.556794021103381276e-01 5.250410033023851675e+00 1.372459643358579839e+00
5.418756699161813017e+00 2.556794021103381276e-01 5.242602110754082112e+00 1.370418648817898655e+00
5.410676879746657342e+00 2.556794021103381276e-01 5.234784952562248961e+00 1.368375240002861259e+00
5.402589632869500669e+00 2.556794021103381276e-01 5.226960608362603899e+00 1.366329952762014299e+00
5.394497079270675677e+00 2.556794021103381276e-01 5.219131129953811232e+00 1.364283323436489503e+00
5.386401341082108551e+00 2.502394148313947797e-01 5.218631969843986695e+00 1.333866474027075366e+00
5.378304541270829908e+00 2.502394148313947797e-01 5.210787359746648306e+00 1.331861415523023284e+00
5.370208803082262783e+00 2.502394148313947797e-01 5.202943778205831649e+00 1.329856619914892679e+00
5.362116249483437791e+00 2.502394148313947797e-01 5.195103282064855499e+00 1.327852612925586095e+00
5.354029002606281118e+00 2.502394148313947797e-01 5.187267927357946284e+00 1.325849920071203947e+00
5.345949183191125442e+00 2.502394148313947797e-01 5.179439768771080033e+00 1.323849066523238527e+00
5.337878910030577906e+00 2.502394148313947797e-01 5.171620859103174261e+00 1.321850576970855506e+00
5.329820299413907669e+00 2.502394148313947797e-01 5.163813248727778138e+00 1.319854975483303550e+00
5.321775464572081837e+00 2.502394148313947797e-01 5.156018985055395909e+00 1.317862785372486245e+00
5.313746515123611402e+00 2.502394148313947797e-01 5.148240111996591928e+00 1.315874529055733433e+00
5.305735556521337770e+00 2.502394148313947797e-01 5.140478669426008729e+00 1.313890727918805013e+00
5.297744689500313520e+00 2.502394148313947797e-01 5.132736692647443810e+00 1.311911902179167200e+00
5.289776009526923062e+00 2.502394148313947797e-01 5.125016211860129012e+00 1.309938570749574760e+00
5.281831606249382638e+00 2.502394148313947797e-01 5.117319251626345711e+00 1.307971251101994747e+00
5.273913562949765321e+00 2.502394148313947797e-01 5.109647830340517949e+00 1.306010459131908608e+00
5.266023955997695793e+00 2.447994275524514041e-01 5.109022483825540917e+00 1.276282713550071612e+00
5.258164854305861446e+00 2.447994275524514041e-01 5.101397693740694628e+00 1.274377968012046392e+00
5.250338318787472147e+00 2.447994275524514041e-01 5.093804498899951128e+00 1.272481115268387919e+00
5.242546401815824986e+00 2.447994275524514041e-01 5.086244890487059855e+00 1.270592652735853312e+00
5.234791146686100127e+00 2.447994275524514041e-01 5.078720850878307935e+00 1.268713075631012099e+00
5.227074587079547641e+00 2.447994275524514041e-01 5.071234353122680005e+00 1.266842876840384768e+00
5.219398746530186983e+00 2.447994275524514041e-01 5.063787360424464978e+00 1.264982546791191265e+00
5.211765637894171022e+00 2.447994275524514041e-01 5.056381825628430526e+00 1.263132573322745200e+00
5.204177262821946925e+00 2.447994275524514041e-01 5.049019690707730490e+00 1.261293441558526185e+00
5.196635611233361374e+00 2.447994275524514041e-01 5.041702886254651794e+00 1.259465633778964699e+00
5.189142660795836193e+00 2.447994275524514041e-01 5.034433330974352749e+00 1.257649629294972815e+00
5.181700376405763642e+00 2.447994275524514041e-01 5.027212931181716193e+00 1.255845904322253181e+00
5.174310709673239472e+00 2.447994275524514041e-01 5.020043580301448038e+00 1.254054931856418698e+00
5.166975598410291859e+00 2.447994275524514041e-01 5.012927158371563330e+00 1.252277181548958618e+00
5.159696966122722550e+00 2.447994275524514041e-01 5.005865531550375280e+00 1.250513119584080624e+00
5.152476721505703239e+00 2.447994275524514041e-01 4.998860551627134718e+00 1.248763208556461946e+00
5.145316757943245278e+00 2.447994275524514041e-01 4.991914055536415873e+00 1.247027907349940623e+00
5.138218953011703505e+00 2.447994275524514041e-01 4.985027864876429682e+00 1.245307671017183315e+00
5.131185167987408313e+00 2.447994275524514041e-01 4.978203785431331241e+00 1.243602950660354978e+00
5.124217247358576088e+00 2.447994275524514041e-01 4.971443606697683038e+00 1.241914193312823489e+00
5.117317018341630330e+00 2.447994275524514041e-01 4.964749101415197430e+00 1.240241841821935420e+00
5.110486290402040055e+00 2.447994275524514041e-01 4.958122025101859620e+00 1.238586334732885375e+00
5.103726854779822908e+00 2.447994275524514041e-01 4.951564115593577675e+00 1.236948106173715090e+00
5.097040484019820461e+00 2.447994275524514041e-01 4.945077092588462619e+00 1.235327585741471612e+00
5.090428931506881582e+00 2.447994275524514041e-01 4.938662657195868277e+00 1.233725198389552746e+00
5.083893931006066680e+00 2.447994275524514041e-01 4.932322491490308103e+00 1.232141364316270193e+00
5.077437196207996273e+00 2.447994275524514041e-01 4.926058258070354690e+00 1.230576498854659695e+00
5.071060420279470016e+00 2.447994275524514041e-01 4.919871599622655189e+00 1.229031012363567932e+00
5.064765275419454760e+00 2.447994275524514041e-01 4.913764138491163891e+00 1.227505310120041049e+00
5.058553412420589090e+00 2.393594402735080284e-01 4.914334248338994016e+00 1.199283753710692180e+00
5.052426460236284278e+00 2.393594402735080284e-01 4.908381975326844504e+00 1.197831173572592389e+00
5.046386025553562860e+00 2.393594402735080284e-01 4.902513753205622216e+00 1.196399105036446864e+00
5.040433692371732555e+00 2.393594402735080284e-01 4.896731120814873606e+00 1.194987923637410132e+00
5.034571021587008310e+00 2.393594402735080284e-01 4.891035594549723697e+00 1.193597999433346102e+00
5.028799550583195277e+00 2.393594402735080284e-01 4.885428667963223504e+00 1.192229696907788128e+00
5.023120792828538406e+00 2.393594402735080284e-01 4.879911811374696207e+00 1.190883374874359246e+00
5.017536237478839034e+00 2.393594402735080284e-01 4.874486471484167360e+00 1.189559386382679440e+00
5.012047348986949480e+00 2.393594402735080284e-01 4.869154070992996353e+00 1.188258078625783920e+00
5.006655566718746897e+00 2.393594402735080284e-01 4.863916008230793508e+00 1.186979792849078619e+00
5.001362304575685869e+00 2.393594402735080284e-01 4.858773656788737405e+00 1.185724864260854661e+00
4.996168950624023886e+00 2.393594402735080284e-01 4.853728365159368785e+00 1.184493621944384456e+00
4.991076866730828065e+00 2.393594402735080284e-01 4.848781456382977417e+00 1.183286388771626507e+00
4.986087388206845716e+00 2.393594402735080284e-01 4.843934227700652073e+00 1.182103481318557359e+00
4.981201823456347100e+00 2.393594402735080284e-01 4.839187950214108191e+00 1.180945209782155780e+00
4.976421453634014114e+00 2.393594402735080284e-01 4.834543868552355406e+00 1.179811877899057171e+00
4.971747532308983253e+00 2.393594402735080284e-01 4.830003200545323949e+00 1.178703782865906380e+00
4.967181285136117452e+00 2.393594402735080284e-01 4.825567136904501453e+00 1.177621215261420939e+00
4.962723909534598299e+00 2.393594402735080284e-01 4.821236840910696486e+00 1.176564458970193128e+00
4.958376574373925649e+00 2.393594402735080284e-01 4.817013448108982132e+00 1.175533791108244852e+00
4.954140419667400153e+00 2.393594402735080284e-01 4.812898066010925291e+00 1.174529481950360443e+00
4.950016556273176604e+00 2.393594402735080284e-01 4.808891773804156777e+00 1.173551794859210906e+00
4.946006065602956525e+00 2.393594402735080284e-01 4.804995622069371031e+00 1.172600986216290719e+00
4.942109999338414106e+00 2.393594402735080284e-01 4.801210632504838927e+00 1.171677305354688281e+00
4.938329379155400822e+00 2.393594402735080284e-01 4.797537797658472769e+00 1.170780994493700655e+00
4.934665196456038849e+00 2.393594402735080284e-01 4.793978080667558039e+00 1.169912288675317491e+00
4.931118412108734361e+00 2.393594402735080284e-01 4.790532415006178546e+00 1.169071415702582994e+00
4.927689956196212862e+00 2.393594402735080284e-01 4.787201704240437117e+00 1.168258596079861489e+00
4.924380727771619171e+00 2.393594402735080284e-01 4.783986821791509136e+00 1.167474042955011893e+00
4.921191594622752241e+00 2.393594402735080284e-01 4.780888610706595543e+00 1.166717962063493541e+00
4.918123393044510294e+00 2.393594402735080284e-01 4.777907883437858771e+00 1.165990551674416675e+00
4.915176927619580916e+00 2.393594402735080284e-01 4.775045421629365627e+00 1.165292002538548699e+00
4.912352971007456048e+00 2.393594402735080284e-01 4.772301975912115246e+00 1.164622497838293969e+00
4.909652263741813627e+00 2.393594402735080284e-01 4.769678265707198328e+00 1.163982213139656441e+00
4.907075514036328912e+00 2.447994275524514041e-01 4.760775746659430041e+00 1.189287345629412629e+00
4.904623397598952828e+00 2.447994275524514041e-01 4.758396737730455683e+00 1.188693046430095324e+00
4.902296557454722148e+00 2.447994275524514041e-01 4.756139270101656713e+00 1.188129109410801298e+00
4.900095603777139708e+00 2.447994275524514041e-01 4.754003935754797183e+00 1.187595682454240853e+00
4.898021113728160181e+00 2.447994275524514041e-01 4.751991294644299479e+00 1.187092905442387547e+00
4.896073631306846252e+00 2.447994275524514041e-01 4.750101874550413328e+00 1.186620910219799319e+00
4.894253667206710290e+00 2.447994275524514041e-01 4.748336170940811840e+00 1.186179820559043030e+00
4.892561698681795690e+00 2.447994275524514041e-01 4.746694646840666998e+00 1.185769752128237764e+00
4.890998169421522768e+00 2.447994275524514041e-01 4.745177732711220564e+00 1.185390812460721977e+00
4.889563489434344490e+00 2.447994275524514041e-01 4.743785826336917033e+00 1.185043100926856496e+00
4.888258034940220043e+00 2.447994275524514041e-01 4.742519292721076418e+00 1.184726708707964482e+00
4.887082148271967519e+00 2.447994275524514041e-01 4.741378463990191250e+00 1.184441718772422103e+00
4.886036137785485067e+00 2.447994275524514041e-01 4.740363639306822918e+00 1.184188205853900389e+00
4.885120277778893794e+00 2.447994275524514041e-01 4.739475084791155979e+00 1.183966236431768682e+00
4.884334808420608631e+00 2.447994275524514041e-01 4.738713033451213974e+00 1.183775868713661250e+00
4.883679935686354057e+00 2.447994275524514041e-01 4.738077685121751870e+00 1.183617152620212387e+00
4.883155831305155736e+00 2.447994275524514041e-01 4.737569206411857969e+00 1.183490129771966881e+00
4.882762632714303663e+00 2.447994275524514041e-01 4.737187730661262641e+00 1.183394833478465413e+00
