3.448249852416114258e+00 2.408819063919914912e-04
3.448041791429071523e+00 2.405424838536125058e-04
3.447625756038239508e+00 2.398212570706924037e-04
3.447001919374092171e+00 2.386354636926153999e-04
3.446170541042277602e+00 2.368666906343413472e-04
3.445131967015586660e+00 2.343682055980331083e-04
3.443886629489975260e+00 2.309752160525736894e-04
3.442435046704711787e+00 2.265181769184697986e-04
3.440777822726713620e+00 2.208387225340960054e-04
3.438915647199168646e+00 2.138073554885880237e-04
3.436849295054544839e+00 2.053414469555815659e-04
3.434579626192107327e+00 1.954216738751982216e-04
3.432107585120076187e+00 1.841047733934666846e-04
3.429434200562575974e+00 1.715305770167457780e-04
3.426560585031538153e+00 1.579217074793000733e-04
3.423487934363736773e+00 1.435750851107075511e-04
3.420217527223149201e+00 1.288453908049727646e-04
3.416750724568846209e+00 1.141217359191277206e-04
3.413088969088640123e+00 9.979980404140437699e-05
3.409233784598717953e+00 8.625247773191328728e-05
3.405186775409514421e+00 7.380229439393388188e-05
3.400949625658091335e+00 6.269891193126810426e-05
3.396524098607290654e+00 5.310411601439206126e-05
3.391912035911966772e+00 4.508586695333982586e-05
3.387115356852593351e+00 3.862163882005534120e-05
3.382136057536564877e+00 3.361005870285012185e-05
3.376976210067531792e+00 2.988881873645557097e-05
3.371637961683107143e+00 2.725617060923605329e-05
3.366123533861306694e+00 2.549310839878978294e-05
3.360435221396094629e+00 2.438359667857534015e-05
3.354575391442421228e+00 2.373081999449087865e-05
3.348546482531145507e+00 2.336827051560248970e-05
3.342351003554255406e+00 2.316538288776391659e-05
3.335991532720810504e+00 2.302821159960357901e-05
3.329470716484034476e+00 2.289621213767348493e-05
3.322791268440011603e+00 2.273647765945777078e-05
3.315955968198441628e+00 2.253680371150149132e-05
3.308967660225921037e+00 2.229875919144217380e-05
3.301829252662239256e+00 2.203161519976155533e-05
3.294543716110171161e+00 2.174761318520341901e-05
3.287114082399283266e+00 2.145871485793923847e-05
3.279543443324254959e+00 2.117471830240502786e-05
3.271834949358249034e+00 2.090246814444787020e-05
3.263991808341860867e+00 2.064582788946615910e-05
3.256017284148198243e+00 2.040609795541556586e-05
3.247914695324638945e+00 2.018262448714193064e-05
3.239687413711840325e+00 1.997342367936067180e-05
3.231338863040568832e+00 1.977572258023751607e-05
3.222872517506936152e+00 1.958637737793007160e-05
3.214291900326633478e+00 1.940216952169713035e-05
3.205600582268770093e+00 1.922000021377672543e-05
3.196802180169918906e+00 1.903700975288661631e-05
3.187900355428993748e+00 1.885064562219474144e-05
3.178898812483580638e+00 1.865869709214152460e-05
3.169801297268360685e+00 1.845930778120374931e-05
3.160611595656263262e+00 1.825097283428314847e-05
3.151333531882998695e+00 1.803252453654714834e-05
3.141970966955626832e+00 1.780310896416427587e-05
3.132527797045823625e+00 1.756215601698121384e-05
3.123007951868514542e+00 1.730934530313156384e-05
3.113415393046548907e+00 1.704457041085676733e-05
3.103754112462095094e+00 1.676790394092797997e-05
3.094028130595444903e+00 1.647956524704412997e-05
3.084241494851915011e+00 1.617989224588360403e-05
3.074398277877548047e+00 1.586931801317597687e-05
3.064502575864302525e+00 1.554835230188001869e-05
3.054558506845453714e+00 1.521756764865361738e-05
3.044570208981895565e+00 1.487758943243654158e-05
3.034541838840074668e+00 1.452908907597379970e-05
3.024477569662260557e+00 1.417277955338155437e-05
3.014381589629877123e+00 1.380941240827123052e-05
3.004258100120619446e+00 1.343977560617913844e-05
2.994111313960073684e+00 1.306469167072425478e-05
2.983945453668581660e+00 1.268501570409789149e-05
2.973764749704060240e+00 1.230163301336206116e-05
2.963573438701528673e+00 1.191545618379179165e-05
2.953375761710054892e+00 1.152742152327879940e-05
2.943175962427875714e+00 1.113848487315520760e-05
2.932978285436402377e+00 1.074961682608828731e-05
2.922786974433870366e+00 1.036179742485243069e-05
2.912606270469349390e+00 9.976010437286554134e-06
2.902440410177856922e+00 9.593237317791738274e-06
2.892293624017311604e+00 9.214450979980641157e-06
2.882170134508053483e+00 8.840609520279077367e-06
2.872074154475670049e+00 8.472650050451556724e-06
2.862009885297855938e+00 8.111482820871073553e-06
2.851981515156035485e+00 7.757985837369666632e-06
2.841993217292476892e+00 7.413000197037873999e-06
2.832049148273628081e+00 7.077326368493235676e-06
2.822153446260382559e+00 6.751721628475036597e-06
2.812310229286015595e+00 6.436898799483463251e-06
2.802523593542486147e+00 6.133526324905156353e-06
2.792797611675835512e+00 5.842229536954675735e-06
2.783136331091381699e+00 5.563592724771553682e-06
2.773543772269416063e+00 5.298161304480022646e-06
2.764023927092106980e+00 5.046443049034242437e-06
2.754580757182303774e+00 4.808906997466535264e-06
2.745218192254931910e+00 4.585978399089840447e-06
2.735940128481667344e+00 4.378027923088103303e-06
2.726750426869569921e+00 4.185353473860678521e-06
2.717652911654349968e+00 4.008153361318393462e-06
2.708651368708936857e+00 3.846490347080018530e-06
2.699749543968011700e+00 3.700247221166008122e-06
2.690951141869160512e+00 3.569076022580349180e-06
2.682259823811297128e+00 3.452344676336983830e-06
2.673679206630994454e+00 3.349086503603943492e-06
2.665212861097361774e+00 3.257959515309631384e-06
2.656864310426090281e+00 3.177223368143119246e-06
2.648637028813291661e+00 3.104742049574264689e-06
2.640534439989732363e+00 3.038019572121117054e-06
2.632559915796069738e+00 2.974274049035110615e-06
2.624716774779681572e+00 2.910552518777204029e-06
2.617008280813675647e+00 2.843884950699073055e-06
2.609437641738647340e+00 2.771471327786976535e-06
2.602008008027759445e+00 2.690891047557422817e-06
2.594722471475691350e+00 2.600319662879554643e-06
2.587584063912009569e+00 2.498734797821843689e-06
2.580595755939488978e+00 2.386091450191348997e-06
2.573760455697919003e+00 2.263447216647709546e-06
2.567081007653896130e+00 2.133020450103169476e-06
2.560560191417120102e+00 1.998168908721287162e-06
2.554200720583675199e+00 1.863282753642817989e-06
2.548005241606785098e+00 1.733593240874875186e-06
2.541976332695509377e+00 1.614906366210100169e-06
2.536116502741835976e+00 1.513278223112957000e-06
2.530428190276623912e+00 1.434655060686001433e-06
2.524913762454823463e+00 1.384505254851788234e-06
2.519575514070398814e+00 1.367472078366768624e-06
2.514415666601365729e+00 1.387075025062551010e-06
2.509436367285337699e+00 1.445483547115080119e-06
2.504639688225963834e+00 1.543380785941601829e-06
2.500027625530639952e+00 1.679926847444635208e-06
2.495602098479839270e+00 1.852822257511514752e-06
2.491364948728416184e+00 2.058463366705086059e-06
2.487317939539213096e+00 2.292173635384675799e-06
2.483462755049290482e+00 2.548488703763941165e-06
2.479800999569084397e+00 2.821469553549125099e-06
2.476334196914781405e+00 3.105017229896122371e-06
2.473063789774193832e+00 3.393164401417120430e-06
2.469991139106392453e+00 3.680323306589267896e-06
2.467117523575354632e+00 3.961475550729323034e-06
2.464444139017854418e+00 4.232296219650325701e-06
2.461972097945823279e+00 4.489211824647718314e-06
2.459702429083385766e+00 4.729397917783044636e-06
2.457636076938761960e+00 4.950727242860669565e-06
2.455773901411216986e+00 5.151682404733379194e-06
2.454116677433218818e+00 5.331248097348714328e-06
2.452665094647955346e+00 5.488797226529608797e-06
2.451419757122343945e+00 5.623982945895114912e-06
2.450381183095653004e+00 5.736644838342749840e-06
2.449549804763838434e+00 5.826734487360606385e-06
2.448925968099691097e+00 5.894260577264173565e-06
2.448509932708859083e+00 5.939253023391436361e-06
2.448301871721816347e+00 5.961741094311234016e-06
