2.272727272727272929e+00 1.767868042313556936e-09 9.111693236930230130e-09 1.087956127924379968e-08
2.272724617600255570e+00 1.715023912020635543e-09 9.110700141778824802e-09 1.082572405379945993e-08
2.272703376753311133e+00 1.333817414865822841e-09 9.031704074398428559e-09 1.036552148926425078e-08
2.272660895961774230e+00 7.650514131045220950e-10 8.549404725872334462e-09 9.314456138976859349e-09
2.272597177030309723e+00 2.754511351138873176e-10 7.279020842710936780e-09 7.554471977824805744e-09
2.272512222665820758e+00 3.263660815204873085e-11 5.204394027199436125e-09 5.237030635351490646e-09
2.272406036477331526e+00 1.067242650246572402e-11 2.890341805793020375e-09 2.901014232295486706e-09
2.272278622975835383e+00 6.144130650132039801e-11 1.119039477598350838e-09 1.180480784099670693e-09
2.272129987574103005e+00 7.339849791078360661e-11 2.479796283709874267e-10 3.213781262817716796e-10
2.271960136586450130e+00 4.277255035592219166e-11 2.963261521229392931e-11 7.240516556821617912e-11
2.271769077228473765e+00 1.270925404016290775e-11 3.236206640042815240e-11 4.507132044059108277e-11
2.271556817616741775e+00 1.304803415470488383e-12 3.701844456077205054e-11 3.832324797624251731e-11
2.271323366768450480e+00 1.731720044205740423e-14 2.644107406152190140e-11 2.645839126196401587e-11
2.271068734601039196e+00 1.774583096955451007e-13 2.062993445738432218e-11 2.080739276707985736e-11
2.270792931931771896e+00 8.143963909087911126e-14 1.982278261152263195e-11 1.990422225061350939e-11
2.270495970477274916e+00 1.299948016793232964e-14 1.989985583149550402e-11 1.991285531166346246e-11
2.270177862853040907e+00 1.630156654318396625e-15 1.993266900232246664e-11 1.993429915897680100e-11
2.269838622572891929e+00 1.152117982509085944e-15 1.994686449642455609e-11 1.994801661440705169e-11
2.269478264048407468e+00 1.859402084317150779e-15 1.994891863984423895e-11 1.995077804192854730e-11
2.269096802588308037e+00 2.296129077977530902e-15 1.994746174129404331e-11 1.994975787037200484e-11
2.268694254397809473e+00 2.343752125286036117e-15 1.994801230701474287e-11 1.995035605914001938e-11
2.268270636577931487e+00 2.316477205185247649e-15 1.994989921906158193e-11 1.995221569626676175e-11
2.267825967124771580e+00 2.319877075096126522e-15 1.995199084692488516e-11 1.995431072399994433e-11
2.267360264928742986e+00 2.338915733745861172e-15 1.995405698860612564e-11 1.995639590433984037e-11
2.266873549773767316e+00 2.359012380311633597e-15 1.995617470295483461e-11 1.995853371533516751e-11
2.266365842336439229e+00 2.379212701066279391e-15 1.995838149834233740e-11 1.996076071104336954e-11
2.265837164185145802e+00 2.400674395973272146e-15 1.996067526681182093e-11 1.996307594120775982e-11
2.265287537779149041e+00 2.423630765007177610e-15 1.996305243239959428e-11 1.996547606316460611e-11
2.264716986467633753e+00 2.448087441366430125e-15 1.996551252359119838e-11 1.996796061103250406e-11
2.264125534488714564e+00 2.474102863980960120e-15 1.996805538290505431e-11 1.997052948576902504e-11
2.263513206968407410e+00 2.501752092042653250e-15 1.997068070012421470e-11 1.997318245221619793e-11
2.262880029919560165e+00 2.531110195309397349e-15 1.997338817342150203e-11 1.997591928361680098e-11
2.262226030240749530e+00 2.562254370761375980e-15 1.997617752699449199e-11 1.997873978136524410e-11
2.261551235715137498e+00 2.595264607815895257e-15 1.997904849609308230e-11 1.998164376070094055e-11
2.260855675009290078e+00 2.630223576570672271e-15 1.998200082053855204e-11 1.998463104411516049e-11
2.260139377671961380e+00 2.667216623669243517e-15 1.998503423888957956e-11 1.998770145551331688e-11
2.259402374132837732e+00 2.706331787596755775e-15 1.998814848232250826e-11 1.999085481411005267e-11
2.258644695701243599e+00 2.747659807586356798e-15 1.999134326901983737e-11 1.999409092882736046e-11
2.257866374564812872e+00 2.791294133064283731e-15 1.999461829925478510e-11 1.999740959338782462e-11
2.257067443788121963e+00 2.837330934214248910e-15 1.999797325072911782e-11 2.000081058166331364e-11
2.256247937311283813e+00 2.885869112972895544e-15 2.000140777435930461e-11 2.000429364347224347e-11
2.255407889948506828e+00 2.937010313313014165e-15 2.000492149088523827e-11 2.000785850119851228e-11
2.254547337386614281e+00 2.990858932142457122e-15 2.000851398828217138e-11 2.001150484721430296e-11
2.253666316183531748e+00 3.047522131261018098e-15 2.001218481959787488e-11 2.001523234172916794e-11
2.252764863766730574e+00 3.107109849559940001e-15 2.001593350127111883e-11 2.001904061112072060e-11
2.251843018431640253e+00 3.169734814896179058e-15 2.001975951226336539e-11 2.002292924707825768e-11
2.250900819340019510e+00 3.235512556334498170e-15 2.002366229385903379e-11 2.002689780641545467e-11
2.249938306518294517e+00 3.304561417296474617e-15 2.002764124976825169e-11 2.003094581118552155e-11
2.248955520855858037e+00 3.377002568732620586e-15 2.003169574654317903e-11 2.003507274911192482e-11
2.247952504103330362e+00 3.452960022415002605e-15 2.003582511454861403e-11 2.003927807457103608e-11
2.246929298870789626e+00 3.532560644630610594e-15 2.004002864933759131e-11 2.004356120998213791e-11
2.245885948625956807e+00 3.615934170576477074e-15 2.004430561307385467e-11 2.004792154724441758e-11
2.244822497692354091e+00 3.703213218722075991e-15 2.004865523603767796e-11 2.005235844925637181e-11
2.243738991247417935e+00 3.794533305407925445e-15 2.005307671837044399e-11 2.005687125167585323e-11
2.242635475320581939e+00 3.890032859976047129e-15 2.005756923195707169e-11 2.006145926481707022e-11
2.241511996791321071e+00 3.989853240498480561e-15 2.006213192211269877e-11 2.006612177535318627e-11
2.240368603387159041e+00 4.094138749517620363e-15 2.006676390918051355e-11 2.007085804793008477e-11
2.239205343681643257e+00 4.203036650021856544e-15 2.007146429016211180e-11 2.007566732681210624e-11
2.238022267092278472e+00 4.316697181938921329e-15 2.007623214030239420e-11 2.008054883748431006e-11
2.236819423878428914e+00 4.435273579080656898e-15 2.008106651437945753e-11 2.008550178795849900e-11
2.235596865139183542e+00 4.558922086253753945e-15 2.008596644779990138e-11 2.009052536988613254e-11
2.234354642811183567e+00 4.687801976689998617e-15 2.009093095763817734e-11 2.009561875961484011e-11
2.233092809666418876e+00 4.822075570081916562e-15 2.009595904356649513e-11 2.010078111913652836e-11
2.231811419309982725e+00 4.961908251031287051e-15 2.010104968851078329e-11 2.010601159676178216e-11
2.230510526177797992e+00 5.107468487636186599e-15 2.010620185911740963e-11 2.011130932760508364e-11
2.229190185534300817e+00 5.258927850370648698e-15 2.011141450618197106e-11 2.011667343403238467e-11
2.227850453470096248e+00 5.416461031575251367e-15 2.011668656497812045e-11 2.012210302600972801e-11
2.226491386899574820e+00 5.580245865432394246e-15 2.012201695538273261e-11 2.012759720124817191e-11
2.225113043558493153e+00 5.750463348128689555e-15 2.012740458186995901e-11 2.013315504521808158e-11
2.223715482001520805e+00 5.927297658363232268e-15 2.013284833350621290e-11 2.013877563116462273e-11
2.222298761599756478e+00 6.110936178427949068e-15 2.013834708390523345e-11 2.014445802008360845e-11
2.220862942538201601e+00 6.301569515753345252e-15 2.014389969105245845e-11 2.015020126056821887e-11
2.219408085813206366e+00 6.499391524658175338e-15 2.014950499706680602e-11 2.015600438859141055e-11
2.217934253229876695e+00 6.704599328526116193e-15 2.015516182799507495e-11 2.016186642732362340e-11
2.216441507399449673e+00 6.917393342607812009e-15 2.016086899361504347e-11 2.016778638695760254e-11
2.214929911736633894e+00 7.137977297250999379e-15 2.016662528716158839e-11 2.017376326445879007e-11
2.213399530456913844e+00 7.366558261339014723e-15 2.017242948504898833e-11 2.017979604331033375e-11
2.211850428573824967e+00 7.603346666167734817e-15 2.017828034664351688e-11 2.018588369330970719e-11
2.210282671896187878e+00 7.848556329974678106e-15 2.018417661405357463e-11 2.019202517038349570e-11
2.208696327025315487e+00 8.102404482938848508e-15 2.019011701186883968e-11 2.019821941635174673e-11
2.207091461352183259e+00 8.365111792451347037e-15 2.019610024691792311e-11 2.020446535871039237e-11
2.205468143054565289e+00 8.636902388830730595e-15 2.020212500808532295e-11 2.021076191047416571e-11
2.203826441094138389e+00 8.918003891678676529e-15 2.020818996613962915e-11 2.021710797003134670e-11
2.202166425213554213e+00 9.208647436711809947e-15 2.021429377353165914e-11 2.022350242096836753e-11
2.200488165933472295e+00 9.509067702916591661e-15 2.022043506421598072e-11 2.022994413191892647e-11
2.198791734549569554e+00 9.819502940171481575e-15 2.022661245352624044e-11 2.023643195646640967e-11
2.197077203129506273e+00 1.014019499751305870e-14 2.023282453804363862e-11 2.024296473304113654e-11
2.195344644509868992e+00 1.047138935191436432e-14 2.023906989543855982e-11 2.024954128479046984e-11
2.193594132293072985e+00 1.081333513741934646e-14 2.024534708434369759e-11 2.025616041948114045e-11
2.191825740844238091e+00 1.116628517481472530e-14 2.025165464427100676e-11 2.026282092944581348e-11
2.190039545288026357e+00 1.153049600197888109e-14 2.025799109550829298e-11 2.026952159151022528e-11
2.188235621505453921e+00 1.190622790472248483e-14 2.026435493898119957e-11 2.027626116688592784e-11
2.186414046130666478e+00 1.229374494798756530e-14 2.027074465615284402e-11 2.028303840110084760e-11
2.184574896547681444e+00 1.269331500761365341e-14 2.027715870895854825e-11 2.028985202396620153e-11
2.182718250887103473e+00 1.310520980282428282e-14 2.028359553971549823e-11 2.029670074951832943e-11
2.180844188022804886e+00 1.352970492923315584e-14 2.029005357099874119e-11 2.030358327592798848e-11
2.178952787568571914e+00 1.396707989229871048e-14 2.029653120555592462e-11 2.031049828544820531e-11
2.177044129874727396e+00 1.441761814140604646e-14 2.030302682625736175e-11 2.031744444439876956e-11
2.175118296024713960e+00 1.488160710465269509e-14 2.030953879600662487e-11 2.032442040311123931e-11
2.173175367831649218e+00 1.535933822415397384e-14 2.031606545761245845e-11 2.033142479583662000e-11
2.171215427834852996e+00 1.585110699186151715e-14 2.032260513370033535e-11 2.033845624069218248e-11
2.169238559296338131e+00 1.635721298602918744e-14 2.032915612666651606e-11 2.034551333965250623e-11
2.167244846197274644e+00 1.687795990836176570e-14 2.033571671859180215e-11 2.035259467850019102e-11
2.165234373234421916e+00 1.741365562175818147e-14 2.034228517111385640e-11 2.035969882673561991e-11
2.163207225816530688e+00 1.796461218867852649e-14 2.034885972533820018e-11 2.036682433752685018e-11
2.161163490060713954e+00 1.853114591021983160e-14 2.035543860179360378e-11 2.037396974770379401e-11
2.159103252788789895e+00 1.911357736589130134e-14 2.036202000034810178e-11 2.038113357771400307e-11
2.157026601523591935e+00 1.971223145400803440e-14 2.036860210007787197e-11 2.038831433153191780e-11
2.154933624485252608e+00 2.032743743271054431e-14 2.037518305917161522e-11 2.039551049660436066e-11
2.152824410587453663e+00 2.095952896169836329e-14 2.038176101488231405e-11 2.040272054384404155e-11
2.150699049433649535e+00 2.160884414472901479e-14 2.038833408344609784e-11 2.040994292759084180e-11
2.148557631313262384e+00 2.227572557280102300e-14 2.039490035995108300e-11 2.041717608552383261e-11
2.146400247197843836e+00 2.296052036804807112e-14 2.040145791823336149e-11 2.042441843860144332e-11
2.144226988737212292e+00 2.366358022845401347e-14 2.040800481082641352e-11 2.043166839105486018e-11
2.142037948255558710e+00 2.438526147336419228e-14 2.041453906888534302e-11 2.043892433035868400e-11
2.139833218747524857e+00 2.512592508966883553e-14 2.042105870206265512e-11 2.044618462715234482e-11
2.137612893874251796e+00 2.588593677874572389e-14 2.042756169839884210e-11 2.045344763517757219e-11
2.135377067959401742e+00 2.666566700428536284e-14 2.043404602426164061e-11 2.046071169126586467e-11
2.133125835985151930e+00 2.746549104088431577e-14 2.044050962427564696e-11 2.046797511531655019e-11
2.130859293588157399e+00 2.828578902337162251e-14 2.044695042120193324e-11 2.047523621022529627e-11
2.128577537055489799e+00 2.912694599708179411e-14 2.045336631581988657e-11 2.048249326181692427e-11
2.126280663320546882e+00 2.998935196911673623e-14 2.045975518685820731e-11 2.048974453882735678e-11
2.123968769958932690e+00 3.087340196039370308e-14 2.046611489093203044e-11 2.049698829289238608e-11
2.121641955184315531e+00 3.177949605848220372e-14 2.047244326242811225e-11 2.050422275848659846e-11
2.119300317844253101e+00 3.270803947140393396e-14 2.047873811338140271e-11 2.051144615285274076e-11
2.116943957415994504e+00 3.365944258239733690e-14 2.048499723340203706e-11 2.051865667598438838e-11
2.114572974002253858e+00 3.463412100555954085e-14 2.049121838961584993e-11 2.052585251062140544e-11
2.112187468326957251e+00 3.563249564240765464e-14 2.049739932655502917e-11 2.053303182219749961e-11
2.109787541730964833e+00 3.665499273949057962e-14 2.050353776603256853e-11 2.054019275877203786e-11
2.107373296167765364e+00 3.770204394708190812e-14 2.050963140705852535e-11 2.054733345100563819e-11
2.104944834199143688e+00 3.877408637884146741e-14 2.051567792577460546e-11 2.055445201215346492e-11
2.102502258990826434e+00 3.987156267241197938e-14 2.052167497535388041e-11 2.056154653802629305e-11
2.100045674308096189e+00 4.099492105113584587e-14 2.052762018588462030e-11 2.056861510693576570e-11
2.097575184511385693e+00 4.214461538697029580e-14 2.053351116427830229e-11 2.057565577966528127e-11
2.095090894551844496e+00 4.332110526437704055e-14 2.053934549420028246e-11 2.058266659946467161e-11
2.092592909966877635e+00 4.452485604519541170e-14 2.054512073598357198e-11 2.058964559202876003e-11
2.090081336875665663e+00 4.575633893477972097e-14 2.055083442651223047e-11 2.059659076544695818e-11
2.087556281974654482e+00 4.701603104946187488e-14 2.055648407911342217e-11 2.060350011016289253e-11
2.085017852533022520e+00 4.830441548512406823e-14 2.056206718348948371e-11 2.061037159897454006e-11
2.082466156388124823e+00 4.962198138693287006e-14 2.056758120564300612e-11 2.061720318702994054e-11
2.079901301940912717e+00 5.096922402031914197e-14 2.057302358775456076e-11 2.062399281177483206e-11
2.077323398151325051e+00 5.234664484322086589e-14 2.057839174807482328e-11 2.063073839291803551e-11
2.074732554533663453e+00 5.375475157962035376e-14 2.058368308086915901e-11 2.063743783244879950e-11
2.072128881151937829e+00 5.519405829441213936e-14 2.058889495633208734e-11 2.064408901462645413e-11
2.069512488615191437e+00 5.666508546958545948e-14 2.059402472045900081e-11 2.065068980592857007e-11
2.066883488072801089e+00 5.816836008197836059e-14 2.059906969495920135e-11 2.065723805504118421e-11
2.064241991209756044e+00 5.970441568253182773e-14 2.060402717719137046e-11 2.066373159287392481e-11
2.061588110241913796e+00 6.127379247659605811e-14 2.060889444005496622e-11 2.067016823253160625e-11
2.058921957911231448e+00 6.287703740556427409e-14 2.061366873188770135e-11 2.067654576929330394e-11
2.056243647480977987e+00 6.451470423050956759e-14 2.061834727640204421e-11 2.068286198063252009e-11
2.053553292730921243e+00 6.618735361746712532e-14 2.062292727258664533e-11 2.068911462620409419e-11
2.050851007952494864e+00 6.789555322378224924e-14 2.062740589459702033e-11 2.069530144782077703e-11
2.048136907943943541e+00 6.963987778621357366e-14 2.063178029169332398e-11 2.070142016947953569e-11
2.045411108005445122e+00 7.142090921103000514e-14 2.063604758815086929e-11 2.070746849736187663e-11
2.042673723934213204e+00 7.323923666549959180e-14 2.064020488313190156e-11 2.071344411979739806e-11
2.039924872019577506e+00 7.509545667087477959e-14 2.064424925062276823e-11 2.071934470729368477e-11
2.037164669038043829e+00 7.699017319763988188e-14 2.064817773937796139e-11 2.072516791257556690e-11
2.034393232248332684e+00 7.892399776251980414e-14 2.065198737278430831e-11 2.073091137054680466e-11
2.031610679386399276e+00 8.089754952706329701e-14 2.065567514877002677e-11 2.073657269829713552e-11
2.028817128660429070e+00 8.291145539820242593e-14 2.065923803977753479e-11 2.074214949517575437e-11
2.026012698745820018e+00 8.496635013071238775e-14 2.066267299264227183e-11 2.074763934277295395e-11
2.023197508780137710e+00 8.706287643146596690e-14 2.066597692846103819e-11 2.075303980489247896e-11
2.020371678358054979e+00 8.920168506640027213e-14 2.066914674257283734e-11 2.075834842763924919e-11
2.017535327526273292e+00 9.138343496951426626e-14 2.067217930448498547e-11 2.076356273945450500e-11
2.014688576778419726e+00 9.360879335303454210e-14 2.067507145771172397e-11 2.076868025106479355e-11
2.011831547049930613e+00 9.587843582023313520e-14 2.067782001972881179e-11 2.077369845554902859e-11
2.008964359712912540e+00 9.819304648139383815e-14 2.068042178194805730e-11 2.077861482842945125e-11
2.006087136570987361e+00 1.005533180710521151e-13 2.068287350955431523e-11 2.078342682762536606e-11
2.003199999854116342e+00 1.029599520672535916e-13 2.068517194141248706e-11 2.078813189347974648e-11
2.000303072213409639e+00 1.054136588147637273e-13 2.068731379008503392e-11 2.079272744889979742e-11
1.997396476715913582e+00 1.079151576501031405e-13 2.068929574170206082e-11 2.079721089935211493e-11
1.994480336839384638e+00 1.104651770278352905e-13 2.069111445580380979e-11 2.080157963283167020e-11
1.991554776467041599e+00 1.130644546506837698e-13 2.069276656536288071e-11 2.080583102001361006e-11
1.988619919882304909e+00 1.157137376030094372e-13 2.069424867672975688e-11 2.080996241433272133e-11
1.985675891763515777e+00 1.184137824855254195e-13 2.069555736942807466e-11 2.081397115191358569e-11
1.982722817178639518e+00 1.211653555536866889e-13 2.069668919611687360e-11 2.081785455167054900e-11
1.979760821579953145e+00 1.239692328595571179e-13 2.069764068262655621e-11 2.082160991548604984e-11
1.976790030798714737e+00 1.268262003951149348e-13 2.069840832779292192e-11 2.082523452818803678e-11
1.973810571039819273e+00 1.297370542389667419e-13 2.069898860331745756e-11 2.082872565755640492e-11
1.970822568876436476e+00 1.327026007080498592e-13 2.069937795380548462e-11 2.083208055451355114e-11
1.967826151244633337e+00 1.357236565106510951e-13 2.069957279669317023e-11 2.083529645320386424e-11
1.964821445437982650e+00 1.388010489024243239e-13 2.069956952207131832e-11 2.083837057097373363e-11
1.961808579102154448e+00 1.419356158479405661e-13 2.069936449266835425e-11 2.084130010851631243e-11
1.958787680229493899e+00 1.451282061846637964e-13 2.069895404384204654e-11 2.084408225002671400e-11
1.955758877153583652e+00 1.483796797888394061e-13 2.069833448341863964e-11 2.084671416320742412e-11
1.952722298543791979e+00 1.516909077476640416e-13 2.069750209161522496e-11 2.084919299936284521e-11
1.949678073399806921e+00 1.550627725350440667e-13 2.069645312106959368e-11 2.085151589360459539e-11
1.946626331046156011e+00 1.584961681889843545e-13 2.069518379672092241e-11 2.085367996490985383e-11
1.943567201126711996e+00 1.619920004948873757e-13 2.069369031565366226e-11 2.085568231614850907e-11
1.940500813599186136e+00 1.655511871740445322e-13 2.069196884712526229e-11 2.085752003429930842e-11
1.937427298729606173e+00 1.691746580737457285e-13 2.069001553255845672e-11 2.085919019063223511e-11
1.934346787086783426e+00 1.728633553627565039e-13 2.068782648535296821e-11 2.086068984071571709e-11
1.931259409536765226e+00 1.766182337331629506e-13 2.068539779080253134e-11 2.086201602453565696e-11
1.928165297237276476e+00 1.804402606045467634e-13 2.068272550615885695e-11 2.086316576676339977e-11
1.925064581632146332e+00 1.843304163329019111e-13 2.067980566053863888e-11 2.086413607687155122e-11
1.921957394445725775e+00 1.882896944269396912e-13 2.067663425475058605e-11 2.086492394917751123e-11
1.918843867677290760e+00 1.923191017681198072e-13 2.067320726129762286e-11 2.086552636306573032e-11
1.915724133595434031e+00 1.964196588347683777e-13 2.066952062437758064e-11 2.086594028321240866e-11
1.912598324732448507e+00 2.005923999335068296e-13 2.066557025973830860e-11 2.086616265967180399e-11
1.909466573878694007e+00 2.048383734358313597e-13 2.066135205461632029e-11 2.086619042805213350e-11
1.906329014076958650e+00 2.091586420192978793e-13 2.065686186775430977e-11 2.086602050977366387e-11
1.903185778616804935e+00 2.135542829160919340e-13 2.065209552928108443e-11 2.086564981219720216e-11
1.900037001028908712e+00 2.180263881676340026e-13 2.064704884060583449e-11 2.086507522877352147e-11
1.896882815079385720e+00 2.225760648843774948e-13 2.064171757445436092e-11 2.086429363933873549e-11
1.893723354764109690e+00 2.272044355132493352e-13 2.063609747480728574e-11 2.086330191032050880e-11
1.890558754303019340e+00 2.319126381121939542e-13 2.063018425673768546e-11 2.086209689484983614e-11
1.887389148134416716e+00 2.367018266304390593e-13 2.062397360639805652e-11 2.086067543302849639e-11
1.884214670909255762e+00 2.415731711967266025e-13 2.061746118105835921e-11 2.085903435225509742e-11
1.881035457485422002e+00 2.465278584154737578e-13 2.061064260898452542e-11 2.085717046740001513e-11
1.877851642922004682e+00 2.515670916696284869e-13 2.060351348930237457e-11 2.085508058097192490e-11
1.874663362473557360e+00 2.566920914318944271e-13 2.059606939199461829e-11 2.085276148342653064e-11
1.871470751584353387e+00 2.619040955849868607e-13 2.058830585790671208e-11 2.085020995349168551e-11
1.868273945882631848e+00 2.672043597494468562e-13 2.058021839864939017e-11 2.084742275839878927e-11
1.865073081174834613e+00 2.725941576203259404e-13 2.057180249648870219e-11 2.084439665410901243e-11
1.861868293439838506e+00 2.780747813137558434e-13 2.056305360431934305e-11 2.084112838563311793e-11
1.858659718823178375e+00 2.836475417223881686e-13 2.055396714565066847e-11 2.083761468737306411e-11
1.855447493631262601e+00 2.893137688804061148e-13 2.054453851452088460e-11 2.083385228340125891e-11
1.852231754325583069e+00 2.950748123393161524e-13 2.053476307541021675e-11 2.082983788774952705e-11
1.849012637516918245e+00 3.009320415538979055e-13 2.052463616319992837e-11 2.082556820475378907e-11
1.845790279959528934e+00 3.068868462787967148e-13 2.051415308310813700e-11 2.082103992938693366e-11
1.842564818545349148e+00 3.129406369767839701e-13 2.050330911063242540e-11 2.081624974760917069e-11
1.839336390298171642e+00 3.190948452383950139e-13 2.049209949152821853e-11 2.081119433676661915e-11
1.836105132367824799e+00 3.253509242135204711e-13 2.048051944170998070e-11 2.080587036592348799e-11
1.832871182024347956e+00 3.317103490559513557e-13 2.046856414712398485e-11 2.080027449617991065e-11
1.829634676652159397e+00 3.381746173806058306e-13 2.045622876375204132e-11 2.079440338113264906e-11
1.826395753744219252e+00 3.447452497340369515e-13 2.044350841761321038e-11 2.078825366734720053e-11
1.823154550896190162e+00 3.514237900794711529e-13 2.043039820460492218e-11 2.078182199468437900e-11
1.819911205800590182e+00 3.582118062961823438e-13 2.041689319036895729e-11 2.077510499666510490e-11
1.816665856240944787e+00 3.651108906934603588e-13 2.040298841030745396e-11 2.076809930100091553e-11
1.813418640085932676e+00 3.721226605405853347e-13 2.038867886957210956e-11 2.076080153011269454e-11
1.810169695283528890e+00 3.792487586130032446e-13 2.037395954292053222e-11 2.075320830153356701e-11
1.806919159855144841e+00 3.864908537550643306e-13 2.035882537456596217e-11 2.074531622832102287e-11
1.803667171889764997e+00 3.938506414606899597e-13 2.034327127813672052e-11 2.073712191959741149e-11
1.800413869538080469e+00 4.013298444723038934e-13 2.032729213667638048e-11 2.072862198114868806e-11
1.797159391006619256e+00 4.089302133981621672e-13 2.031088280253102201e-11 2.071981301592918109e-11
1.793903874551876942e+00 4.166535273496146705e-13 2.029403809716329712e-11 2.071069162451287120e-11
1.790647458474440734e+00 4.245015945991170746e-13 2.027675281106582797e-11 2.070125440566494701e-11
1.787390281113116597e+00 4.324762532591640595e-13 2.025902170375413701e-11 2.069149795701332399e-11
1.784132480839051071e+00 4.405793719832342079e-13 2.024083950367086532e-11 2.068141887565411154e-11
1.780874196049852864e+00 4.488128506900909381e-13 2.022220090799947924e-11 2.067101375868956478e-11
1.777615565163713995e+00 4.571786213122405029e-13 2.020310058251193667e-11 2.066027920382421353e-11
1.774356726613529611e+00 4.656786485693544962e-13 2.018353316151045807e-11 2.064921181007981135e-11
1.771097818841016469e+00 4.743149307674231584e-13 2.016349324777278712e-11 2.063780817854021169e-11
1.767838980290831863e+00 4.830895006249941525e-13 2.014297541236928046e-11 2.062606491299433924e-11
1.764580349404692994e+00 4.920044261282449251e-13 2.012197419442546157e-11 2.061397862055372547e-11
1.761322064615494787e+00 5.010618114155714916e-13 2.010048410102325345e-11 2.060154591243881172e-11
1.758064264341429261e+00 5.102637976923721401e-13 2.007849960716210122e-11 2.058876340485446488e-11
1.754807086980105124e+00 5.196125641781494423e-13 2.005601515555779910e-11 2.057562771973591986e-11
1.751550670902669138e+00 5.291103290877400273e-13 2.003302515635525524e-11 2.056213548544298770e-11
1.748295154447926603e+00 5.387593506473113868e-13 2.000952398696978614e-11 2.054828333761709217e-11
1.745040675916465611e+00 5.485619281464145463e-13 1.998550599200864106e-11 2.053406792015505854e-11
1.741787373564780861e+00 5.585204030284219758e-13 1.996096548307757431e-11 2.051948588610601961e-11
1.738535385599401017e+00 5.686371600213890052e-13 1.993589673846496883e-11 2.050453389848637934e-11
1.735284850171017190e+00 5.789146283107545035e-13 1.991029400288908728e-11 2.048920863119986703e-11
1.732035905368613182e+00 5.893552827551662237e-13 1.988415148736437580e-11 2.047350677011955101e-11
1.728788689213601071e+00 5.999616451477543298e-13 1.985746336899456214e-11 2.045742501414231940e-11
1.725543339653955677e+00 6.107362855258365918e-13 1.983022379061451884e-11 2.044096007614036401e-11
1.722299994558355696e+00 6.216818235310224264e-13 1.980242686046479023e-11 2.042410868399578620e-11
1.719058791710326606e+00 6.328009298211429542e-13 1.977406665197667738e-11 2.040686758179782447e-11
1.715819868802386683e+00 6.440963275368196068e-13 1.974513720351334344e-11 2.038923353105018920e-11
1.712583363430197902e+00 6.555707938261297538e-13 1.971563251798802783e-11 2.037120331181417778e-11
1.709349413086721059e+00 6.672271614298769395e-13 1.968554656245978107e-11 2.035277372388971405e-11
1.706118155156374439e+00 6.790683203298569020e-13 1.965487326779201045e-11 2.033394158812187038e-11
1.702889726909196710e+00 6.910972194632924871e-13 1.962360652832180168e-11 2.031470374778506074e-11
1.699664265495017146e+00 7.033168685074439124e-13 1.959174020143910039e-11 2.029505706994657036e-11
1.696441907937627835e+00 7.157303397379616977e-13 1.955926810709351868e-11 2.027499844683146513e-11
1.693222791128962790e+00 7.283407699637995438e-13 1.952618402733283937e-11 2.025452479729660488e-11
1.690007051823283257e+00 7.411513625423138490e-13 1.949248170586194136e-11 2.023363306840427692e-11
1.686794826631367261e+00 7.541653894800032789e-13 1.945815484753701098e-11 2.021232023701698406e-11
1.683586252014707352e+00 7.673861936236054985e-13 1.942319711778835410e-11 2.019058331141200110e-11
1.680381464279711468e+00 7.808171909448779655e-13 1.938760214201752365e-11 2.016841933296239637e-11
1.677180599571914232e+00 7.944618729240286955e-13 1.935136350499928096e-11 2.014582537792329925e-11
1.673983793870192471e+00 8.083238090384838132e-13 1.931447475027094579e-11 2.012279855930939658e-11
1.670791182980988498e+00 8.224066493623622019e-13 1.927692937943633035e-11 2.009933602879873082e-11
1.667602902532541176e+00 8.367141272811621148e-13 1.923872085139447417e-11 2.007543497867565688e-11
1.664419087969123856e+00 8.512500623286913884e-13 1.919984258157283791e-11 2.005109264390156595e-11
1.661239874545290318e+00 8.660183631548748553e-13 1.916028794115798024e-11 2.002630630431287246e-11
1.658065397320129364e+00 8.810230306311202164e-13 1.912005025624476050e-11 2.000107328687590515e-11
1.654895791151526296e+00 8.962681610985591692e-13 1.907912280688947867e-11 1.997539096798811387e-11
1.651731190690436168e+00 9.117579497685115795e-13 1.903749882611304194e-11 1.994925677588158179e-11
1.648571730375160138e+00 9.274966942868672240e-13 1.899517149889731350e-11 1.992266819318416720e-11
1.645417544425637368e+00 9.434887984705753243e-13 1.895213396113879050e-11 1.989562275960935593e-11
1.642268766837740923e+00 9.597387762233031985e-13 1.890837929849056729e-11 1.986811807471384888e-11
1.639125531377587208e+00 9.762512556432235635e-13 1.886390054512044333e-11 1.984015180076366851e-11
1.635987971575851851e+00 9.930309833376916045e-13 1.881869068243064467e-11 1.981172166576837041e-11
1.632856220722097351e+00 1.010082828955066243e-12 1.877274263770910923e-11 1.978282546666415709e-11
1.629730411859111827e+00 1.027411789943880465e-12 1.872604928268552021e-11 1.975346107262943116e-11
1.626610677777255543e+00 1.045022996556750072e-12 1.867860343198426836e-11 1.972362642854101439e-11
1.623497151008820083e+00 1.062921717118428309e-12 1.863039784148091840e-11 1.969331955859936044e-11
1.620389963822399526e+00 1.081113363571518726e-12 1.858142520660329960e-11 1.966253857017483489e-11
1.617289248217269382e+00 1.099603497314276505e-12 1.853167816055773327e-11 1.963128165787200897e-11
1.614195135917780632e+00 1.118397835354093889e-12 1.848114927239623804e-11 1.959954710775032930e-11
1.611107758367762433e+00 1.137502256801678820e-12 1.842983104490975895e-11 1.956733330171140627e-11
1.608027246724939907e+00 1.156922809724271549e-12 1.837771591241758227e-11 1.953463872214183342e-11
1.604953731855359722e+00 1.176665718379995635e-12 1.832479623850145186e-11 1.950146195688140549e-11
1.601887344327833862e+00 1.196737390866323498e-12 1.827106431362010632e-11 1.946780170448640396e-11
1.598828214408389847e+00 1.217144427214786118e-12 1.821651235249878423e-11 1.943365677971355904e-11
1.595776472054739159e+00 1.237893627957154495e-12 1.816113249131649018e-11 1.939902611927366265e-11
1.592732246910754101e+00 1.258992003195861586e-12 1.810491678478361412e-11 1.936390878797947207e-11
1.589695668300962428e+00 1.280446782225243540e-12 1.804785720307560191e-11 1.932830398530086100e-11
1.586666865225051959e+00 1.302265423748276661e-12 1.798994562852789381e-11 1.929221105227617854e-11
1.583645966352391410e+00 1.324455626726219200e-12 1.793117385207320908e-11 1.925562947879944868e-11
1.580633100016563208e+00 1.347025341909269999e-12 1.787153356947844938e-11 1.921855891138776744e-11
1.577628394209912521e+00 1.369982784112844206e-12 1.781101637740664695e-11 1.918099916151947743e-11
1.574631976578109605e+00 1.393336445303149301e-12 1.774961376922829325e-11 1.914295021453144194e-11
1.571643974414726586e+00 1.417095108550586680e-12 1.768731713050354661e-11 1.910441223905412238e-11
1.568664514655831344e+00 1.441267862923882157e-12 1.762411773413795241e-11 1.906538559706182588e-11
1.565693723874592935e+00 1.465864119417835588e-12 1.756000673522254211e-11 1.902587085464038678e-11
1.562731728275906118e+00 1.490893628008515658e-12 1.749497516556376862e-11 1.898586879357229316e-11
1.559778653691030303e+00 1.516366495928309790e-12 1.742901392788650502e-11 1.894538042381482592e-11
1.556834625572240949e+00 1.542293207272338406e-12 1.736211378960499329e-11 1.890440699687734967e-11
1.553899768987504260e+00 1.568684644072231874e-12 1.729426537610891006e-11 1.886295002018113265e-11
1.550974208615161443e+00 1.595552108981256483e-12 1.722545916362345053e-11 1.882101127260471024e-11
1.548058068738632276e+00 1.622907349720237544e-12 1.715568547161801410e-11 1.877859282133825548e-11
1.545151473241136220e+00 1.650762585458913668e-12 1.708493445462071262e-11 1.873569704007963638e-11
1.542254545600429738e+00 1.679130535337414889e-12 1.701319609335848085e-11 1.869232662869589816e-11
1.539367408883558719e+00 1.708024449349102936e-12 1.694046018527188360e-11 1.864848463462097160e-11
1.536490185741633541e+00 1.737458141824542738e-12 1.686671633440985089e-11 1.860417447623438858e-11
1.533622998404615245e+00 1.767446027793200747e-12 1.679195394056593041e-11 1.855939996835913418e-11
1.530765968676126132e+00 1.798003162537380466e-12 1.671616218753051014e-11 1.851416535006789808e-11
1.527919217928272566e+00 1.829145284682354487e-12 1.663933003039546685e-11 1.846847531507781326e-11
1.525082867096490880e+00 1.860888863200749923e-12 1.656144618183789913e-11 1.842233504503866278e-11
1.522257036674408370e+00 1.893251148759491708e-12 1.648249909731349103e-11 1.837575024607295325e-11
1.519441846708726063e+00 1.926250229888063407e-12 1.640247695905211498e-11 1.832872718894019615e-11
1.516637416794116788e+00 1.959905094489825484e-12 1.632136765872152521e-11 1.828127275321136079e-11
1.513843866068146804e+00 1.994235697269922028e-12 1.623915877865724675e-11 1.823339447592719220e-11
1.511061313206213175e+00 2.029263033717904375e-12 1.615583757149383762e-11 1.818510060521175775e-11
1.508289876416502029e+00 2.065009221340956725e-12 1.607139093798101318e-11 1.813640015932196950e-11
1.505529673434968352e+00 2.101497588893748545e-12 1.598580540283933611e-11 1.808730299173308870e-11
1.502780821520332655e+00 2.138752774408746339e-12 1.589906708849593309e-11 1.803781986290466045e-11
1.500043437449100958e+00 2.176800832891501605e-12 1.581116168646548343e-11 1.798796251935698988e-11
1.497317637510602317e+00 2.215669354590942082e-12 1.572207442614080445e-11 1.793774378073174976e-11
1.494603537502051216e+00 2.255387594783355956e-12 1.563179004077018262e-11 1.788717763555354261e-11
1.491901252723624838e+00 2.295986616031760572e-12 1.554029273033550455e-11 1.783627934636727401e-11
1.489210897973568093e+00 2.337499443886013421e-12 1.544756612098353282e-11 1.778506556486954462e-11
1.486532587543314410e+00 2.379961236953399007e-12 1.535359322071315228e-11 1.773355445766654079e-11
1.483866435212632062e+00 2.423409472195256089e-12 1.525835637102397176e-11 1.768176584321921007e-11
1.481212554244789814e+00 2.467884146190384706e-12 1.516183719416240865e-11 1.762972134035278043e-11
1.478571057381744769e+00 2.513427992926074773e-12 1.506401653561179535e-11 1.757744452853788345e-11
1.475942056839354422e+00 2.560086718412892572e-12 1.496487440146185952e-11 1.752496111987471937e-11
1.473325664302608029e+00 2.607909252060270135e-12 1.486438989027472947e-11 1.747229914233498870e-11
1.470721990920882849e+00 2.656948014283244251e-12 1.476254111909934109e-11 1.741948913338259463e-11
1.468131147303221029e+00 2.707259199202842106e-12 1.465930514328635546e-11 1.736656434248918989e-11
1.465553243513633586e+00 2.758903070527838371e-12 1.455465786983324783e-11 1.731356094036105994e-11
1.462988389066420813e+00 2.811944267751570859e-12 1.444857396404997931e-11 1.726051823180154896e-11
1.460436692921523560e+00 2.866452118636865664e-12 1.434102674934302036e-11 1.720747886797991268e-11
1.457898263479891598e+00 2.922500952563679358e-12 1.423198810006688323e-11 1.715448905263055572e-11
1.455373208578880195e+00 2.980170407661166334e-12 1.412142832756545077e-11 1.710159873522662034e-11
1.452861635487668002e+00 3.039545722734067418e-12 1.400931605968901660e-11 1.704886178242310421e-11
1.450363650902701362e+00 3.100718002813483395e-12 1.389561811429696772e-11 1.699633611711045152e-11
1.447879360943159943e+00 3.163784444717402686e-12 1.378029936749253845e-11 1.694408381220992296e-11
1.445408871146449892e+00 3.228848506327813609e-12 1.366332261770071178e-11 1.689217112402853266e-11
1.442952286463719869e+00 3.296020000427760949e-12 1.354464844710932441e-11 1.684066844753708900e-11
1.440509711255402170e+00 3.365415090957039815e-12 1.342423508245288777e-11 1.678965017340991668e-11
1.438081249286780716e+00 3.437156166539957456e-12 1.330203825767878138e-11 1.673919442421876468e-11
1.435667003723580804e+00 3.511371563246509000e-12 1.317801108157584002e-11 1.668938264482235669e-11
1.433267077127588607e+00 3.588195105925568495e-12 1.305210391414945986e-11 1.664029902007502553e-11
1.430881571452292000e+00 3.667765435284789340e-12 1.292426425631076459e-11 1.659202969159555716e-11
1.428510588038551132e+00 3.750225086411626059e-12 1.279443665820742078e-11 1.654466174461904118e-11
1.426154227610292757e+00 3.835719283876380362e-12 1.266256265241886436e-11 1.649828193629524876e-11
1.423812590270230327e+00 3.924394419183447416e-12 1.252858071907054958e-11 1.645297513825399215e-11
1.421485775495613169e+00 4.016396178394526227e-12 1.239242629078336481e-11 1.640882246917789993e-11
1.419173882133999198e+00 4.111867291490176272e-12 1.225403180627306541e-11 1.636589909776323441e-11
1.416877008399056059e+00 4.210944880679213085e-12 1.211332682212968270e-11 1.632427170280890063e-11
1.414595251866388459e+00 4.313757392568049679e-12 1.197023819299423123e-11 1.628399558556228333e-11
1.412328709469393928e+00 4.420421108961922031e-12 1.182469033080270265e-11 1.624511143976460853e-11
1.410077477495143894e+00 4.531036243100320816e-12 1.167660555400553540e-11 1.620764179710583763e-11
1.407841651580294284e+00 4.645682642220912778e-12 1.152590453772090184e-11 1.617158717994184208e-11
1.405621326707021224e+00 4.764415133280895440e-12 1.137250687531478321e-11 1.613692200859569480e-11
1.403416597198987148e+00 4.887258566104915205e-12 1.121633176117780464e-11 1.610359032728272307e-11
1.401227556717333567e+00 5.014202626691674908e-12 1.105729880329533556e-11 1.607150142998702258e-11
1.399054298256702245e+00 5.145196512267863892e-12 1.089532897241103777e-11 1.604052548467891216e-11
1.396896914141283697e+00 5.280143578209432302e-12 1.073034569245491622e-11 1.601048927066436226e-11
1.394755496020896324e+00 5.418896084348954437e-12 1.056227607410824908e-11 1.598117215845720674e-11
1.392630134867092417e+00 5.561250183559656958e-12 1.039105229008966778e-11 1.595230247364932635e-11
1.390520920969293250e+00 5.706941307942714922e-12 1.021661308709442602e-11 1.592355439503711833e-11
1.388427943930953701e+00 5.855640116577572635e-12 1.003890542508150220e-11 1.589454554165908695e-11
1.386351292665755963e+00 6.006949172807286665e-12 9.857886230081180626e-12 1.586483540288847941e-11
1.384291055393831904e+00 6.160400517702332921e-12 9.673524241962190054e-12 1.583392475966453994e-11
1.382247319638015171e+00 6.315454299159516009e-12 9.485801933795082006e-12 1.580125623295457944e-11
1.380220172220123942e+00 6.471498602738433561e-12 9.294717474590684090e-12 1.576621607732912896e-11
1.378209699257271215e+00 6.627850610733585919e-12 9.100286702638898716e-12 1.572813731337247736e-11
1.376215986158207727e+00 6.783759190303970722e-12 8.902545072727231856e-12 1.568630426303120662e-11
1.374239117619692863e+00 6.938408980219175169e-12 8.701549536704589455e-12 1.563995851692377513e-11
1.372279177622896640e+00 7.090926009672282347e-12 8.497380314126200801e-12 1.558830632379846053e-11
1.370336249429832121e+00 7.240384842639172432e-12 8.290142508191233042e-12 1.553052735083042405e-11
1.368410415579818462e+00 7.385817198653382805e-12 8.079967521150693348e-12 1.546578471980407938e-11
1.366501757885973944e+00 7.526221957051167572e-12 7.867014223992517071e-12 1.539323618104368141e-11
1.364610357431741194e+00 7.660576408261712746e-12 7.651469837128825134e-12 1.531204624539055565e-11
1.362736294567442163e+00 7.787848574169653812e-12 7.433550481727479953e-12 1.522139905589713700e-11
1.360879648906864414e+00 7.907010381565707807e-12 7.213501366011552032e-12 1.512051174757727034e-11
1.359040499323879381e+00 8.017051439754113694e-12 6.991596576626725656e-12 1.500864801638083854e-11
1.357218923949091716e+00 8.116993146874827161e-12 6.768138452159137078e-12 1.488513159903396666e-11
1.355415000166519501e+00 8.205902830591362103e-12 6.543456523998772269e-12 1.474935935459012306e-11
1.353628804610308212e+00 8.282907618485513374e-12 6.317906018653431116e-12 1.460081363713894368e-11
1.351860413161472874e+00 8.347207732523193365e-12 6.091865925310444400e-12 1.443907365783363696e-11
1.350109900944677088e+00 8.398088910715664378e-12 5.865736642312091389e-12 1.426382555302775334e-11
1.348377342325039585e+00 8.434933677599209075e-12 5.639937226242480525e-12 1.407487090384168556e-11
1.346662810904976748e+00 8.457231212900928743e-12 5.414902276896607994e-12 1.387213348979752866e-11
1.344966379521073563e+00 8.464585603599553850e-12 5.191078500385689190e-12 1.365566410398524708e-11
1.343288120240991868e+00 8.456722306540543409e-12 4.968921000709392161e-12 1.342564330724993557e-11
1.341628104360407248e+00 8.433492694079681138e-12 4.748889356526444533e-12 1.318238205060611517e-11
1.339986402399980570e+00 8.394876600762782024e-12 4.531443545284126153e-12 1.292632014604691141e-11
1.338363084102362599e+00 8.340982831849722591e-12 4.317039780489622729e-12 1.265802261233932351e-11
1.336758218429230372e+00 8.272047632603863758e-12 4.106126329714893840e-12 1.237817396231875921e-11
1.335171873558358202e+00 8.188431150480610045e-12 3.899139381739703575e-12 1.208757053222030716e-11
1.333604116880720891e+00 8.090611952712977027e-12 3.696499030524680437e-12 1.178711098323767120e-11
1.332055014997631792e+00 7.979179693373222825e-12 3.498605441770223749e-12 1.147778513514344496e-11
1.330524633717911964e+00 7.854826061730312593e-12 3.305835264671161366e-12 1.116066132640146023e-11
1.329013038055096185e+00 7.718334191657721854e-12 3.118538347798096115e-12 1.083687253945581474e-11
1.327520292224669163e+00 7.570566770936872148e-12 2.937034813176580839e-12 1.050760158411345299e-11
1.326046459641339492e+00 7.412453155852990454e-12 2.761612536170741187e-12 1.017406569202373002e-11
1.324591602916344257e+00 7.244975861489541657e-12 2.592525071981590121e-12 9.837500933471128547e-12
1.323155783854789380e+00 7.069156848285069545e-12 2.429990060733257589e-12 9.499146909018336423e-12
1.321739063453025054e+00 6.886044045816206012e-12 2.274188132676723744e-12 9.160232178492934602e-12
1.320341501896052927e+00 6.696698532694974358e-12 2.125262324225807720e-12 8.821960856920780462e-12
1.318963158554970816e+00 6.502182720504213619e-12 1.983318003400632931e-12 8.485500723904842915e-12
1.317604091984449388e+00 6.303549772756283904e-12 1.848423290588213985e-12 8.151973063344499908e-12
1.316264359920245264e+00 6.101834340278513957e-12 1.720609948466704460e-12 7.822444288745219831e-12
1.314944019276748088e+00 5.898044534536994994e-12 1.599874704331326315e-12 7.497919238868324338e-12
1.313643126144563134e+00 5.693154917718926679e-12 1.486180958718535938e-12 7.179335876437462214e-12
1.312361735788126982e+00 5.488100190162772867e-12 1.379460827848532484e-12 6.867561018011310602e-12
1.311099902643362070e+00 5.283769222989763470e-12 1.279617464396294291e-12 6.563386687386063214e-12
1.309857680315362316e+00 5.080999126592212979e-12 1.186527599734989408e-12 6.267526726327203397e-12
1.308635121576116944e+00 4.880569160168804292e-12 1.100044253226484073e-12 5.980613413395287153e-12
1.307432278362267386e+00 4.683194456130538548e-12 1.019999558621689225e-12 5.703194014752230600e-12
1.306249201772902602e+00 4.489519727588498837e-12 9.462076632369421222e-13 5.435727390825441767e-12
1.305085942067386595e+00 4.300113312857462623e-12 8.784676633731120128e-13 5.178580976230575847e-12
1.303942548663224787e+00 4.115462053931235928e-12 8.165665459200584025e-13 4.932028599851292412e-12
1.302819070133963919e+00 3.935967578808821847e-12 7.602821126918146976e-13 4.696249691500635736e-12
1.301715554207127701e+00 3.761944544097750305e-12 7.093858713518886475e-13 4.471330415449639154e-12
1.300632047762191545e+00 3.593621292485474628e-12 6.636458810808498949e-13 4.257267173566325633e-12
1.299568596828588829e+00 3.431143201895117321e-12 6.228295448516262776e-13 4.053972746746742185e-12
1.298525246583756232e+00 3.274578773604676429e-12 5.867063450113373843e-13 3.861285118616016742e-12
1.297502041351215274e+00 3.123928257284602211e-12 5.550505208395864032e-13 3.678978778124188311e-12
1.296499024598687821e+00 2.979134376369982902e-12 5.276436894137330054e-13 3.506778065783716211e-12
1.295516238936251119e+00 2.840094528283573872e-12 5.042774171694615874e-13 3.344371945453032734e-12
1.294553726114526349e+00 2.706673714031173453e-12 4.847557533871343827e-13 3.191429467418308845e-12
1.293611527022905827e+00 2.578717413363721016e-12 4.688977439859313193e-13 3.047615157349654759e-12
1.292689681687815284e+00 2.456063665117069031e-12 4.565399557214468018e-13 2.912603620838516540e-12
1.291788229271014332e+00 2.338553727533344524e-12 4.475390519305497193e-13 2.786092779463895405e-12
1.290907208067931800e+00 2.226040862075756681e-12 4.417744793144752750e-13 2.667815341390232814e-12
1.290046655506039475e+00 2.118396982630097956e-12 4.391513483762696240e-13 2.557548331006371266e-12
1.289206608143261823e+00 2.015517116527284139e-12 4.396036132958825298e-13 2.455120729823166719e-12
1.288387101666423451e+00 1.917321813489760366e-12 4.430976923904848725e-13 2.360419505880246703e-12
1.287588170889732764e+00 1.823757798913590190e-12 4.496367298209363103e-13 2.273394528734526248e-12
1.286809849753302260e+00 1.734797288843722885e-12 4.592657705993965214e-13 2.194063059443121527e-12
1.286052171321708126e+00 1.650436436197233092e-12 4.720780677720045706e-13 2.122514503969238067e-12
1.285315167782584478e+00 1.570693353978001190e-12 4.882225479851643001e-13 2.058915901963166096e-12
1.284598870445255780e+00 1.495606300830867595e-12 5.079134193198409659e-13 2.003519720150709167e-12
1.283903309739408360e+00 1.425233301270732652e-12 5.314468108287309488e-13 1.956680112099463803e-12
1.283228515213796328e+00 1.359654662829847188e-12 5.592299977388427571e-13 1.918884660568687825e-12
1.282574515534985693e+00 1.298975737556022046e-12 5.918064466810569923e-13 1.890782184237079645e-12
1.281941338486138671e+00 1.243318371063981081e-12 6.298160868106512847e-13 1.873134457874632467e-12
1.281329010965831294e+00 1.192792437768410014e-12 6.738565027351472320e-13 1.866648940503557145e-12
1.280737558986912328e+00 1.147482875074558859e-12 7.244477878982999282e-13 1.871930662972858585e-12
1.280167007675397040e+00 1.107562383867284821e-12 7.826570412483006121e-13 1.890219425115584424e-12
1.279617381269400056e+00 1.073640161853516498e-12 8.518274958942958828e-13 1.925467657747812381e-12
1.279088703118106407e+00 1.047246169701121607e-12 9.396391958001731682e-13 1.986885365501294371e-12
1.278580995680778543e+00 1.030972758534990894e-12 1.057832967114304707e-12 2.088805725649294592e-12
1.278094280525803095e+00 1.027610048291871560e-12 1.216395374162810121e-12 2.244005422454682085e-12
1.277628578329774056e+00 1.038054229749172891e-12 1.411955822350082466e-12 2.450010052099253539e-12
1.277183908876614371e+00 1.058827282917510780e-12 1.615990616028990200e-12 2.674817898946501990e-12
1.276760291056736385e+00 1.081007322491618339e-12 1.772859509735435066e-12 2.853866832227053203e-12
1.276357742866237821e+00 1.092274286401281802e-12 1.815671016983853938e-12 2.907945303385134124e-12
1.275976281406138391e+00 1.082316118065557074e-12 1.698550277355795869e-12 2.780866395421352539e-12
1.275615922881653708e+00 1.049805964916911929e-12 1.432257305914785721e-12 2.482063270831697044e-12
1.275276682601505174e+00 1.007925674715969942e-12 1.104276295234116608e-12 2.112201969950087155e-12
1.274958574977271164e+00 9.858545533709739366e-13 8.692569843932620414e-13 1.855111537764234362e-12
1.274661613522773962e+00 1.025464272184411893e-12 9.089929463449139786e-13 1.934457218529326175e-12
1.274385810853506662e+00 1.174460485200820897e-12 1.375628715678028247e-12 2.550089200878851567e-12
1.274131178686095378e+00 1.478228801885331183e-12 2.339836731542329370e-12 3.818065533427660149e-12
1.273897727837803862e+00 1.972347035793766390e-12 3.763739209333573441e-12 5.736086245127337004e-12
1.273685468226072093e+00 2.676690285439429018e-12 5.508112172820373115e-12 8.184802458259803345e-12
1.273494408868095729e+00 3.591184419328641089e-12 7.370098238707888936e-12 1.096128265803652881e-11
1.273324557880443075e+00 4.693097028235636282e-12 9.136976798807066494e-12 1.383007382704271005e-11
1.273175922478710032e+00 5.936162561426883694e-12 1.063735026702367614e-11 1.657351282845055337e-11
1.273048508977214111e+00 7.252248179275524201e-12 1.177425435876955431e-11 1.902650253804509144e-11
1.272942322788725100e+00 8.556173088358471756e-12 1.253305592619790776e-11 2.108922901455636821e-11
1.272857368424236135e+00 9.753628405611728376e-12 1.296654307843585336e-11 2.272017148404760113e-11
1.272793649492771850e+00 1.075126304982106940e-11 1.316631931693978611e-11 2.391758236676085228e-11
1.272727272727272929e+00 1.188901619636266025e-11 1.324200997769194341e-11 2.513102617405460043e-11
