9.999988219883733098e-01 1.289258582320940894e-12 1.306192362850078609e-12 2.595450945171019302e-12
9.999893979710521297e-01 9.229762678787720985e-11 1.054854576233058563e-10 1.977830844111830662e-10
9.999705503401036255e-01 5.522060051334412801e-10 7.985491636959341519e-10 1.350755168829375432e-09
9.999422799028971909e-01 1.421656517749838402e-09 2.899663054365186810e-09 4.321319572115025627e-09
9.999045878704446721e-01 2.198825060748145431e-09 7.056364156229237356e-09 9.255189216977382373e-09
9.998574758573470778e-01 2.268741457171446026e-09 1.298140569178520070e-08 1.525014714895664797e-08
9.998009458817260775e-01 1.591923234832013325e-09 1.916071118169575953e-08 2.075263441652777327e-08
9.997350003651379602e-01 7.303064350271321185e-10 2.367130025291407914e-08 2.440160668794120991e-08
9.996596421324690507e-01 1.953881503920294446e-10 2.553652248087317942e-08 2.573191063126521000e-08
9.995748744118151397e-01 2.791080722035022422e-11 2.525260448426916470e-08 2.528051529148951508e-08
9.994807008343434829e-01 1.421446028955732759e-11 2.408026342457551861e-08 2.409447788486507537e-08
9.993771254341364818e-01 1.645717190802237212e-11 2.304557155116763982e-08 2.306202872307566153e-08
9.992641526480197101e-01 1.374179018611459108e-11 2.252742899709435762e-08 2.254117078728047151e-08
9.991417873153711771e-01 1.241963813186545641e-11 2.242287173839332225e-08 2.243529137652518891e-08
9.990100346779146046e-01 1.244287659170093654e-11 2.248548341522773110e-08 2.249792629181943059e-08
9.988689003794943844e-01 1.255929240874331853e-11 2.255154958438142158e-08 2.256410887679016506e-08
9.987183904658342160e-01 1.262393435654590064e-11 2.258003626154075459e-08 2.259266019589730006e-08
9.985585113842777583e-01 1.268957675526606269e-11 2.258839282364669785e-08 2.260108240040196493e-08
9.983892699835128504e-01 1.276629418766400806e-11 2.259479049921634816e-08 2.260755679340401284e-08
9.982106735132777464e-01 1.285234447990204669e-11 2.260397438776184652e-08 2.261682673224174928e-08
9.980227296240508084e-01 1.294542769957937541e-11 2.261474507771029903e-08 2.262769050540987847e-08
9.978254463667228791e-01 1.304513345668035237e-11 2.262605699221088541e-08 2.263910212566756616e-08
9.976188321922518920e-01 1.315194259615054345e-11 2.263779102517601966e-08 2.265094296777217033e-08
9.974028959513014936e-01 1.326631513637224665e-11 2.265003445016307656e-08 2.266330076529944817e-08
9.971776468938615690e-01 1.338861995496821471e-11 2.266281209966096564e-08 2.267620071961593325e-08
9.969430946688518924e-01 1.351923040768463610e-11 2.267611990735591291e-08 2.268963913776359658e-08
9.966992493237094575e-01 1.365854504273583533e-11 2.268995599355776442e-08 2.270361453860049963e-08
9.964461213039570442e-01 1.380698126971466660e-11 2.270432080241311981e-08 2.271812778368283312e-08
9.961837214527566875e-01 1.396497350052772792e-11 2.271921480398070293e-08 2.273317977748123227e-08
9.959120610104443827e-01 1.413297368866934442e-11 2.273463841057983059e-08 2.274877138426850111e-08
9.956311516140496920e-01 1.431145162246572914e-11 2.275059209844810367e-08 2.276490355007056899e-08
9.953410052967959221e-01 1.450089508283323614e-11 2.276707640180205848e-08 2.278157729688489178e-08
9.950416344875858687e-01 1.470181002481809332e-11 2.278409190006704324e-08 2.279879371009186151e-08
9.947330520104684659e-01 1.491472077185536519e-11 2.280163921066952687e-08 2.281655393144138341e-08
9.944152710840898912e-01 1.514017021602837588e-11 2.281971898169439870e-08 2.283485915191042616e-08
9.940883053211275744e-01 1.537872002512407360e-11 2.283833188464129487e-08 2.285371060466641809e-08
9.937521687277065530e-01 1.563095085672975389e-11 2.285747860757688954e-08 2.287310955843361928e-08
9.934068757027996188e-01 1.589746257957887552e-11 2.287715984869393059e-08 2.289305731127351088e-08
9.930524410376109223e-01 1.617887450223599751e-11 2.289737631041053355e-08 2.291355518491276799e-08
9.926888799149415910e-01 1.647582560897324718e-11 2.291812869415817603e-08 2.293460451976714954e-08
9.923162079085403597e-01 1.678897480295668000e-11 2.293941769589091772e-08 2.295620667069387294e-08
9.919344409824355502e-01 1.711900115690982893e-11 2.296124400229265146e-08 2.297836300344956047e-08
9.915435954902516169e-01 1.746660417138680794e-11 2.298360828771857987e-08 2.300107489188996825e-08
9.911436881745085969e-01 1.783250404056091047e-11 2.300651121188945920e-08 2.302434371593001987e-08
9.907347361659050167e-01 1.821744192563558356e-11 2.302995341828464227e-08 2.304817086021027876e-08
9.903167569825837013e-01 1.862218023606996452e-11 2.305393553316162125e-08 2.307255771339769268e-08
9.898897685293817084e-01 1.904750291874048544e-11 2.307845816517448893e-08 2.309750566809323075e-08
9.894537890970633853e-01 1.949421575501413066e-11 2.310352190552935606e-08 2.312301612128437112e-08
9.890088373615364414e-01 1.996314666579016734e-11 2.312912732858425580e-08 2.314909047525004644e-08
9.885549323830522539e-01 2.045514602472909983e-11 2.315527499281040704e-08 2.317573013883513734e-08
9.880920936053896320e-01 2.097108697978295008e-11 2.318196544205373755e-08 2.320293652903352068e-08
9.876203408550211504e-01 2.151186578306720220e-11 2.320919920700648138e-08 2.323071107278954990e-08
9.871396943402646063e-01 2.207840212913231376e-11 2.323697680680512633e-08 2.325905520893425976e-08
9.866501746504169335e-01 2.267163950186461437e-11 2.326529875069940303e-08 2.328797039020126840e-08
9.861518027548723531e-01 2.329254553012625432e-11 2.329416553973948195e-08 2.331745808526960907e-08
9.856446000022243137e-01 2.394211235220848802e-11 2.332357766840686584e-08 2.334751978075907500e-08
9.851285881193505567e-01 2.462135698919438082e-11 2.335353562614759547e-08 2.337815698313679135e-08
9.846037892104826383e-01 2.533132172743335305e-11 2.338403989880059866e-08 2.340937122052803265e-08
9.840702257562592425e-01 2.607307451025940589e-11 2.341509096988071355e-08 2.344116404439097242e-08
9.835279206127629514e-01 2.684770933902814119e-11 2.344668932166089232e-08 2.347353703099992052e-08
9.829768970105411396e-01 2.765634668359573446e-11 2.347883543605852193e-08 2.350649178274211741e-08
9.824171785536108814e-01 2.850013390243672695e-11 2.351152979536640027e-08 2.354002992926883865e-08
9.818487892184480925e-01 2.938024567257285182e-11 2.354477288281115921e-08 2.357415312848373347e-08
9.812717533529600189e-01 3.029788442939347680e-11 2.357856518289889377e-08 2.360886306732828574e-08
9.806860956754428482e-01 3.125428081649469030e-11 2.361290718158118711e-08 2.364416146239768294e-08
9.800918412735221130e-01 3.225069414572476239e-11 2.364779936630195884e-08 2.368005006044768275e-08
9.794890156030785500e-01 3.328841286763330189e-11 2.368324222591575933e-08 2.371653063878339118e-08
9.788776444871576388e-01 3.436875505243957881e-11 2.371923625044494264e-08 2.375360500549738144e-08
9.782577541148629319e-01 3.549306888164456101e-11 2.375578193072432293e-08 2.379127499960596696e-08
9.776293710402350623e-01 3.666273315048967338e-11 2.379287975799443981e-08 2.382954249114492935e-08
9.769925221811133209e-01 3.787915778145335159e-11 2.383053022342393440e-08 2.386840938120538829e-08
9.763472348179834670e-01 3.914378434892022752e-11 2.386873381752621153e-08 2.390787760187513120e-08
9.756935365928083304e-01 4.045808661517082421e-11 2.390749102952837383e-08 2.394794911614354379e-08
9.750314555078443135e-01 4.182357107793004003e-11 2.394680234675279165e-08 2.398862591783072064e-08
9.743610199244412406e-01 4.324177752965721601e-11 2.398666825397562784e-08 2.402991003150528645e-08
9.736822585618283288e-01 4.471427962871871098e-11 2.402708923272199382e-08 2.407180351235071378e-08
9.729952004958832834e-01 4.624268548260434907e-11 2.406806576055266515e-08 2.411430844603527034e-08
9.722998751578869614e-01 4.782863824343363861e-11 2.410959831039087229e-08 2.415742694863430707e-08
9.715963123332624907e-01 4.947381671596915574e-11 2.415168734983889060e-08 2.420116116655485897e-08
9.708845421602996240e-01 5.117993597830616076e-11 2.419433334044614764e-08 2.424551327642445544e-08
9.701645951288637715e-01 5.294874801542413617e-11 2.423753673698838158e-08 2.429048548500380647e-08
9.694365020790896015e-01 5.478204236582421880e-11 2.428129798679781018e-08 2.433608002916363491e-08
9.687002942000598749e-01 5.668164678149006865e-11 2.432561752908383353e-08 2.438229917586532378e-08
9.679560030284699579e-01 5.864942790137846583e-11 2.437049579420864555e-08 2.442914522211002479e-08
9.672036604472764587e-01 6.068729193864439499e-11 2.441593320298077539e-08 2.447662049491941817e-08
9.664432986843316531e-01 6.279718538183874831e-11 2.446193016599081507e-08 2.452472735137265446e-08
9.656749503110024779e-01 6.498109571032167661e-11 2.450848708292398941e-08 2.457346817863431001e-08
9.648986482407764242e-01 6.724105212411353153e-11 2.455560434182888534e-08 2.462284539395299726e-08
9.641144257278499996e-01 6.957912628840861154e-11 2.460328231841012314e-08 2.467286144469853161e-08
9.633223163657059773e-01 7.199743309302516610e-11 2.465152137535134218e-08 2.472351880844436828e-08
9.625223540856726601e-01 7.449813142706224948e-11 2.470032186159433622e-08 2.477481999302139880e-08
9.617145731554721522e-01 7.708342496900135483e-11 2.474968411157245214e-08 2.482676753654145289e-08
9.608990081777504244e-01 7.975556299248157003e-11 2.479960844447448858e-08 2.487936400746697017e-08
9.600756940885972757e-01 8.251684118803202970e-11 2.485009516353308235e-08 2.493261200472111454e-08
9.592446661560476429e-01 8.536960250104026837e-11 2.490114455525929178e-08 2.498651415776033105e-08
9.584059599785725858e-01 8.831623798623719911e-11 2.495275688863896754e-08 2.504107312662520436e-08
9.575596114835530637e-01 9.135918767898319016e-11 2.500493241436165491e-08 2.509629160204063687e-08
9.567056569257419429e-01 9.450094148364233604e-11 2.505767136405457160e-08 2.515217230553821524e-08
9.558441328857101293e-01 9.774404007932650038e-11 2.511097394944697662e-08 2.520871798952630233e-08
9.549750762682802652e-01 1.010910758433182635e-10 2.516484036150537946e-08 2.526593143734869758e-08
9.540985243009452166e-01 1.045446937924903086e-10 2.521927076961392982e-08 2.532381546340642114e-08
9.532145145322741264e-01 1.081075925430015448e-10 2.527426532074988396e-08 2.538237291329288508e-08
9.523230848303030349e-01 1.117825252885754931e-10 2.532982413858183559e-08 2.544160666387041097e-08
9.514242733809137320e-01 1.155723007977169862e-10 2.538594732254817378e-08 2.550151962334589037e-08
9.505181186861968445e-01 1.194797844302101374e-10 2.544263494698469525e-08 2.556211473141490621e-08
9.496046595628040432e-01 1.235078991732037401e-10 2.549988706023220889e-08 2.562339495940541402e-08
9.486839351402835963e-01 1.276596266972276487e-10 2.555770368365757409e-08 2.568536331035480213e-08
9.477559848594054870e-01 1.319380084325262792e-10 2.561608481066545154e-08 2.574802281909797642e-08
9.468208484704712102e-01 1.363461466660541894e-10 2.567503040576474052e-08 2.581137655243079471e-08
9.458785660316113564e-01 1.408872056594515193e-10 2.573454040360298126e-08 2.587542760926243340e-08
9.449291779070694286e-01 1.455644127883577695e-10 2.579461470790817253e-08 2.594017912069653061e-08
9.439727247654728925e-01 1.503810597034711500e-10 2.585525319043271014e-08 2.600563425013618183e-08
9.430092475780910144e-01 1.553405035137705021e-10 2.591645568995733908e-08 2.607179619347111109e-08
9.420387876170797092e-01 1.604461679922821306e-10 2.597822201125282348e-08 2.613866817924510548e-08
9.410613864537140660e-01 1.657015448047690520e-10 2.604055192394492243e-08 2.620625346874969179e-08
9.400770859566065507e-01 1.711101947617651404e-10 2.610344516138747223e-08 2.627455535614923592e-08
9.390859282899144400e-01 1.766757490943876920e-10 2.616690141959256061e-08 2.634357716868694729e-08
9.380879559115335997e-01 1.824019107543128917e-10 2.623092035610788710e-08 2.641332226686219987e-08
9.370832115712790511e-01 1.882924557382771067e-10 2.629550158880056276e-08 2.648379404453883992e-08
9.360717383090542132e-01 1.943512344375993863e-10 2.636064469465509091e-08 2.655499592909268883e-08
9.350535794530074885e-01 2.005821730132375792e-10 2.642634920862256048e-08 2.662693138163579840e-08
9.340287786176751927e-01 2.069892747968383692e-10 2.649261462241397141e-08 2.669960389721080851e-08
9.329973797021146042e-01 2.135766217181801105e-10 2.655944038320525362e-08 2.677301700492343497e-08
9.319594268880222465e-01 2.203483757595146464e-10 2.662682589235994469e-08 2.684717426811945972e-08
9.309149646378425125e-01 2.273087804373211438e-10 2.669477050419376909e-08 2.692207928463109168e-08
9.298640376928615225e-01 2.344621623119477273e-10 2.676327352467778445e-08 2.699773568698973084e-08
9.288066910712919899e-01 2.418129325255624136e-10 2.683233421005788327e-08 2.707414714258344687e-08
9.277429700663439860e-01 2.493655883689439565e-10 2.690195176548949162e-08 2.715131735385843407e-08
9.266729202442853808e-01 2.571247148776987624e-10 2.697212534370606974e-08 2.722925005858376866e-08
9.255965874424887385e-01 2.650949864584542902e-10 2.704285404362883653e-08 2.730794903008729093e-08
9.245140177674691095e-01 2.732811685454937297e-10 2.711413690890613728e-08 2.738741807745163050e-08
9.234252575929082774e-01 2.816881192884360622e-10 2.718597292646756178e-08 2.746766104575599784e-08
9.223303535576686807e-01 2.903207912716359122e-10 2.725836102509214758e-08 2.754868181636378504e-08
9.212293525637946789e-01 2.991842332658302082e-10 2.733130007391892553e-08 2.763048430718475559e-08
9.201223017745047139e-01 3.082835920125229973e-10 2.740478888090323533e-08 2.771307247291575724e-08
9.190092486121699267e-01 3.176241140416732761e-10 2.747882619127463249e-08 2.779645030531630551e-08
9.178902407562832266e-01 3.272111475233629864e-10 2.755341068598952466e-08 2.788062183351288687e-08
9.167653261414170363e-01 3.370501441541116267e-10 2.762854098014410978e-08 2.796559112429822281e-08
9.156345529551692675e-01 3.471466610785168525e-10 2.770421562134822502e-08 2.805136228242674198e-08
9.144979696360997501e-01 3.575063628467919745e-10 2.778043308807893972e-08 2.813793945092573252e-08
9.133556248716547810e-01 3.681350234088815911e-10 2.785719178802362331e-08 2.822532681143250418e-08
9.122075675960825691e-01 3.790385281459326453e-10 2.793449005640261492e-08 2.831352858454854730e-08
9.110538469883353585e-01 3.902228759397636774e-10 2.801232615424161364e-08 2.840254903018137685e-08
9.098945124699642228e-01 4.016941812808463659e-10 2.809069826660675638e-08 2.849239244788760388e-08
9.087296137030014265e-01 4.134586764157338135e-10 2.816960450084596566e-08 2.858306317726170051e-08
9.075592005878330149e-01 4.255227135348889536e-10 2.824904288480713976e-08 2.867456559834202979e-08
9.063833232610614132e-01 4.378927670013417134e-10 2.832901136499135281e-08 2.876690413199269545e-08
9.052020320933575892e-01 4.505754356207427413e-10 2.840950780469265142e-08 2.886008324031339334e-08
9.040153776873036673e-01 4.635774449539569124e-10 2.849052998214466712e-08 2.895410742709862237e-08
9.028234108752248854e-01 4.769056496731652433e-10 2.857207558860671232e-08 2.904898123827987880e-08
9.016261827170122256e-01 4.905670359619625781e-10 2.865414222640460970e-08 2.914470926236657321e-08
9.004237444979352745e-01 5.045687239604017355e-10 2.873672740698271492e-08 2.924129613094311645e-08
8.992161477264453140e-01 5.189179702559881602e-10 2.881982854891002089e-08 2.933874651916600885e-08
8.980034441319690863e-01 5.336221704212898201e-10 2.890344297582889881e-08 2.943706514625018935e-08
8.967856856626921225e-01 5.486888615989217018e-10 2.898756791442327452e-08 2.953625677602219766e-08
8.955629244833342995e-01 5.641257251351269603e-10 2.907220049235161997e-08 2.963632621748674662e-08
8.943352129729148503e-01 5.799405892628529379e-10 2.915733773609427525e-08 2.973727832535712695e-08
8.931026037225087144e-01 5.961414318353434130e-10 2.924297656882726685e-08 2.983911800066260933e-08
8.918651495329940060e-01 6.127363831113790759e-10 2.932911380829299584e-08 2.994185019140437543e-08
8.906229034127892685e-01 6.297337285928620970e-10 2.941574616453828273e-08 3.004547989313114628e-08
8.893759185755839569e-01 6.471419119154602990e-10 2.950287023765772945e-08 3.015001214957318644e-08
8.881242484380582614e-01 6.649695377939942457e-10 2.959048251561422079e-08 3.025545205340821369e-08
8.868679466175948267e-01 6.832253750237467024e-10 2.967857937191390174e-08 3.036180474693764896e-08
8.856070669299824782e-01 7.019183595380992711e-10 2.976715706319468128e-08 3.046907542273278334e-08
8.843416633871103993e-01 7.210575975238505010e-10 2.985621172695608483e-08 3.057726932447993833e-08
8.830717901946549819e-01 7.406523685960012539e-10 2.994573937920783783e-08 3.068639174780384136e-08
8.817975017497570178e-01 7.607121290326914028e-10 3.003573591191432435e-08 3.079644804094701906e-08
8.805188526386925618e-01 7.812465150712339524e-10 3.012619709057485548e-08 3.090744360564609254e-08
8.792358976345338029e-01 8.022653462672536298e-10 3.021711855186103306e-08 3.101938389812828514e-08
8.779486916948031627e-01 8.237786289180083854e-10 3.030849580097991624e-08 3.113227442989792566e-08
8.766572899591187351e-01 8.457965595506675242e-10 3.040032420905987270e-08 3.124612076861054001e-08
8.753617477468327301e-01 8.683295284772286459e-10 3.049259901072699237e-08 3.136092853920422257e-08
8.740621205546621475e-01 8.913881234175779303e-10 3.058531530144273716e-08 3.147670342486031705e-08
8.727584640543097905e-01 9.149831331916774928e-10 3.067846803470561539e-08 3.159345116789729443e-08
8.714508340900816163e-01 9.391255514830253099e-10 3.077205201950320747e-08 3.171117757098623195e-08
8.701392866764929845e-01 9.638265806751134200e-10 3.086606191765750504e-08 3.182988849833261597e-08
8.688238779958699087e-01 9.890976357613826729e-10 3.096049224089907390e-08 3.194958987666045533e-08
8.675046643959425374e-01 1.014950348330335110e-09 3.105533734813174640e-08 3.207028769646207841e-08
8.661817023874303079e-01 1.041396570628531497e-09 3.115059144273580751e-08 3.219198801336433776e-08
8.648550486416228811e-01 1.068448379702542943e-09 3.124624856957215175e-08 3.231469694927469200e-08
8.635247599879511959e-01 1.096118081620996340e-09 3.134230261208676065e-08 3.243842069370775864e-08
8.621908934115536383e-01 1.124418215779261151e-09 3.143874728954418063e-08 3.256316550532343992e-08
8.608535060508348824e-01 1.153361559288724718e-09 3.153557615395191990e-08 3.268893771324064441e-08
8.595126551950180716e-01 1.182961131451829243e-09 3.163278258699407672e-08 3.281574371844590286e-08
8.581683982816916689e-01 1.213230198324935911e-09 3.173035979719960232e-08 3.294358999552453803e-08
8.568207928943472051e-01 1.244182277371510107e-09 3.182830081682392271e-08 3.307248309419543550e-08
8.554698967599148052e-01 1.275831142207278979e-09 3.192659849858111858e-08 3.320242964078839487e-08
8.541157677462883901e-01 1.308190827439667124e-09 3.202524551269957928e-08 3.333343634013924682e-08
8.527584638598483258e-01 1.341275633603840348e-09 3.212423434383838597e-08 3.346550997744222817e-08
8.513980432429752998e-01 1.375100132197298485e-09 3.222355728766304194e-08 3.359865741986034374e-08
8.500345641715609801e-01 1.409679170814987619e-09 3.232320644766152215e-08 3.373288561847650666e-08
8.486680850525106790e-01 1.445027878388179422e-09 3.242317373205978943e-08 3.386820161044796678e-08
8.472986644212417984e-01 1.481161670529428138e-09 3.252345085039478526e-08 3.400461252092421154e-08
8.459263609391765026e-01 1.518096254985327600e-09 3.262402931010851030e-08 3.414212556509384100e-08
8.445512333912283953e-01 1.555847637199885464e-09 3.272490041332126555e-08 3.428074805052114791e-08
8.431733406832851996e-01 1.594432125992240677e-09 3.282605525340749526e-08 3.442048737939973491e-08
8.417927418396842221e-01 1.633866339350928636e-09 3.292748471147017106e-08 3.456135105082110032e-08
8.404094960006851522e-01 1.674167210347045487e-09 3.302917945293978264e-08 3.470334666328682544e-08
8.390236624199357562e-01 1.715351993169967917e-09 3.313112992411148178e-08 3.484648191728145032e-08
8.376353004619342402e-01 1.757438269288971292e-09 3.323332634856298660e-08 3.499076461785196038e-08
8.362444695994861732e-01 1.800443953743219598e-09 3.333575872356983231e-08 3.513620267731305087e-08
8.348512294111566368e-01 1.844387301563720888e-09 3.343841681652046962e-08 3.528280411808419092e-08
8.334556395787180438e-01 1.889286914330995145e-09 3.354129016132349516e-08 3.543057707565449030e-08
8.320577598845941836e-01 1.935161746871412159e-09 3.364436805472124492e-08 3.557952980159265749e-08
8.306576502092986036e-01 1.982031114096109690e-09 3.374763955251898889e-08 3.572967066661509858e-08
8.292553705288696619e-01 2.029914697986871024e-09 3.385109346593466241e-08 3.588100816392153303e-08
8.278509809123019147e-01 2.078832554732347777e-09 3.395471835792374245e-08 3.603355091265608940e-08
8.264445415189723976e-01 2.128805122018359147e-09 3.405850253923597829e-08 3.618730766125433620e-08
8.250361125960635755e-01 2.179853226477294394e-09 3.416243406453793286e-08 3.634228729101522643e-08
8.236257544759829630e-01 2.231998091301049759e-09 3.426650072873809715e-08 3.649849882003914567e-08
8.222135275737783022e-01 2.285261344021557129e-09 3.437069006309552161e-08 3.665595140711707708e-08
8.207994923845500779e-01 2.339665024463823298e-09 3.447498933115786963e-08 3.681465435562169210e-08
8.193837094808592569e-01 2.395231592876789062e-09 3.457938552487107467e-08 3.697461711774786208e-08
8.179662395101334749e-01 2.451983938246860816e-09 3.468386536068531138e-08 3.713584929893217178e-08
8.165471431920683365e-01 2.509945386799490497e-09 3.478841527549658945e-08 3.729836066229607705e-08
8.151264813160274958e-01 2.569139710694250447e-09 3.489302142259316495e-08 3.746216113328741374e-08
8.137043147384368513e-01 2.629591136919081773e-09 3.499766966760917129e-08 3.762726080452825182e-08
8.122807043801796301e-01 2.691324356390052856e-09 3.510234558444120574e-08 3.779366994083125611e-08
8.108557112239851428e-01 2.754364533263055986e-09 3.520703445116408873e-08 3.796139898442714348e-08
8.094293963118177615e-01 2.818737314463622446e-09 3.531172124586876237e-08 3.813045856033238357e-08
8.080018207422610121e-01 2.884468839441620692e-09 3.541639064245821443e-08 3.830085948189983222e-08
8.065730456679007787e-01 2.951585750158036608e-09 3.552102700649434346e-08 3.847261275665237965e-08
8.051431322927062872e-01 3.020115201311282100e-09 3.562561439098964105e-08 3.864572959230092108e-08
8.037121418694070929e-01 3.090084870810803807e-09 3.573013653213941630e-08 3.882022140295022300e-08
8.022801356968702891e-01 3.161522970505714500e-09 3.583457684508268709e-08 3.899609981558839993e-08
8.008471751174744968e-01 3.234458257176733017e-09 3.593891841958652074e-08 3.917337667676325459e-08
7.994133215144813009e-01 3.308920043800878327e-09 3.604314401568656062e-08 3.935206405948743605e-08
7.979786363094070190e-01 3.384938211097956723e-09 3.614723605943475522e-08 3.953217427053271029e-08
7.965431809593908064e-01 3.462543219367984578e-09 3.625117663858577680e-08 3.971371985795376345e-08
7.951070169545622068e-01 3.541766120629172957e-09 3.635494749810877902e-08 3.989671361873795487e-08
7.936702058154074813e-01 3.622638571067570726e-09 3.645853003575773227e-08 4.008116860682530300e-08
7.922328090901334940e-01 3.705192843809320512e-09 3.656190529775913928e-08 4.026709814156845855e-08
7.907948883520320438e-01 3.789461842026710983e-09 3.666505397441408118e-08 4.045451581644079216e-08
7.893565051968417512e-01 3.875479112389729242e-09 3.676795639555306520e-08 4.064343550794279362e-08
7.879177212401097252e-01 3.963278858875815097e-09 3.687059252599120322e-08 4.083387138486701749e-08
7.864785981145518967e-01 4.052895956951427226e-09 3.697294196112489777e-08 4.102583791807632417e-08
7.850391974674133522e-01 4.144365968138896011e-09 3.707498392253548291e-08 4.121934989067437644e-08
7.835995809578271132e-01 4.237725154982412106e-09 3.717669725335971938e-08 4.141442240834212817e-08
7.821598102541729158e-01 4.333010496428193445e-09 3.727806041361601236e-08 4.161107091004420829e-08
7.807199470314358791e-01 4.430259703635647254e-09 3.737905147578072236e-08 4.180931117941637209e-08
7.792800529685641742e-01 4.529511236236022722e-09 3.747964812035707776e-08 4.200915935659309883e-08
7.778401897458271375e-01 4.630804319054949031e-09 3.757982763115951745e-08 4.221063195021446897e-08
7.764004190421729401e-01 4.734178959317305716e-09 3.767956689058725356e-08 4.241374584990456093e-08
7.749608025325867011e-01 4.839675964354434022e-09 3.777884237513197267e-08 4.261851833948640917e-08
7.735214018854481566e-01 4.947336959834162800e-09 3.787763015089554262e-08 4.282496711072970624e-08
7.720822787598903281e-01 5.057204408534053013e-09 3.797590586887383230e-08 4.303311027740788366e-08
7.706434948031584131e-01 5.169321629679848961e-09 3.807364476015813766e-08 4.324296638983798828e-08
7.692051116479681205e-01 5.283732818873564531e-09 3.817082163134401169e-08 4.345455445021757705e-08
7.677671909098665592e-01 5.400483068636036425e-09 3.826741086003588186e-08 4.366789392867191498e-08
7.663297941845925720e-01 5.519618389589220531e-09 3.836338639011660275e-08 4.388300477970582328e-08
7.648929830454378465e-01 5.641185732305058553e-09 3.845872172690778110e-08 4.409990745921284214e-08
7.634568190406092469e-01 5.765233009851148355e-09 3.855338993253475858e-08 4.431862294238590776e-08
7.620213636905930343e-01 5.891809121064049524e-09 3.864736362134805460e-08 4.453917274241210413e-08
7.605866784855187523e-01 6.020963974581421262e-09 3.874061495515301572e-08 4.476157892973443698e-08
7.591528248825256675e-01 6.152748513666082318e-09 3.883311563839287825e-08 4.498586415205895726e-08
7.577198643031297642e-01 6.287214741858603147e-09 3.892483691345463076e-08 4.521205165531323474e-08
7.562878581305929604e-01 6.424415749496805684e-09 3.901574955599672080e-08 4.544016530549352813e-08
7.548568677072938771e-01 6.564405741141694251e-09 3.910582387018006747e-08 4.567022961132176503e-08
7.534269543320992746e-01 6.707240063951074880e-09 3.919502968384931090e-08 4.590226974780038330e-08
7.519981792577391522e-01 6.852975237045788072e-09 3.928333634375902051e-08 4.613631158080480775e-08
7.505706036881822918e-01 7.001668981916389174e-09 3.937071271081162288e-08 4.637238169272801453e-08
7.491442887760149105e-01 7.153380253919548225e-09 3.945712715524631417e-08 4.661050740916586074e-08
7.477192956198204232e-01 7.308169274916720056e-09 3.954254755182657624e-08 4.685071682674329465e-08
7.462956852615632020e-01 7.466097567111039271e-09 3.962694127501665492e-08 4.709303884212769585e-08
7.448735186839725575e-01 7.627227988142305658e-09 3.971027519408951454e-08 4.733750318223182020e-08
7.434528568079317168e-01 7.791624767502810774e-09 3.979251566825248765e-08 4.758414043575529512e-08
7.420337604898666894e-01 7.959353544340812114e-09 3.987362854182651930e-08 4.783298208616732810e-08
7.406162905191407964e-01 8.130481406721486294e-09 3.995357913932417770e-08 4.808406054604566730e-08
7.392005076154499754e-01 8.305076932419812451e-09 4.003233226041986010e-08 4.833740919283966925e-08
7.377864724262217511e-01 8.483210231325301438e-09 4.010985217498747015e-08 4.859306240631277489e-08
7.363742455240172013e-01 8.664952989545085640e-09 4.018610261819172291e-08 4.885105560773680855e-08
7.349638874039365888e-01 8.850378515295300478e-09 4.026104678545070104e-08 4.911142530074599821e-08
7.335554584810276557e-01 9.039561786675254720e-09 4.033464732725511010e-08 4.937420911393036482e-08
7.321490190876981385e-01 9.232579501426010392e-09 4.040686634402890612e-08 4.963944584545491651e-08
7.307446294711303914e-01 9.429510128784034161e-09 4.047766538107391181e-08 4.990717550985794762e-08
7.293423497907015607e-01 9.630433963547058896e-09 4.054700542338111113e-08 5.017743938692816837e-08
7.279422401154058697e-01 9.835433182473183510e-09 4.061484689024103817e-08 5.045028007271422002e-08
7.265443604212820095e-01 1.004459190314437049e-08 4.068114962986071073e-08 5.072574153300507791e-08
7.251487705888435276e-01 1.025799624543709926e-08 4.074587291403055869e-08 5.100386915946765630e-08
7.237555304005138801e-01 1.047573439575284976e-08 4.080897543264823026e-08 5.128470982840108333e-08
7.223646995380658131e-01 1.069789667416811006e-08 4.087041528805573999e-08 5.156831196222384839e-08
7.209763375800644081e-01 1.092457560467567209e-08 4.093014998933358350e-08 5.185472559400925559e-08
7.195905039993149011e-01 1.115586598870309121e-08 4.098813644659684411e-08 5.214400243529993367e-08
7.182072581603158312e-01 1.139186498210747820e-08 4.104433096513311602e-08 5.243619594724059753e-08
7.168266593167148537e-01 1.163267217585876897e-08 4.109868923926770279e-08 5.273136141512647010e-08
7.154487666087715469e-01 1.187838968064034139e-08 4.115116634610109902e-08 5.302955602674144206e-08
7.140736390608235507e-01 1.212912221561282713e-08 4.120171673924056282e-08 5.333083895485338995e-08
7.127013355787583659e-01 1.238497720160494122e-08 4.125029424238308016e-08 5.363527144398802304e-08
7.113319149474894854e-01 1.264606485901515649e-08 4.129685204261463284e-08 5.394291690162978768e-08
7.099654358284390732e-01 1.291249831073469184e-08 4.134134268348285203e-08 5.425384099421754056e-08
7.086019567570247535e-01 1.318439369042374219e-08 4.138371805786604639e-08 5.456811174828978527e-08
7.072415361401518386e-01 1.346187025649535887e-08 4.142392940056517104e-08 5.488579965706052826e-08
7.058842322537116631e-01 1.374505051219253424e-08 4.146192728062978846e-08 5.520697779282232436e-08
7.045301032400852481e-01 1.403406033218177226e-08 4.149766159351210821e-08 5.553172192569388377e-08
7.031792071056528481e-01 1.432902909612098265e-08 4.153108155295669934e-08 5.586011064907768199e-08
7.018316017183084954e-01 1.463008982969269181e-08 4.156213568237299004e-08 5.619222551206568185e-08
7.004873448049819817e-01 1.493737935363489400e-08 4.159077180571023461e-08 5.652815115934512861e-08
6.991464939491652819e-01 1.525103844135627219e-08 4.161693703808363806e-08 5.686797547943991025e-08
6.978091065884464150e-01 1.557121198577679383e-08 4.164057777607837661e-08 5.721178976185516712e-08
6.964752400120488574e-01 1.589804917608921971e-08 4.166163968741778091e-08 5.755968886350699731e-08
6.951449513583771722e-01 1.623170368519946496e-08 4.168006769999803800e-08 5.791177138519750296e-08
6.938182976125697454e-01 1.657233386867815428e-08 4.169580599049814584e-08 5.826813985917630012e-08
6.924953356040576269e-01 1.692010297613992399e-08 4.170879797243243419e-08 5.862890094857235487e-08
6.911761220041301446e-01 1.727517937605717953e-08 4.171898628329988367e-08 5.899416565935706320e-08
6.898607133235070688e-01 1.763773679511411642e-08 4.172631277088735154e-08 5.936404956600146465e-08
6.885491659099185480e-01 1.800795457331745989e-08 4.173071847899894587e-08 5.973867305231640245e-08
6.872415359456902628e-01 1.838601793621010337e-08 4.173214363238549627e-08 6.011816156859559964e-08
6.859378794453380168e-01 1.877211828568119979e-08 4.173052762041340789e-08 6.050264590609460106e-08
6.846382522531673231e-01 1.916645351102975699e-08 4.172580897952732074e-08 6.089226249055707773e-08
6.833427100408814292e-01 1.956922832211333005e-08 4.171792537477615569e-08 6.128715369688948574e-08
6.820513083051971126e-01 1.998065460661339614e-08 4.170681358021601455e-08 6.168746818682941400e-08
6.807641023654663615e-01 2.040095181368814808e-08 4.169240945775090009e-08 6.209336127143905147e-08
6.794811473613074915e-01 2.083034736654911395e-08 4.167464793426178082e-08 6.250499530081089808e-08
6.782024982502430355e-01 2.126907710678796305e-08 4.165346297707085899e-08 6.292254008385881542e-08
6.769282098053450714e-01 2.171738577359982176e-08 4.162878756761671301e-08 6.334617334121653808e-08
6.756583366128895429e-01 2.217552752142566145e-08 4.160055367310815456e-08 6.377608119453381271e-08
6.743929330700175750e-01 2.264376647996171922e-08 4.156869221599463996e-08 6.421245869595636249e-08
6.731320533824053376e-01 2.312237736095180236e-08 4.153313304101406797e-08 6.465551040196586702e-08
6.718757515619419030e-01 2.361164611669370049e-08 4.149380487942977166e-08 6.510545099612346883e-08
6.706240814244160964e-01 2.411187065577393284e-08 4.145063531011315941e-08 6.556250596588709556e-08
6.693770965872107848e-01 2.462336162220267674e-08 4.140355071730819721e-08 6.602691233951088058e-08
6.681348504670061583e-01 2.514644324483470258e-08 4.135247624493099659e-08 6.649891948976570249e-08
6.668973962774912279e-01 2.568145426474667505e-08 4.129733574697327613e-08 6.697879001171995779e-08
6.656647870270852030e-01 2.622874894909697158e-08 4.123805173338321621e-08 6.746680068248019441e-08
6.644370755166657538e-01 2.678869820093091463e-08 4.117454531091012723e-08 6.796324351184103855e-08
6.632143143373079308e-01 2.736169077538874085e-08 4.110673611846435443e-08 6.846842689385310190e-08
6.619965558680309670e-01 2.794813461383418190e-08 4.103454225645769681e-08 6.898267687029188203e-08
6.607838522735546283e-01 2.854845830853008247e-08 4.095788020954823192e-08 6.950633851807831438e-08
6.595762555020647788e-01 2.916311271162075835e-08 4.087666476212546609e-08 7.003977747374622444e-08
6.583738172829879387e-01 2.979257270331182465e-08 4.079080890565324818e-08 7.058338160896506952e-08
6.571765891247751679e-01 3.043733913523924777e-08 4.070022373689077367e-08 7.113756287213001482e-08
6.559846223126963860e-01 3.109794096604273633e-08 4.060481834612173670e-08 7.170275931216447965e-08
6.547979679066424641e-01 3.177493760703236360e-08 4.050449969451055688e-08 7.227943730154291386e-08
6.536166767389386401e-01 3.246892149646361517e-08 4.039917247946344172e-08 7.286809397592705689e-08
6.524407994121670384e-01 3.318052092125642972e-08 4.028873898672392703e-08 7.346925990798035013e-08
6.512703862969986268e-01 3.391040310485434419e-08 4.017309892792544400e-08 7.408350203277978819e-08
6.501054875300358304e-01 3.465927757916890087e-08 4.005214926228770084e-08 7.471142684145660833e-08
6.489461530116646948e-01 3.542789985700369854e-08 3.992578400105964511e-08 7.535368385806334365e-08
6.477924324039174842e-01 3.621707541879243860e-08 3.979389399324498319e-08 7.601096941203742841e-08
6.466443751283451613e-01 3.702766402365685385e-08 3.965636669114529356e-08 7.668403071480214742e-08
6.455020303639005252e-01 3.786058434938353839e-08 3.951308589426767518e-08 7.737367024365120695e-08
6.443654470448307858e-01 3.871681895860145040e-08 3.936393147011987117e-08 7.808075042872132157e-08
6.432346738585830170e-01 3.959741957883127210e-08 3.920877905053681420e-08 7.880619862936808629e-08
6.421097592437167156e-01 4.050351267175782887e-08 3.904749970241190083e-08 7.955101237416972308e-08
6.409907513878301266e-01 4.143630525158694613e-08 3.887995957195677242e-08 8.031626482354371194e-08
6.398776982254953394e-01 4.239709089328170847e-08 3.870601950193845531e-08 8.110311039522015717e-08
6.387706474362053743e-01 4.338725584834432157e-08 3.852553462175971150e-08 8.191279047010403307e-08
6.376696464423314836e-01 4.440828515823904026e-08 3.833835391085466194e-08 8.274663906909370220e-08
6.365747424070916649e-01 4.546176862318760906e-08 3.814431973670474833e-08 8.360608835989235077e-08
6.354859822325309437e-01 4.654940644674504775e-08 3.794326736980882107e-08 8.449267381655386220e-08
6.344034125575113148e-01 4.767301433424021077e-08 3.773502447914703776e-08 8.540803881338724853e-08
6.333270797557147835e-01 4.883452777604749502e-08 3.751941061303817486e-08 8.635393838908566326e-08
6.322570299336559563e-01 5.003600519529172817e-08 3.729623667198572821e-08 8.733224186727746300e-08
6.311933089287081744e-01 5.127962958487054993e-08 3.706530438220099802e-08 8.834493396707155458e-08
6.301359623071386418e-01 5.256770820196482617e-08 3.682640578085772574e-08 8.939411398282254529e-08
6.290850353621576518e-01 5.390266983132984980e-08 3.657932272675931414e-08 9.048199255808916394e-08
6.280405731119778068e-01 5.528705907405598433e-08 3.632382645295471229e-08 9.161088552701069662e-08
6.270026202978854490e-01 5.672352706906702385e-08 3.605967718100098115e-08 9.278320425006800500e-08
6.259712213823248605e-01 5.821481801391430656e-08 3.578662382005754560e-08 9.400144183397185215e-08
6.249464205469926759e-01 5.976375082340916995e-08 3.550440377760264016e-08 9.526815460101181011e-08
6.239282616909458401e-01 6.137319525372335492e-08 3.521274291217007492e-08 9.658593816589342984e-08
6.229167884287210022e-01 6.304604183040145273e-08 3.491135566200894770e-08 9.795739749241039381e-08
6.219120440884664536e-01 6.478516495593096397e-08 3.459994538685744135e-08 9.938511034278839871e-08
6.209140717100856133e-01 6.659337864062189795e-08 3.427820496296028828e-08 1.008715836035821796e-07
6.199229140433936136e-01 6.847338440352952397e-08 3.394581767373518399e-08 1.024192020772647080e-07
6.189386135462859873e-01 7.042771103113249506e-08 3.360245843991172853e-08 1.040301694710442236e-07
6.179612123829203441e-01 7.245864606243920593e-08 3.324779543326438537e-08 1.057064414957035913e-07
6.169907524219091499e-01 7.456815909066901806e-08 3.288149211694935571e-08 1.074496512076183672e-07
6.160272752345271607e-01 7.675781723226292195e-08 3.250320975284058104e-08 1.092610269851035030e-07
6.150708220929306247e-01 7.902869341028066784e-08 3.211261041181143040e-08 1.111413038220921049e-07
6.141214339683886969e-01 8.138126842551373630e-08 3.170936051643681366e-08 1.130906289419505500e-07
6.131791515295289541e-01 8.381532813684689287e-08 3.129313493702235364e-08 1.151084630738692531e-07
6.122440151405946773e-01 8.632985743210597355e-08 3.086362165104752196e-08 1.171934790831534889e-07
6.113160648597165681e-01 8.892293302927315763e-08 3.042052696320242344e-08 1.193434599924755811e-07
6.103953404371961211e-01 9.159161749118043423e-08 2.996358126829049779e-08 1.215551987594709254e-07
6.094818813138032088e-01 9.433185714883468503e-08 2.949254532252461159e-08 1.238244024713592900e-07
6.085757266190863213e-01 9.713838689288314838e-08 2.900721697053627918e-08 1.261456038634194209e-07
6.076769151696970184e-01 1.000046449928994523e-07 2.850743825624974989e-08 1.285120832491491989e-07
6.067854854677259269e-01 1.029227012244536743e-07 2.799310282616667178e-08 1.309158040506203395e-07
6.059014756990548367e-01 1.058832016101729788e-07 2.746416351412799783e-08 1.333473651243009833e-07
6.050249237317198991e-01 1.088753330017048167e-07 2.692063997818860817e-08 1.357959729798934381e-07
6.041558671142899239e-01 1.118868105363442535e-07 2.636262624351070857e-08 1.382494367798549522e-07
6.032943430742582214e-01 1.149038906908292911e-07 2.579029799072457268e-08 1.406941886815538604e-07
6.024403885164469896e-01 1.179114122256584331e-07 2.520391941810716163e-08 1.431153316437655848e-07
6.015940400214275785e-01 1.208928667713492163e-07 2.460384949880375438e-08 1.454967162701529773e-07
6.007553338439524104e-01 1.238305001635908927e-07 2.399054745157563520e-08 1.478210476151665146e-07
5.999243059114028886e-01 1.267054449021944240e-07 2.336457724594400541e-08 1.500700221481384328e-07
5.991009918222495179e-01 1.294978833086941283e-07 2.272661097030681736e-08 1.522244942790009456e-07
5.982854268445280121e-01 1.321872401129934158e-07 2.207743090481676516e-08 1.542646710178101743e-07
5.974776459143272822e-01 1.347524023374729514e-07 2.141793015957862280e-08 1.561703324970515742e-07
5.966776836342940760e-01 1.371719634965758485e-07 2.074911176277125947e-08 1.579210752593470980e-07
5.958855742721500537e-01 1.394244883217052723e-07 2.007208611218565287e-08 1.594965744338909120e-07
5.951013517592236290e-01 1.414887934860518250e-07 1.938806673670786126e-08 1.608768602227596995e-07
5.943250496889975754e-01 1.433442391715856178e-07 1.869836435062721061e-08 1.620426035222128384e-07
5.935567013156685112e-01 1.449710258182050739e-07 1.800437922223092107e-08 1.629754050404360049e-07
5.927963395527235946e-01 1.463504900460904120e-07 1.730759191770692182e-08 1.636580819637973371e-07
5.920439969715300954e-01 1.474653935640121876e-07 1.660955252055780640e-08 1.640749460845700006e-07
5.912997057999402895e-01 1.483001988783915113e-07 1.591186846414014541e-08 1.642120673425316467e-07
5.905634979209104518e-01 1.488413258011978142e-07 1.521619114939360642e-08 1.640575169505914240e-07
5.898354048711362818e-01 1.490773831106192654e-07 1.452420155009322866e-08 1.636015846607124974e-07
5.891154578397003183e-01 1.489993702295224121e-07 1.383759503324045922e-08 1.628369652627628780e-07
5.884036876667375626e-01 1.486008444289631717e-07 1.315806564210950231e-08 1.617589100710726856e-07
5.877001248421130919e-01 1.478780498100250072e-07 1.248729010348106329e-08 1.603653399135060606e-07
5.870047995041166589e-01 1.468300051399159365e-07 1.182691182878696955e-08 1.586569169687029060e-07
5.863177414381717245e-01 1.454585484946116618e-07 1.117852518146222857e-08 1.566370736760738805e-07
5.856389800755588126e-01 1.437683375736975052e-07 1.054366027985459279e-08 1.543119978535520847e-07
5.849685444921558508e-01 1.417668054931191385e-07 9.923768596539369880e-09 1.516905740896585117e-07
5.843064634071917229e-01 1.394640728218588969e-07 9.320209600874027875e-09 1.487842824227329231e-07
5.836527651820165863e-01 1.368728176022206612e-07 8.734238672197462674e-09 1.456070562744181140e-07
5.830074778188867324e-01 1.340081060675846318e-07 8.166996485902106199e-09 1.421751025534867314e-07
5.823706289597651020e-01 1.308871877229839822e-07 7.619500043901630805e-09 1.385066877668856180e-07
5.817422458851371214e-01 1.275292593467279505e-07 7.092635485214824670e-09 1.346218948319427760e-07
5.811223555128425255e-01 1.239552032581571887e-07 6.587152771843285223e-09 1.305423560300004772e-07
5.805109843969215033e-01 1.201873058236234025e-07 6.103662301025988822e-09 1.262909681246493872e-07
5.799081587264779403e-01 1.162489625877086674e-07 5.642633448883691068e-09 1.218915960365923601e-07
5.793139043245572051e-01 1.121643765780765063e-07 5.204395004078026059e-09 1.173687715821545348e-07
5.787282466470399234e-01 1.079582562183741549e-07 4.789137405443187436e-09 1.127473936238173390e-07
5.781512107815519608e-01 1.036555188978317734e-07 4.396916656916035097e-09 1.080524355547478143e-07
5.775828214463891719e-01 9.928100561956753564e-08 4.027659758456087542e-09 1.033086653780236224e-07
5.770231029894589136e-01 9.485921133794178088e-08 3.681171464689360829e-09 9.854038280263113964e-08
5.764720793872371019e-01 9.041403467215154290e-08 3.357142165246271808e-09 9.377117683739781801e-08
5.759297742437408107e-01 8.596854973060356917e-08 3.055156672599227179e-09 8.902370640320279304e-08
5.753962107895174150e-01 8.154480187754696446e-08 2.774703704432317325e-09 8.431950558197928592e-08
5.748714118806494966e-01 7.716362848586641254e-08 2.515185857443653366e-09 7.967881434331007211e-08
5.743553999977757396e-01 7.284450509209906282e-08 2.275929886217691983e-09 7.512043497831675398e-08
5.738481972451277002e-01 6.860541691952512201e-08 2.056197122481575736e-09 7.066161404200669692e-08
5.733498253495832309e-01 6.446275545322280342e-08 1.855193894168276679e-09 6.631794934739108051e-08
5.728603056597354470e-01 6.043123960445205536e-08 1.672081827670908132e-09 6.210332143212296039e-08
5.723796591449789029e-01 5.652386094186210941e-08 1.505987938796015470e-09 5.802984888065812570e-08
5.719079063946104213e-01 5.275185243813041309e-08 1.356014436497248361e-09 5.410786687462766021e-08
5.714450676169477994e-01 4.912468013132503574e-08 1.221248177305746243e-09 5.034592830863078426e-08
5.709911626384637229e-01 4.565005699149767199e-08 1.100769717672922466e-09 4.675082670917059632e-08
5.705462109029366680e-01 4.233397809435356760e-08 9.936619165936757500e-10 4.332764001094724603e-08
5.701102314706183449e-01 3.918077593548369077e-08 8.990180426523855699e-10 4.007979397813607396e-08
5.696832430174163520e-01 3.619319438941214209e-08 8.159493400117193051e-10 3.700914372942385850e-08
5.692652638340950366e-01 3.337247945944581774e-08 7.435920083501120366e-10 3.411607146779592698e-08
5.688563118254914563e-01 3.071848461549032989e-08 6.811135536798499905e-10 3.139959816917018205e-08
5.684564045097484364e-01 2.822978821503285022e-08 6.277184720407626091e-10 2.885750668707361149e-08
5.680655590175645031e-01 2.590382027784551462e-08 5.826532368211422259e-10 2.648647351466665685e-08
5.676837920914596936e-01 2.373699575803580872e-08 5.452105733924426179e-10 2.428220633142825082e-08
5.673111200850583513e-01 2.172485143612391034e-08 5.147330221434899244e-10 2.223958445826739892e-08
5.669475589623891310e-01 1.986218363647880240e-08 4.906158115408348795e-10 2.035279944801963707e-08
5.665931242972003234e-01 1.814318415155945453e-08 4.723090856012605820e-10 1.861549323716071511e-08
5.662478312722935003e-01 1.656157200982779793e-08 4.593195563140905072e-10 1.702089156614188870e-08
5.659116946788724789e-01 1.511071904197670149e-08 4.512116811517266051e-10 1.556193072312842659e-08
5.655847289159101621e-01 1.378376754674586227e-08 4.476084818712075734e-10 1.423137602861707026e-08
5.652669479895316984e-01 1.257373868941328762e-08 4.481920957856951846e-10 1.302193078519898286e-08
5.649583655124141846e-01 1.147363067420786043e-08 4.527041896708772418e-10 1.192633486387873783e-08
5.646589947032041312e-01 1.047650656691175310e-08 4.609468214071648598e-10 1.093745338831891723e-08
5.643688483859504723e-01 9.575572777066192849e-09 4.727850488168225156e-10 1.004835782588301567e-08
5.640879389895556706e-01 8.764248388511675294e-09 4.881512947420510609e-10 9.252399683253725942e-09
5.638162785472434768e-01 8.036219603782738780e-09 5.070452347670167145e-10 8.543264838549755701e-09
5.635538786960430091e-01 7.385466968689546643e-09 5.295168035058138038e-10 7.914983772195360861e-09
5.633007506762905958e-01 6.806265144191111756e-09 5.556337961304182250e-10 7.361898940321530291e-09
5.630569053311481609e-01 6.293203174240672518e-09 5.854863073559905987e-10 6.878689481596663427e-09
5.628223531061385954e-01 5.841328181973025824e-09 6.193363219898634058e-10 6.460664503962889644e-09
5.625971040486986707e-01 5.446482914419370756e-09 6.579857504977568737e-10 6.104468664917127940e-09
5.623811678077482723e-01 5.105705296399377808e-09 7.032297606614531430e-10 5.808935057060831158e-09
5.621745536332772852e-01 4.817256944245849000e-09 7.579619808606033281e-10 5.575218925106452535e-09
5.619772703759492449e-01 4.579713647366375240e-09 8.253756212944917781e-10 5.405089268660866812e-09
5.617893264867223069e-01 4.389861986926508640e-09 9.070317163762199951e-10 5.296893703302728945e-09
5.616107300164872029e-01 4.239891816459435541e-09 1.000311896431653698e-09 5.240203712891089239e-09
5.614414886157222950e-01 4.115138676245659463e-09 1.096499994876770320e-09 5.211638671122429576e-09
5.612816095341658373e-01 3.993841373056529594e-09 1.180866659290780603e-09 5.174708032347310197e-09
5.611310996205056689e-01 3.849753708587408418e-09 1.235405742370046601e-09 5.085159450957455019e-09
5.609899653220854487e-01 3.657245177562186233e-09 1.243606518662900194e-09 4.900851696225086220e-09
5.608582126846288762e-01 3.397387003710252324e-09 1.195551706871211914e-09 4.592938710581464445e-09
5.607358473519803432e-01 3.063038722835710268e-09 1.091339853358137218e-09 4.154378576193847279e-09
5.606228745658635715e-01 2.661307464884331575e-09 9.414975370077079525e-10 3.602805001892039527e-09
5.605192991656565704e-01 2.212680143258623489e-09 7.642947305126837857e-10 2.976974873771307378e-09
5.604251255881849136e-01 1.747157390068519246e-09 5.810660053549572926e-10 2.328223395423476332e-09
5.603403578675310026e-01 1.298468027285506190e-09 4.112438943866385958e-10 1.709711921672144734e-09
5.602649996348620931e-01 8.977705376107236654e-10 2.686575010707275657e-10 1.166428038681451179e-09
5.601990541182739758e-01 5.682039689293164054e-10 1.599379843780497595e-10 7.281419533073662166e-10
5.601425241426530865e-01 3.213548042665960606e-10 8.500351799569345755e-11 4.063583222622895440e-10
5.600954121295553811e-01 1.562589598750966638e-10 3.894816849683442945e-11 1.952071283719310997e-10
5.600577200971027514e-01 6.103086868377567511e-11 1.442606613209073148e-11 7.545693481586640175e-11
5.600294496598964278e-01 1.667983360197324428e-11 3.775604950988226192e-12 2.045543855296146966e-11
5.600106020289479236e-01 2.232900733940463230e-12 4.901789314793384769e-13 2.723079665419801707e-12
5.600011780116268545e-01 2.801629736908694337e-14 6.053387337118855962e-15 3.406968470620580170e-14
