9.999890180936781281e-01 2.585527157873924551e-07
9.999011658898731003e-01 2.327108416790030762e-06
9.997254777310803364e-01 6.464938622507914258e-06
9.994619861119288240e-01 1.267339287829372590e-05
9.991107397668492762e-01 2.095383881423944309e-05
9.986718036610605642e-01 3.130589186370498489e-05
9.981452589785538843e-01 4.372405131001482067e-05
9.975312031070768803e-01 5.819289167307750476e-05
9.968297496201221630e-01 7.468173594083224009e-05
9.960410282559198913e-01 9.314036184050178131e-05
9.951651848934430777e-01 1.134973994015393492e-04
9.942023815254253938e-01 1.356624705342641024e-04
9.931527962284001365e-01 1.595319264863286567e-04
9.920166231297639081e-01 1.849967208591043035e-04
9.907940723718711151e-01 2.119501271472838330e-04
9.894853700731670587e-01 2.402931099541463582e-04
9.880907582863661665e-01 2.699361811119215470e-04
9.866104949536823598e-01 3.007980280055216915e-04
9.850448538591208836e-01 3.328023805499697265e-04
9.833941245778414775e-01 3.658749549239340084e-04
9.816586124225977761e-01 3.999418159849666733e-04
9.798386383872691452e-01 4.349295354099391177e-04
9.779345390874906174e-01 4.707666597055829797e-04
9.759466666983932503e-01 5.073856310005141635e-04
9.738753888894674526e-01 5.447244520015981622e-04
9.717210887565604915e-01 5.827277989752148793e-04
9.694841647510196170e-01 6.213476544017011889e-04
9.671650306059970115e-01 6.605436873749092512e-04
9.647641152599265579e-01 7.002835731976023419e-04
9.622818627771893008e-01 7.405433302919964180e-04
9.597187322659808117e-01 7.813076645957357227e-04
9.570751977933962262e-01 8.225702831593678134e-04
9.543517482977487143e-01 8.643341504370955289e-04
9.515488874981368195e-01 9.066116811014091970e-04
9.486671338012796495e-01 9.494248748220855769e-04
9.457070202056322428e-01 9.928054005384464101e-04
9.426690942028063125e-01 1.036794636058244005e-03
9.395539176763066935e-01 1.081443667506504138e-03
9.363620667976084722e-01 1.126813253111893370e-03
9.330941319195895645e-01 1.172973756357587787e-03
9.297507174673419472e-01 1.220005054007606031e-03
9.263324418263790827e-01 1.267996424770412387e-03
9.228399372282619639e-01 1.317046424452794845e-03
9.192738496336633203e-01 1.367262753451466747e-03
9.156348386128936312e-01 1.418762122349241043e-03
9.119235772239094873e-01 1.471670121222615939e-03
9.081407518878267249e-01 1.526121098032030485e-03
9.042870622619635368e-01 1.582258051159477928e-03
9.003632211104328764e-01 1.640232540795444598e-03
8.963699541723142428e-01 1.700204623470379355e-03
8.923080000274218326e-01 1.762342813593066691e-03
8.881781099597011453e-01 1.826824075417527371e-03
8.839810478182725806e-01 1.893833848439345404e-03
8.797175898761548929e-01 1.963566108843661437e-03
8.753885246866860426e-01 2.036223469331834447e-03
8.709946529376778601e-01 2.112017319472617519e-03
8.665367873033218427e-01 2.191168008709086686e-03
8.620157522938811656e-01 2.273905074349748257e-03
8.574323841031918914e-01 2.360467517343724491e-03
8.527875304540032397e-01 2.451104129444877516e-03
8.480820504411866745e-01 2.546073876581112210e-03
8.433168143728407840e-01 2.645646344929848334e-03
8.384927036093217101e-01 2.750102258436157385e-03
8.336106104002308781e-01 2.859734079362751674e-03
8.286714377193870051e-01 2.974846706996765559e-03
8.236760990978159169e-01 3.095758293906598381e-03
8.186255184547875929e-01 3.222801204176704154e-03
8.135206299269301944e-01 3.356323143851450749e-03
8.083623776954569351e-01 3.496688500364426074e-03
8.031517158115336619e-01 3.644279934933768693e-03
7.978896080198201179e-01 3.799500279636821871e-03
7.925770275802204168e-01 3.962774798926777670e-03
7.872149570878721470e-01 4.134553883432453940e-03
7.818043882914088583e-01 4.315316251598062293e-03
7.763463219095303458e-01 4.505572741571342750e-03
7.708417674459133728e-01 4.705870781111626787e-03
7.652917430024974710e-01 4.916799626405695019e-03
7.596972750911806793e-01 5.138996460656236089e-03
7.540593984439598607e-01 5.373153439124709121e-03
7.483791558215500128e-01 5.620025757835313447e-03
7.426575978205199879e-01 5.880440807180364014e-03
7.368957826789771515e-01 6.155308447997948594e-03
7.310947760808401696e-01 6.445632415202883110e-03
7.252556509587337885e-01 6.752522811832890361e-03
7.193794872955434627e-01 7.077209603908055612e-03
7.134673719246651391e-01 7.421056963862083557e-03
7.075203983289899412e-01 7.785578238379269045e-03
7.015396664386556180e-01 8.172451237198327667e-03
6.955262824276093880e-01 8.583533456017328894e-03
6.894813585090132646e-01 9.020876763616795385e-03
6.834060127295330522e-01 9.486741006646814967e-03
6.773013687625494272e-01 9.983605922313827305e-03
6.711685557003264080e-01 1.051418070732258910e-02
6.650087078451794032e-01 1.108141057886518829e-02
6.588229644996791423e-01 1.168847968745917454e-02
6.526124697559291254e-01 1.233880980763375421e-02
6.463783722839602230e-01 1.303605434398868827e-02
6.401218251192759556e-01 1.378408734713505550e-02
6.338439854495914183e-01 1.458698743355307803e-02
6.275460144008045971e-01 1.544901674010867171e-02
6.212290768222384907e-01 1.637459531131693277e-02
6.148943410711948943e-01 1.736827160951059240e-02
6.085429787968594795e-01 1.843469015164674041e-02
6.021761647235979176e-01 1.957855761298982894e-02
5.957950764336827909e-01 2.080460910492247170e-02
5.894008941494937037e-01 2.211757674605145316e-02
5.829948005152258972e-01 2.352216312362744727e-02
5.765779803781541091e-01 2.502302281253966296e-02
5.701516205694867612e-01 2.662475581174790148e-02
5.637169096848549943e-01 2.833191760368880888e-02
5.572750378644736324e-01 3.014905156901807534e-02
5.508271965730177078e-01 3.208075071804437906e-02
5.443745783792531823e-01 3.413175713940835160e-02
5.379183767354643875e-01 3.630710920275993098e-02
5.314597857567172623e-01 3.861234833907498110e-02
5.250000000000000222e-01 4.105379906383595234e-02
5.185402142432827821e-01 4.363893763637099327e-02
5.120816232645355459e-01 4.637686609426609763e-02
5.056254216207468621e-01 4.927890896257108161e-02
4.991728034269824477e-01 5.235934914703894300e-02
4.927249621355263565e-01 5.563631663239414216e-02
4.862830903151449391e-01 5.913283771647326326e-02
4.798483794305131722e-01 6.287804265294705264e-02
4.734220196218459908e-01 6.690851493521066118e-02
4.670051994847740917e-01 7.126974574192855572e-02
4.605991058505062297e-01 7.601763304644816588e-02
4.542049235663170315e-01 8.121993899163980346e-02
4.478238352764022934e-01 8.695759586363807636e-02
4.414570212031406204e-01 9.332573683167659506e-02
4.351056589288052057e-01 1.004343298240191057e-01
4.287709231777615537e-01 1.084083171776232396e-01
4.224539855991954473e-01 1.173872110460481982e-01
4.161560145504086816e-01 1.275241588142118909e-01
4.098781748807241443e-01 1.389845605481414004e-01
4.036216277160397659e-01 1.519443746457067312e-01
3.973875302440709190e-01 1.665882736373696382e-01
3.911770355003208466e-01 1.831078032657086629e-01
3.849912921548204747e-01 2.016996592729595472e-01
3.788314442996735809e-01 2.225641410092583095e-01
3.726986312374506727e-01 2.459037850018617188e-01
3.665939872704669922e-01 2.719221377294147590e-01
3.605186414909867798e-01 3.008226012615536349e-01
3.544737175723905453e-01 3.328072779742587417e-01
3.484603335613444819e-01 3.680757469201826337e-01
3.424796016710101587e-01 4.068237189229909068e-01
3.365326280753347943e-01 4.492415350171085620e-01
3.306205127044566927e-01 4.955124899779196346e-01
3.247443490412662559e-01 5.458109775188003665e-01
3.189052239191598748e-01 6.003004656476058631e-01
3.131042173210228929e-01 6.591313198025533504e-01
3.073424021794800565e-01 7.224384981937613803e-01
3.016208441784499761e-01 7.903391488043446378e-01
2.959406015560402947e-01 8.629301412301247920e-01
2.903027249088193651e-01 9.402855693169570594e-01
2.847082569975025734e-01 1.022454262624340027e+00
2.791582325540866161e-01 1.109457346236109254e+00
2.736536780904696431e-01 1.201285889410629082e+00
2.681956117085910751e-01 1.297898684020346582e+00
2.627850429121278419e-01 1.399220193650763333e+00
2.574229724197795166e-01 1.505138713574613263e+00
2.521103919801799265e-01 1.615504780548965069e+00
2.468482841884665491e-01 1.730129869467820436e+00
2.416376223045432203e-01 1.848785411318583094e+00
2.364793700730698500e-01 1.971202163630853432e+00
2.313744815452125070e-01 2.097069960681712697e+00
2.263239009021841275e-01 2.226037866161773682e+00
2.213285622806131503e-01 2.357714745858784156e+00
2.163893895997692218e-01 2.491670272245592788e+00
2.115072963906783343e-01 2.627436366747275542e+00
2.066831856271593160e-01 2.764509079002540393e+00
2.019179495588133699e-01 2.902350895732833447e+00
1.972124695459967492e-01 3.040393465004245677e+00
1.925676158968080420e-01 3.178040714834532654e+00
1.879842477061187123e-01 3.314672338391444040e+00
1.834632126966781462e-01 3.449647611583990248e+00
1.790053470623221843e-01 3.582309502809503776e+00
1.746114753133140018e-01 3.711989029134833640e+00
1.702824101238452625e-01 3.838009808415127289e+00
1.660189521817273528e-01 3.959692752947961747e+00
1.618218900402989546e-01 4.076360847384152386e+00
1.576919999725781563e-01 4.187343951926412622e+00
1.536300458276857461e-01 4.291983571489801363e+00
1.496367788895671680e-01 4.389637532600180414e+00
1.457129377380366186e-01 4.479684512470504920e+00
1.418592481121732363e-01 4.561528368980730441e+00
1.380764227760905294e-01 4.634602226214740384e+00
1.343651613871063299e-01 4.698372277739478520e+00
1.307261503663367241e-01 4.752341278857019624e+00
1.271600627717380805e-01 4.796051709466296664e+00
1.236675581736210172e-01 4.829088600730547576e+00
1.202492825326582637e-01 4.851082031197650579e+00
1.169058680804106742e-01 4.861709311057419214e+00
1.136379332023916139e-01 4.860696886500134539e+00
1.104460823236932954e-01 4.847822009293493828e+00
1.073309057971937597e-01 4.822914229330533153e+00
1.042929797943677461e-01 4.785856779610555556e+00
1.013328661987204227e-01 4.736587933473524359e+00
9.845111250186314167e-02 4.675102422459467277e+00
9.564825170225141338e-02 4.601453009406327510e+00
9.292480220660384593e-02 4.515752314748450402e+00
9.028126773401923266e-02 4.418174993716328380e+00
8.771813722281070203e-02 4.308960357308654565e+00
8.523588474007345872e-02 4.188415519159865319e+00
8.283496939400292192e-02 4.056919131947320345e+00
8.051583524898035804e-02 3.914925748889316104e+00
7.827891124343952511e-02 3.762970807451793576e+00
7.612461111053248075e-02 3.601676185336400327e+00
7.405333330160679406e-02 3.431756225607399013e+00
7.206546091250938535e-02 3.254024062504801584e+00
7.016136161273085758e-02 3.069397972326190605e+00
6.834138757740226833e-02 2.878907263765961400e+00
6.660587542215856693e-02 2.683696843516422792e+00
6.495514614087902205e-02 2.485029048675707397e+00
6.338950504631765681e-02 2.284280787076126806e+00
6.190924171363378081e-02 2.082933806470272931e+00
6.051462992683290243e-02 1.882556414372305031e+00
5.920592762812889459e-02 1.684776389635372018e+00
5.798337687023607384e-02 1.491246937770358105e+00
5.684720377159985932e-02 1.303609664362336273e+00
5.579761847457466450e-02 1.123459793181474042e+00
5.483481510655698055e-02 9.523185787140834302e-01
5.395897174408013225e-02 7.916159773105533315e-01
5.317025037987789526e-02 6.426837290915055068e-01
5.246879689292313631e-02 5.067560704802909211e-01
5.185474102144617403e-02 3.849733492754359721e-01
5.132819633893943856e-02 2.783834533032660818e-01
5.088926023315071268e-02 1.879371931055713596e-01
5.053801388807122041e-02 1.144760672890662023e-01
5.027452226891965942e-02 5.871338317856881345e-02
5.009883411012692328e-02 2.121175249926214590e-02
5.001098190632193713e-02 2.361066052440605016e-03
