8.000539033015495460e-02 2.247909791355144349e-01
8.874137771564734323e-02 2.177061006630961748e-01
9.628614498494444951e-02 2.106612905594872909e-01
1.027082878341484123e-01 2.037572879901408118e-01
1.080779501051923469e-01 1.970789461024300970e-01
1.131263197398069270e-01 1.903048213106351139e-01
1.165779971547754590e-01 1.842625713380107444e-01
1.191818501525940682e-01 1.786198132927246385e-01
1.209993870297463997e-01 1.734093528819226349e-01
1.226722858176452213e-01 1.682291012186967749e-01
1.236365063305193135e-01 1.635128116642219076e-01
1.239436304618508344e-01 1.592727958434254354e-01
1.247165343774127438e-01 1.546513668453837198e-01
1.248676938194432651e-01 1.505130965164897527e-01
1.244422656691881734e-01 1.468606847123838932e-01
1.244744409198878243e-01 1.428294623979025346e-01
1.239603145683593477e-01 1.392840636445298597e-01
1.234104812222531905e-01 1.357919765409201784e-01
1.223662933512012635e-01 1.327791007008938817e-01
1.217614209476471920e-01 1.293924446743218992e-01
1.206869496238563433e-01 1.264795581718294037e-01
1.200324661816454946e-01 1.231989462277105069e-01
1.189324225246324723e-01 1.203862782839217604e-01
1.178261527424850769e-01 1.176218207509030084e-01
1.167146592490964502e-01 1.149055322314875144e-01
1.155989421484521357e-01 1.122373529114617102e-01
1.144799989116768446e-01 1.096172046103232184e-01
1.133588240550590653e-01 1.070449908376066711e-01
1.118729033118805172e-01 1.049095807639388728e-01
1.107588396632442768e-01 1.024289913828535792e-01
1.092975588374746343e-01 1.003759567261424263e-01
1.081938954907941536e-01 9.798643226260517203e-02
1.067599290133149220e-01 9.601528640515988311e-02
1.053439675702311229e-01 9.408241510831900911e-02
1.042659244498067156e-01 9.182633147888567826e-02
1.028811002710980360e-01 8.997451295175379338e-02
1.015159708586747811e-01 8.816059340728102378e-02
1.001710491574601403e-01 8.638445362518377968e-02
9.884684492249846965e-02 8.464596697203044529e-02
9.754386461988347190e-02 8.294499943696541366e-02
9.626261132824404099e-02 8.128140966879343621e-02
9.500358464080471688e-02 7.965504901441594621e-02
9.376728056804042866e-02 7.806576155861323640e-02
9.255419144094256811e-02 7.651338416516324792e-02
9.136480581491490671e-02 7.499774651928961533e-02
9.019960837431741096e-02 7.351867117143089103e-02
8.905907983767545610e-02 7.207597358232170626e-02
8.794369686357250693e-02 7.066946216937784742e-02
8.661284665693477769e-02 6.960002261105459331e-02
8.555380786373369129e-02 6.826159649340465818e-02
8.452119568345745071e-02 6.695883197878202409e-02
8.328692788087183052e-02 6.598102836701501273e-02
8.231282815071271075e-02 6.474553834011423370e-02
8.136640058241439988e-02 6.354513280846596501e-02
8.044809249289792963e-02 6.237957539245697625e-02
7.934525070804429592e-02 6.152443016610742443e-02
7.848831635478327462e-02 6.042485190347781504e-02
7.766069609324602330e-02 5.935947485608308177e-02
7.665987757814730907e-02 5.859450538669828262e-02
7.589563490124306977e-02 5.759408178331873462e-02
7.516186115294223868e-02 5.662716255160636647e-02
7.426518955529615162e-02 5.595160758880425578e-02
7.359672208626426293e-02 5.504852823312674642e-02
7.295983688447814364e-02 5.417820767031385903e-02
7.235493313578304775e-02 5.334034977764703228e-02
7.178240451327294602e-02 5.253465233889955538e-02
7.124263909815391205e-02 5.176080711214628427e-02
7.091269699460217568e-02 5.077264188022807129e-02
7.043713387984067154e-02 5.006319917365641137e-02
6.999557092161791394e-02 4.938453065201277303e-02
6.958837190873633227e-02 4.873630340556480561e-02
6.904844178142852118e-02 4.835816266479867759e-02
6.871308245101268031e-02 4.776862900812247487e-02
6.824874925541080106e-02 4.744582934078583197e-02
6.765885982712080415e-02 4.738496720305031967e-02
6.727256055297586856e-02 4.711442202267495521e-02
6.676166892418350374e-02 4.710289011083131777e-02
6.629003630479647635e-02 4.711564920312240334e-02
6.585742405868977301e-02 4.715312699417843756e-02
6.562709522582940713e-02 4.698821430800038945e-02
6.527208797544327423e-02 4.707762815380903826e-02
6.495543312850961259e-02 4.719288459287052095e-02
6.484079097798285674e-02 4.710959219501084649e-02
6.460062425006578291e-02 4.727859645918608411e-02
6.439808812126440740e-02 4.747453140415101858e-02
