7.704692011803823126e-01 3.337942194439155408e+00 -7.556648515217542217e-01 -1.503110845617899871e-01
7.665342175042642037e-01 3.331608338282723736e+00 -7.527375772360124229e-01 -1.447786117550960983e-01
7.626230061099957824e-01 3.328441410204508344e+00 -7.493491703585976049e-01 -1.416674639115426126e-01
7.587359089213648877e-01 3.322107554048077560e+00 -7.464074974290659803e-01 -1.362205097201172332e-01
7.548732657540605517e-01 3.315773697891646776e+00 -7.434511240119697772e-01 -1.308207688233765653e-01
7.510354142859658744e-01 3.312606769813431384e+00 -7.400798275544192562e-01 -1.278125281758933918e-01
7.472226900276374151e-01 3.306272913656999712e+00 -7.371133819600927950e-01 -1.224973902884998189e-01
7.434354262929743218e-01 3.303105985578784320e+00 -7.337596526318808099e-01 -1.195533572801614902e-01
7.396739541700800835e-01 3.296772129422353537e+00 -7.307858894495574686e-01 -1.143220987343251949e-01
7.359386024923179059e-01 3.290438273265922753e+00 -7.278012760254933822e-01 -1.091372038033290998e-01
7.322296978095633735e-01 3.287271345187706473e+00 -7.244736368826737438e-01 -1.062933667557685313e-01
7.285475643596577289e-01 3.284104417109491081e+00 -7.211618213837929225e-01 -1.034755087583523192e-01
7.248925240400617698e-01 3.277770560953060297e+00 -7.181815479948134850e-01 -9.840952966529623036e-02
7.212648963797158030e-01 3.274603632874844905e+00 -7.148940168094158887e-01 -9.565351786390621780e-02
7.176649985111051011e-01 3.271436704796629513e+00 -7.116237648456201770e-01 -9.292291103323105372e-02
7.140931451425368559e-01 3.265102848640197841e+00 -7.086534028572955002e-01 -8.797371515592358748e-02
7.105496485306266319e-01 3.261935920561982449e+00 -7.054105869107776261e-01 -8.530361599128778727e-02
7.070348184530013125e-01 3.258768992483767057e+00 -7.021864715962785608e-01 -8.265829427248627681e-02
7.035489621812180960e-01 3.255602064405551666e+00 -6.989814968019948394e-01 -8.003754940471259627e-02
7.000923844539013174e-01 3.252435136327336274e+00 -6.957960987448297274e-01 -7.744117601008043694e-02
6.966653874501027577e-01 3.249268208249120882e+00 -6.926307099061407291e-01 -7.486896396983978852e-02
6.932682707628842200e-01 3.246101280170905490e+00 -6.894857589680528642e-01 -7.232069846736595420e-02
6.899013313731268138e-01 3.242934352092690098e+00 -6.863616707503501502e-01 -6.979616003191485563e-02
6.865648636235682778e-01 3.236600495936258426e+00 -6.834685582644801638e-01 -6.513095904653741497e-02
6.832591591930713415e-01 3.233433567858043034e+00 -6.803796227582765699e-01 -6.266296798371365218e-02
6.799845070711248995e-01 3.233433567858043034e+00 -6.771187713735314917e-01 -6.236264354852032177e-02
6.767411935325792216e-01 3.230266639779827642e+00 -6.740823028127692629e-01 -5.993072716506723380e-02
6.735295021126206372e-01 3.227099711701612250e+00 -6.710687609690701994e-01 -5.752137226728338409e-02
6.703497135819836972e-01 3.223932783623396414e+00 -6.680785461964681149e-01 -5.513433242056165612e-02
6.672021059224061412e-01 3.220765855545181022e+00 -6.651120545618812718e-01 -5.276935686330324476e-02
6.640869543023266708e-01 3.220765855545181022e+00 -6.620066613445766412e-01 -5.252297792345261146e-02
6.610045310528305240e-01 3.217598927466965630e+00 -6.590961537601837117e-01 -5.019213255983991789e-02
6.579551056438404100e-01 3.214431999388749794e+00 -6.562104636761180165e-01 -4.788265244085197769e-02
6.549389446605603515e-01 3.214431999388749794e+00 -6.532023003829351415e-01 -4.766315146452512752e-02
6.519563117801698837e-01 3.211265071310534402e+00 -6.503745736897489360e-01 -4.538663203939359569e-02
6.490074677487729371e-01 3.211265071310534402e+00 -6.474328839704476257e-01 -4.518134512587460710e-02
6.460926703586029607e-01 3.208098143232319011e+00 -6.446643693917496476e-01 -4.293704144265317324e-02
6.432121744254867268e-01 3.204931215154103619e+00 -6.419223949640427973e-01 -4.071289934148977080e-02
6.403662317665675952e-01 3.204931215154103619e+00 -6.390821590353999992e-01 -4.053276192865594429e-02
6.375550911782916774e-01 3.201764287075887783e+00 -6.364012652694206462e-01 -3.833958595029966082e-02
6.347789984146572362e-01 3.201764287075887783e+00 -6.336301965857448204e-01 -3.817264469519861259e-02
6.320381961657307590e-01 3.198597358997672391e+00 -6.310115586443831859e-01 -3.600964134251929266e-02
6.293329240364308186e-01 3.198597358997672391e+00 -6.283106807651305248e-01 -3.585551160842888330e-02
6.266634185255810507e-01 3.198597358997672391e+00 -6.256455114075979429e-01 -3.570341963583808370e-02
6.240299130052353593e-01 3.195430430919456999e+00 -6.231257541223358398e-01 -3.358015596735792335e-02
6.214326377002761248e-01 3.195430430919456999e+00 -6.205322420176484499e-01 -3.344039197846406658e-02
6.188718196682873041e-01 3.192263502841241163e+00 -6.180775021257055579e-01 -3.134534328390023439e-02
6.163476827797057522e-01 3.192263502841241163e+00 -6.155566049487197766e-01 -3.121749784845844269e-02
6.138604476982489899e-01 3.192263502841241163e+00 -6.130725622156539822e-01 -3.109152145887617014e-02
6.114103318616246341e-01 3.189096574763025771e+00 -6.107206004175450564e-01 -2.903346573827025531e-02
6.089975494625223806e-01 3.189096574763025771e+00 -6.083105398760917382e-01 -2.891889221625445344e-02
6.066223114298884278e-01 3.189096574763025771e+00 -6.059379813473406706e-01 -2.880610152815675506e-02
6.042848254104857819e-01 3.185929646684810379e+00 -6.036909805248008576e-01 -2.678339512432799385e-02
6.019852957507413338e-01 3.185929646684810379e+00 -6.013937106668427734e-01 -2.668147429347607000e-02
5.997239234788821483e-01 3.185929646684810379e+00 -5.991345606986089312e-01 -2.658124469224578540e-02
5.975009062873609667e-01 3.185929646684810379e+00 -5.969137281182751442e-01 -2.648271508285465065e-02
5.953164385155733651e-01 3.182762718606594987e+00 -5.948119867563601559e-01 -2.450229331752785955e-02
5.931707111328688997e-01 3.182762718606594987e+00 -5.926680775931486567e-01 -2.441397853515502037e-02
5.910639117218555727e-01 3.182762718606594987e+00 -5.905630634153330449e-01 -2.432726596719946011e-02
5.889962244620017273e-01 3.182762718606594987e+00 -5.884971282463140607e-01 -2.424216319419997268e-02
5.869678301135348164e-01 3.179595790528379151e+00 -5.865440203791294493e-01 -2.230124986808904031e-02
5.849789060016381548e-01 3.179595790528379151e+00 -5.845565323346906261e-01 -2.222568270526940892e-02
5.830296260009505405e-01 3.179595790528379151e+00 -5.826086597771318321e-01 -2.215162178041464244e-02
5.811201605203640819e-01 3.179595790528379151e+00 -5.807005729923045978e-01 -2.207907356803848545e-02
5.792506764881278913e-01 3.179595790528379151e+00 -5.788324387879304478e-01 -2.200804441041116430e-02
5.774213373372549807e-01 3.179595790528379151e+00 -5.770044204790183429e-01 -2.193854051700493829e-02
5.756323029912340239e-01 3.176428862450163759e+00 -5.752830557272966550e-01 -2.004879148617550941e-02
5.738837298500494288e-01 3.176428862450163759e+00 -5.735355434792935858e-01 -1.998789014668540809e-02
5.721757707765078305e-01 3.176428862450163759e+00 -5.718286206575924346e-01 -1.992840336118984618e-02
5.705085750828756685e-01 3.176428862450163759e+00 -5.701624364838687731e-01 -1.987033633011012906e-02
5.688822885178246302e-01 3.176428862450163759e+00 -5.685371366183658015e-01 -1.981369412975054686e-02
5.672970532536912858e-01 3.176428862450163759e+00 -5.669528631471614233e-01 -1.975848171185462868e-02
5.657530078740479196e-01 3.176428862450163759e+00 -5.654097545697465144e-01 -1.970470390317224582e-02
5.642502873615871106e-01 3.176428862450163759e+00 -5.639079457869171641e-01 -1.965236540503764034e-02
5.627890230863209498e-01 3.173261934371948367e+00 -5.625068239205738285e-01 -1.782014447876696314e-02
5.613693427940981140e-01 3.173261934371948367e+00 -5.610878554983016464e-01 -1.777519174002602231e-02
5.599913705954339127e-01 3.173261934371948367e+00 -5.597105742559087549e-01 -1.773155964582976557e-02
5.586552269546619653e-01 3.173261934371948367e+00 -5.583751005973242032e-01 -1.768925201055933025e-02
5.573610286794022928e-01 3.173261934371948367e+00 -5.570815512715973084e-01 -1.764827253280970565e-02
5.561088889103504851e-01 3.173261934371948367e+00 -5.558300393626914859e-01 -1.760862479506644304e-02
5.548989171113858365e-01 3.173261934371948367e+00 -5.546206742795977140e-01 -1.757031226339242705e-02
5.537312190600026662e-01 3.173261934371948367e+00 -5.534535617467701840e-01 -1.753333828712489231e-02
5.526058968380629377e-01 3.173261934371948367e+00 -5.523288037948841378e-01 -1.749770609858261952e-02
5.515230488228715089e-01 3.173261934371948367e+00 -5.512464987519148929e-01 -1.746341881278334202e-02
5.504827696785767888e-01 3.173261934371948367e+00 -5.502067412345436059e-01 -1.743047942717144971e-02
5.494851503478945798e-01 3.173261934371948367e+00 -5.492096221398846678e-01 -1.739889082135594525e-02
5.485302780441571047e-01 3.170095006293732975e+00 -5.483074844868235376e-01 -1.563228668276645666e-02
5.476182362436902151e-01 3.170095006293732975e+00 -5.473958131254104131e-01 -1.560629486524564222e-02
5.467491046785142306e-01 3.170095006293732975e+00 -5.465270345706715327e-01 -1.558152592479568853e-02
5.459229593293745131e-01 3.170095006293732975e+00 -5.457012247724913889e-01 -1.555798202675338915e-02
5.451398724190990031e-01 3.170095006293732975e+00 -5.449184559243638315e-01 -1.553566522936055024e-02
5.443999124062840478e-01 3.170095006293732975e+00 -5.441787964570796721e-01 -1.551457748358405289e-02
5.437031439793102994e-01 3.170095006293732975e+00 -5.434823110327453577e-01 -1.549472063294530383e-02
5.430496280506866835e-01 3.170095006293732975e+00 -5.428290605391292711e-01 -1.547609641335905874e-02
5.424394217517262140e-01 3.170095006293732975e+00 -5.422191020843398768e-01 -1.545870645298168082e-02
5.418725784275507662e-01 3.170095006293732975e+00 -5.416524889918320484e-01 -1.544255227206879112e-02
5.413491476324283624e-01 3.170095006293732975e+00 -5.411292707957465753e-01 -1.542763528284238524e-02
5.408691751254400826e-01 3.170095006293732975e+00 -5.406494932365789596e-01 -1.541395678936734875e-02
5.404327028664804855e-01 3.170095006293732975e+00 -5.402131982571809488e-01 -1.540151798743747379e-02
5.400397690125893213e-01 3.170095006293732975e+00 -5.398204239990944675e-01 -1.539031996447091585e-02
5.396904079146154221e-01 3.170095006293732975e+00 -5.394712047992161752e-01 -1.538036369941512584e-02
5.393846501142142147e-01 3.170095006293732975e+00 -5.391655711867964218e-01 -1.537165006266127780e-02
5.391225223411768575e-01 3.170095006293732975e+00 -5.389035498807699387e-01 -1.536417981596815800e-02
5.389040475110948858e-01 3.173261934371948367e+00 -5.386338249829593083e-01 -1.706385091552689928e-02
5.387292447233553716e-01 3.173261934371948367e+00 -5.384591098465399961e-01 -1.705831596227616251e-02
5.385981292594725911e-01 3.173261934371948367e+00 -5.383280601278529476e-01 -1.705416432389313466e-02
