1.169985505395442438e+00 4.097729548160599644e-01 1.073123928146268780e+00 4.661235004538498705e-01
1.164312703914658575e+00 4.019677556767064508e-01 1.071508751050859853e+00 4.555140710433537299e-01
1.158656460689942103e+00 3.980651561070296940e-01 1.068064278848906534e+00 4.491363825671533805e-01
1.153017547190019698e+00 3.902599569676761804e-01 1.066322383784381378e+00 4.386411266268630538e-01
1.147396732519974982e+00 3.863573573979994236e-01 1.062819607808141775e+00 4.323583502790971367e-01
1.141794783316347539e+00 3.785521582586458544e-01 1.060956507543981298e+00 4.219794027064624475e-01
1.136212463642570780e+00 3.707469591192923408e-01 1.059014750219667400e+00 4.116631163389493087e-01
1.130650534884758640e+00 3.668443595496155840e-01 1.055421378585182035e+00 4.055321758634508056e-01
1.125109755647858645e+00 3.629417599799388272e-01 1.051816133774980733e+00 3.994430910463168671e-01
1.119590881652184011e+00 3.551365608405853136e-01 1.049727305426254143e+00 3.893023587409284447e-01
1.114094665630339209e+00 3.512339612709085568e-01 1.046077933123991999e+00 3.833117292974666523e-01
1.108621857224552754e+00 3.434287621315550432e-01 1.043884635690799589e+00 3.732924988326224991e-01
1.103173202884430548e+00 3.395261625618782308e-01 1.040195889106416027e+00 3.674011810656104826e-01
1.097749445765148213e+00 3.356235629922014740e-01 1.036500644699462681e+00 3.615525677066732668e-01
1.092351325626088832e+00 3.317209634225247172e-01 1.032799910606873706e+00 3.557467684287622944e-01
1.086979578729944995e+00 3.239157642831712036e-01 1.030452700687043199e+00 3.459650794844875699e-01
1.081634937742299352e+00 3.200131647134944468e-01 1.026721713007909376e+00 3.402596987344988499e-01
1.076318131631693431e+00 3.161105651438176900e-01 1.022988420850137192e+00 3.345973868482569058e-01
1.071029885570203399e+00 3.122079655741409332e-01 1.019253826929997775e+00 3.289781939172828906e-01
1.065770920834530067e+00 3.083053660044641764e-01 1.015518931919831225e+00 3.234021561599235706e-01
1.060541954707623358e+00 3.044027664347874196e-01 1.011784734215385839e+00 3.178692959437378063e-01
1.055343700380850347e+00 3.005001668651106628e-01 1.008052229703660263e+00 3.123796218113872314e-01
1.050176866856721958e+00 2.965975672954339060e-01 1.004322411531302306e+00 3.069331285100242446e-01
1.045042158852188541e+00 2.926949677257570936e-01 1.000596269873622157e+00 3.015297970241688774e-01
1.039940276702523203e+00 2.887923681560803368e-01 9.968747917042768414e-01 2.961695946120658784e-01
1.034871916265801994e+00 2.848897685864035800e-01 9.931589605656762076e-01 2.908524748455115216e-01
1.029837768827991829e+00 2.848897685864035800e-01 9.883277263249107270e-01 2.894376193276348430e-01
1.024838521008667236e+00 2.809871690167268232e-01 9.846465682202136804e-01 2.841920650464908049e-01
1.019874854667357944e+00 2.770845694470500664e-01 9.809738175651935288e-01 2.789894055951500640e-01
1.014947446810550602e+00 2.731819698773733096e-01 9.773104422833903682e-01 2.738295440435521977e-01
1.010056969499348867e+00 2.731819698773733096e-01 9.726013171370520016e-01 2.725101090555732686e-01
1.005204089757808950e+00 2.731819698773733096e-01 9.679283953405033447e-01 2.712008177704924861e-01
1.000389469481965055e+00 2.692793703076965528e-01 9.643382948118421893e-01 2.661404587991015869e-01
9.956137653495487072e-01 2.692793703076965528e-01 9.597346933945211100e-01 2.648699455363537902e-01
9.908776287304245090e-01 2.653767707380197960e-01 9.561907213506271042e-01 2.598803176875785770e-01
9.861817055977486479e-01 2.653767707380197960e-01 9.516591848647407703e-01 2.586487044588897111e-01
9.815266364398618215e-01 2.614741711683430392e-01 9.481644945022149606e-01 2.537294413470932986e-01
9.769130561729323370e-01 2.614741711683430392e-01 9.437077300709354466e-01 2.525368082587199359e-01
9.723415940543578273e-01 2.575715715986662824e-01 9.402654350303714104e-01 2.476874789231709173e-01
9.678128735969397933e-01 2.575715715986662824e-01 9.358861105860989404e-01 2.465338644324357176e-01
9.633275124838407422e-01 2.536689720289895256e-01 9.324992827882483404e-01 2.417539739232988927e-01
9.588861224843373554e-01 2.536689720289895256e-01 9.282000253338015261e-01 2.406393751308750495e-01
9.544893093703792353e-01 2.497663724593127688e-01 9.248716928427946904e-01 2.359283651459632702e-01
9.501376728339667732e-01 2.497663724593127688e-01 9.206550867367261359e-01 2.348527381235689937e-01
9.458318064053572449e-01 2.458637728896360120e-01 9.173882316518734426e-01 2.302099876952998780e-01
9.415722973721115663e-01 2.458637728896360120e-01 9.132568169190939944e-01 2.291732478484361790e-01
9.373597266989942556e-01 2.419611733199592551e-01 9.100543732967762978e-01 2.245980740804006948e-01
9.331946689487321533e-01 2.419611733199592551e-01 9.060106439656602229e-01 2.236000965457387024e-01
9.290776922036492191e-01 2.419611733199592551e-01 9.020135950367307309e-01 2.226136395627448528e-01
9.250093579881850658e-01 2.380585737502824983e-01 8.989218982399094227e-01 2.181323754752429178e-01
9.209902211923068904e-01 2.380585737502824983e-01 8.950161106425879032e-01 2.171845971105444140e-01
9.170208299958261255e-01 2.380585737502824983e-01 8.911586657006710377e-01 2.162485495739421559e-01
9.131017257936315801e-01 2.341559741806057415e-01 8.881836548760363437e-01 2.118597575245343700e-01
9.092334431218463964e-01 2.341559741806057415e-01 8.844209356253048826e-01 2.109622305505617079e-01
9.054165095849231459e-01 2.341559741806057415e-01 8.807081642182671422e-01 2.100766177094327836e-01
9.016514457836800611e-01 2.302533746109289292e-01 8.778556018495339286e-01 2.057786966262377948e-01
8.979387652442974987e-01 2.302533746109289292e-01 8.742409041472062325e-01 2.049313730113793697e-01
8.942789743482749687e-01 2.302533746109289292e-01 8.706777002565067036e-01 2.040961200940466513e-01
8.906725722633654918e-01 2.263507750412521724e-01 8.679531638950283012e-01 1.998873089189263375e-01
8.871200508754929492e-01 2.263507750412521724e-01 8.644912607507861946e-01 1.990900418173985054e-01
8.836218947216623043e-01 2.263507750412521724e-01 8.610823360841148855e-01 1.983049755185783691e-01
8.801785809238723557e-01 2.263507750412521724e-01 8.577268548465143416e-01 1.975322170995618409e-01
8.767905791240394597e-01 2.224481754715754156e-01 8.551866880124779913e-01 1.934359022697632047e-01
8.734583514199434351e-01 2.224481754715754156e-01 8.519365655296198270e-01 1.927007524086024326e-01
8.701823523021993134e-01 2.224481754715754156e-01 8.487412861754159987e-01 1.919780075932910335e-01
8.669630285922691471e-01 2.224481754715754156e-01 8.456012857617645206e-01 1.912677664007466083e-01
8.638008193815186475e-01 2.224481754715754156e-01 8.425169925609342636e-01 1.905701257024872974e-01
8.606961559713286469e-01 2.185455759018986588e-01 8.402234783721340694e-01 1.866075542309413859e-01
8.576494618142682658e-01 2.185455759018986588e-01 8.372492534445318269e-01 1.859470003976352037e-01
8.546611524563404449e-01 2.185455759018986588e-01 8.343320245644556543e-01 1.852991049740300988e-01
8.517316354803029510e-01 2.185455759018986588e-01 8.314721896198246087e-01 1.846639563281534946e-01
8.488613104500788431e-01 2.185455759018986588e-01 8.286701386704604655e-01 1.840416410894691879e-01
8.460505688562575122e-01 2.185455759018986588e-01 8.259262538948853871e-01 1.834322441370612178e-01
8.432997940626995037e-01 2.185455759018986588e-01 8.232409095381961750e-01 1.828358485880574036e-01
8.406093612542477889e-01 2.146429763322219020e-01 8.213194796357546901e-01 1.790486263536463507e-01
8.379796373855556979e-01 2.146429763322219020e-01 8.187501013502247460e-01 1.784884988222610602e-01
8.354109811310375111e-01 2.146429763322219020e-01 8.162403893299158275e-01 1.779413786078728188e-01
8.329037428359469253e-01 2.146429763322219020e-01 8.137906858805346033e-01 1.774073403335340582e-01
8.304582644685937209e-01 2.146429763322219020e-01 8.114013251230739465e-01 1.768864568380197622e-01
8.280748795737011836e-01 2.146429763322219020e-01 8.090726329482400558e-01 1.763787991658926912e-01
8.257539132269132720e-01 2.146429763322219020e-01 8.068049269720043437e-01 1.758844365578135227e-01
8.234956819904571956e-01 2.146429763322219020e-01 8.045985164922828670e-01 1.754034364410969327e-01
8.213004938699660640e-01 2.146429763322219020e-01 8.024537024467501833e-01 1.749358644205149527e-01
8.191686482724697127e-01 2.107403767625451452e-01 8.010456132503881443e-01 1.713569368448643604e-01
8.171004359655574811e-01 2.107403767625451452e-01 7.990231574359274447e-01 1.709243000167768589e-01
8.150961390377202687e-01 2.107403767625451452e-01 7.970632029563693433e-01 1.705050332604061691e-01
8.131560308598752007e-01 2.107403767625451452e-01 7.951660171346567330e-01 1.700991937605616511e-01
8.112803760480801207e-01 2.107403767625451452e-01 7.933318587325633997e-01 1.697068368706765862e-01
8.094694304274423491e-01 2.107403767625451452e-01 7.915609779154005876e-01 1.693280161052584665e-01
8.077234409972254836e-01 2.107403767625451452e-01 7.898536162178962927e-01 1.689627831325898610e-01
8.060426458971607921e-01 2.107403767625451452e-01 7.882100065112517262e-01 1.686111877676813864e-01
8.044272743749670829e-01 2.107403767625451452e-01 7.866303729713796100e-01 1.682732779654773081e-01
8.028775467550823830e-01 2.107403767625451452e-01 7.851149310483279686e-01 1.679490998143147173e-01
8.013936744086139763e-01 2.107403767625451452e-01 7.836638874368948571e-01 1.676386975296376147e-01
7.999758597245087977e-01 2.107403767625451452e-01 7.822774400484363566e-01 1.673421134479661787e-01
7.986242960819489589e-01 2.107403767625451452e-01 7.809557779838731673e-01 1.670593880211223015e-01
7.973391678239761804e-01 2.107403767625451452e-01 7.796990815078981285e-01 1.667905598107123910e-01
7.961206502323494583e-01 2.107403767625451452e-01 7.785075220243907745e-01 1.665356654828678562e-01
7.949689095036372999e-01 2.107403767625451452e-01 7.773812620530377027e-01 1.662947398032440238e-01
7.938841027265497452e-01 2.107403767625451452e-01 7.763204552071667486e-01 1.660678156322783761e-01
7.928663778605133938e-01 2.107403767625451452e-01 7.753252461727957456e-01 1.658549239207088299e-01
7.919158737154899930e-01 2.107403767625451452e-01 7.743957706888975334e-01 1.656560937053520310e-01
7.910327199330442483e-01 2.107403767625451452e-01 7.735321555288867668e-01 1.654713521051430769e-01
7.902170369686617457e-01 2.107403767625451452e-01 7.727345184833288583e-01 1.653007243174367258e-01
7.894689360753194274e-01 2.107403767625451452e-01 7.720029683438742740e-01 1.651442336145706180e-01
7.887885192883117291e-01 2.107403767625451452e-01 7.713376048884199587e-01 1.650019013406910651e-01
7.881758794113342681e-01 2.107403767625451452e-01 7.707385188675009990e-01 1.648737469088420449e-01
7.876311000038246357e-01 2.107403767625451452e-01 7.702057919919119700e-01 1.647597877983171533e-01
7.871542553695672906e-01 2.107403767625451452e-01 7.697394969215630711e-01 1.646600395522758165e-01
7.867454105465579994e-01 2.107403767625451452e-01 7.693396972555694990e-01 1.645745157756230981e-01
7.864046212981331552e-01 2.107403767625451452e-01 7.690064475235768304e-01 1.645032281331542390e-01
7.861319341053646381e-01 2.107403767625451452e-01 7.687397931783238603e-01 1.644461863479636243e-01
7.859273861607198874e-01 2.107403767625451452e-01 7.685397705894435605e-01 1.644033982001186778e-01
