4.392137273433230869e-03 6.766518833629058260e-01
3.474770508357271498e-02 6.685609941178762838e-01
6.437622766008661845e-02 6.591046764029011573e-01
1.016249459185565723e-01 6.470702188951517053e-01
1.335775710606388889e-01 6.338256906938541935e-01
1.684447750453170745e-01 6.179360887643103872e-01
1.980161366338066831e-01 6.014507038294097940e-01
2.263340610786651330e-01 5.835739788087043189e-01
2.459875751485270934e-01 5.676348699496851502e-01
2.647469689320051112e-01 5.510593012265972979e-01
2.791226700580604625e-01 5.357179068418423951e-01
2.927870492057214613e-01 5.200341551533776974e-01
3.024566193167586570e-01 5.060139545466078026e-01
3.084038862328659647e-01 4.938663615461818535e-01
3.140006383351485186e-01 4.816911940180063079e-01
3.192497505185479811e-01 4.694994851016431880e-01
3.241544708043570533e-01 4.573020783651670640e-01
3.258223477038841298e-01 4.472338993478018887e-01
3.301284262791928659e-01 4.350844977844827155e-01
3.313494475688329999e-01 4.251181969935797222e-01
3.323851027144879566e-01 4.152157191033614136e-01
3.332391597017564933e-01 4.053819336200537027e-01
3.339155223543934792e-01 3.956215684421324208e-01
3.319061078591975522e-01 3.881017336752398128e-01
3.323016169754224314e-01 3.785041712560670013e-01
3.325313498296383341e-01 3.689922491980555663e-01
3.302587555151677567e-01 3.617213979068285012e-01
3.302307100759869773e-01 3.523926713882893913e-01
3.278153430801908352e-01 3.452956390259502850e-01
3.253564354293456140e-01 3.382808670353956715e-01
3.250008195403361611e-01 3.292475358481410375e-01
3.224191538133571733e-01 3.224191538133571178e-01
3.198032710180485072e-01 3.156783691783940360e-01
3.171561527359526012e-01 3.090267228251509235e-01
3.164374374274840918e-01 3.004180632177378407e-01
3.136949494562140672e-01 2.939666863617383941e-01
3.109309058545842719e-01 2.876087682824030045e-01
3.081483756127151308e-01 2.813455317622352569e-01
3.053504421301412863e-01 2.751781234247882013e-01
3.025402012087183290e-01 2.691076132426146739e-01
2.997207590358397233e-01 2.631349940958254141e-01
2.968952301592618359e-01 2.572611813815082749e-01
2.924281766531217630e-01 2.533904574845040614e-01
2.896367284174793943e-01 2.476984534744686439e-01
2.868479107393887562e-01 2.421075532559585353e-01
2.840648472570105887e-01 2.366183797006515543e-01
2.812906602735309458e-01 2.312314770035096001e-01
2.785284687097211442e-01 2.259473105875763888e-01
2.743426161508351613e-01 2.225516715975020821e-01
2.716467639264971701e-01 2.174564530570924636e-01
2.689715498415908290e-01 2.124650304048247007e-01
2.649670930106451383e-01 2.093018443993057143e-01
2.623734974447598511e-01 2.045015105207005357e-01
2.598090743335139674e-01 1.998054399190596075e-01
2.560043411084700349e-01 1.968794205036303591e-01
2.535365431085347954e-01 1.923755509720495582e-01
2.511063013942694822e-01 1.879758226722902659e-01
2.475191165173818153e-01 1.852904897094514725e-01
2.452001607810837536e-01 1.810830516593517348e-01
2.417730915674637937e-01 1.785521228480766998e-01
2.395745528618453690e-01 1.745367320710421999e-01
2.374268745143218451e-01 1.706240962652929849e-01
2.342451841032182625e-01 1.683376109965086798e-01
2.322318519422101601e-01 1.646154623643122650e-01
2.302771655790596395e-01 1.609944271784333192e-01
2.273569242110965449e-01 1.589527892892585448e-01
2.255499817358947445e-01 1.555196958571720411e-01
2.228166455755778708e-01 1.536350244195762438e-01
2.211656482642704868e-01 1.503879775637142480e-01
2.186250564568671950e-01 1.486604287028089333e-01
2.161883079144467368e-01 1.470034910725669108e-01
2.138562753698561580e-01 1.454177581129226515e-01
2.116297940514197118e-01 1.439037977615259811e-01
2.104299481233518621e-01 1.410992557377755419e-01
2.074966367023875491e-01 1.410933379114012176e-01
2.055914409813590638e-01 1.397978449919666522e-01
2.037947565754394952e-01 1.385761374788557210e-01
2.021072269755222750e-01 1.374286529323080208e-01
2.005294565781983729e-01 1.363558023292617827e-01
1.981792290196941753e-01 1.366471998141898514e-01
1.968286488770915887e-01 1.357159569411390543e-01
1.955889107256185422e-01 1.348611410871285443e-01
1.935860493261827575e-01 1.353424471880804170e-01
1.925738593166632651e-01 1.346347914794974732e-01
1.916732197721595365e-01 1.340051244120007423e-01
1.908844532609219602e-01 1.334536715037851207e-01
1.893406783048426079e-01 1.342124391760019519e-01
1.887790374589563835e-01 1.338143251070014195e-01
1.883294832067360647e-01 1.334956626131695856e-01
1.879921765581322457e-01 1.332565658249637575e-01
1.877672383210931550e-01 1.330971203760129562e-01
1.876547490582967936e-01 1.330173833724478671e-01
