1.000000000000000000e+00 6.589681193292298844e-14
9.979209979209979764e-01 7.311389856176284119e-14
9.958419958419958418e-01 5.473747811349932713e-14
9.937629937629937071e-01 1.452673871222154994e-14
9.916839916839916835e-01 2.642065507888792519e-14
9.896049896049896599e-01 9.455722710632451927e-15
9.875259875259875253e-01 9.003790822723761744e-15
9.854469854469853907e-01 1.094755271272051037e-14
9.833679833679833671e-01 1.393976351449915940e-14
9.812889812889813435e-01 8.590952893462646539e-15
9.792099792099792088e-01 8.125560804989138269e-15
9.771309771309770742e-01 8.937275866474723302e-15
9.750519750519750506e-01 6.233373057084809488e-15
9.729729729729730270e-01 1.405731305285321669e-14
9.708939708939708924e-01 1.511655485844903141e-14
9.688149688149687577e-01 8.614586806756936027e-15
9.667359667359667341e-01 6.408912165073790690e-15
9.646569646569647105e-01 3.710851765437563413e-15
9.625779625779625759e-01 4.387665818644586810e-15
9.604989604989604413e-01 3.966214411342842625e-15
9.584199584199584177e-01 3.908805059276787910e-15
9.563409563409563940e-01 3.994395621014466824e-15
9.542619542619542594e-01 1.833566969317110967e-14
9.521829521829521248e-01 1.389832395221404782e-13
9.501039501039501012e-01 1.110139866318526902e-12
9.480249480249480776e-01 8.494717949891761322e-12
9.459459459459459429e-01 6.275708425151904635e-11
9.438669438669438083e-01 4.421706889523591144e-10
9.417879417879417847e-01 2.808604460113883761e-09
9.397089397089397611e-01 1.552085926448398823e-08
9.376299376299376265e-01 7.283836112037533894e-08
9.355509355509354918e-01 2.856884577795426594e-07
9.334719334719334682e-01 9.421078743798716459e-07
9.313929313929314446e-01 2.591840257082367316e-06
9.293139293139293100e-01 5.846843578183325008e-06
9.272349272349271754e-01 1.057788358593825251e-05
9.251559251559251518e-01 1.495413562224712223e-05
9.230769230769231282e-01 1.478056856285547838e-05
9.209979209979209935e-01 7.447404641425237060e-06
9.189189189189188589e-01 3.425409147439495428e-07
9.168399168399168353e-01 1.519305214969790541e-08
9.147609147609148117e-01 5.619054110894694531e-10
9.126819126819126771e-01 1.863433365945077469e-11
9.106029106029105424e-01 6.344303879989021677e-13
9.085239085239085188e-01 3.438419118656152462e-14
9.064449064449064952e-01 1.348490936292244188e-14
9.043659043659043606e-01 1.419827881703411912e-14
9.022869022869022260e-01 2.177181130963868477e-14
9.002079002079002024e-01 7.604181532768015256e-15
8.981288981288981788e-01 1.359854815015902607e-14
8.960498960498960441e-01 1.559573156110615616e-14
8.939708939708939095e-01 2.178816582178427080e-14
8.918918918918918859e-01 1.573637121760236568e-14
8.898128898128898623e-01 6.692207416480674964e-15
8.877338877338877277e-01 5.847847281691435570e-15
8.856548856548855930e-01 5.633015585828748256e-15
8.835758835758835694e-01 5.604764495938975577e-15
8.814968814968815458e-01 5.887280477034385895e-15
8.794178794178794112e-01 5.496206635836496310e-15
8.773388773388772766e-01 5.509762551124354132e-15
8.752598752598752530e-01 7.383251623201570607e-15
8.731808731808732293e-01 6.037456877483731582e-15
8.711018711018710947e-01 6.091266763040429147e-15
8.690228690228689601e-01 5.836524145252540083e-15
8.669438669438669365e-01 6.851752848359600467e-15
8.648648648648649129e-01 7.590006436395714540e-15
8.627858627858627782e-01 6.482012802487731318e-15
8.607068607068606436e-01 6.956152623724008374e-15
8.586278586278586200e-01 5.697368066963446470e-15
8.565488565488565964e-01 5.453431048483680516e-15
8.544698544698544618e-01 5.758202820268197575e-15
8.523908523908523271e-01 6.218463159630765666e-15
8.503118503118503035e-01 6.152987512808008250e-15
8.482328482328482799e-01 6.076469097451896520e-15
8.461538461538461453e-01 9.478992399759422066e-15
8.440748440748440107e-01 7.399624770071996233e-15
8.419958419958419871e-01 7.387834918479163626e-15
8.399168399168399635e-01 7.358667338940461794e-15
8.378378378378378288e-01 7.892699589327669546e-15
8.357588357588356942e-01 6.464832856735045971e-15
8.336798336798336706e-01 5.433676546087815723e-15
8.316008316008316470e-01 4.734372074065296143e-15
8.295218295218295124e-01 7.334719176422740960e-15
8.274428274428273777e-01 5.766059050853981210e-15
8.253638253638253541e-01 6.393351322799781938e-15
8.232848232848233305e-01 7.958004982528028848e-15
8.212058212058211959e-01 6.168358619701832038e-15
8.191268191268190613e-01 6.324847109674116771e-15
8.170478170478170377e-01 8.525178244009508355e-15
8.149688149688150141e-01 6.188721715270299045e-15
8.128898128898128794e-01 5.975468041788346493e-15
8.108108108108107448e-01 6.918581206799123001e-15
8.087318087318087212e-01 7.307403210906737029e-15
8.066528066528066976e-01 5.626780576304009351e-15
8.045738045738045630e-01 6.526746306498125427e-15
8.024948024948024283e-01 7.719047670745170925e-15
8.004158004158004047e-01 7.184196339497968264e-15
7.983367983367983811e-01 1.034646764016275769e-14
7.962577962577962465e-01 7.110647621654930112e-15
7.941787941787941119e-01 6.744913618107100176e-15
7.920997920997920883e-01 8.605219469393250720e-15
7.900207900207900646e-01 9.651881988689391817e-15
7.879417879417879300e-01 8.140792998479612352e-15
7.858627858627857954e-01 8.016147018093458532e-15
7.837837837837837718e-01 9.632216424752988726e-15
7.817047817047817482e-01 8.679057025471302589e-15
7.796257796257796135e-01 8.174096639899756933e-15
7.775467775467774789e-01 6.899780887018340178e-15
7.754677754677754553e-01 8.466109554399782466e-15
7.733887733887734317e-01 1.014818654457294578e-14
7.713097713097712971e-01 8.337611268169516088e-15
7.692307692307691624e-01 9.056151011391233574e-15
7.671517671517671388e-01 8.471282384608664479e-15
7.650727650727651152e-01 7.369836315382956998e-15
7.629937629937629806e-01 7.728926616008997830e-15
7.609147609147608460e-01 7.531646713362840501e-15
7.588357588357588224e-01 8.565672348118894691e-15
7.567567567567567988e-01 1.114647840038318280e-14
7.546777546777546641e-01 9.277123272605040938e-15
7.525987525987525295e-01 8.767959062516272190e-15
7.505197505197505059e-01 9.307262398934243453e-15
7.484407484407484823e-01 1.102240501426937289e-14
7.463617463617463477e-01 1.093186566253736072e-14
7.442827442827442130e-01 1.614634024627113057e-14
7.422037422037421894e-01 1.459084216566975539e-14
7.401247401247401658e-01 9.822418520091889121e-15
7.380457380457380312e-01 1.360898783123393532e-14
7.359667359667358966e-01 1.413479539170330382e-14
7.338877338877338730e-01 1.122240135157737476e-14
7.318087318087318494e-01 9.852040956323266513e-15
7.297297297297297147e-01 1.678456263136830079e-14
7.276507276507275801e-01 1.770892460450923522e-14
7.255717255717255565e-01 9.803872733711756216e-15
7.234927234927235329e-01 1.493348901569074849e-14
7.214137214137213983e-01 1.455299842765232776e-14
7.193347193347192636e-01 1.053976479389092530e-14
7.172557172557172400e-01 9.962622801653209931e-15
7.151767151767152164e-01 1.235372735505042494e-14
7.130977130977130818e-01 1.364470975171849093e-14
7.110187110187109472e-01 1.888528904385369106e-14
7.089397089397089236e-01 1.205884469292510183e-14
7.068607068607068999e-01 1.980946636381212406e-14
7.047817047817047653e-01 1.574986106432033767e-14
7.027027027027026307e-01 8.136981350216968001e-15
7.006237006237006071e-01 1.432982388077565922e-14
6.985446985446985835e-01 1.197916260951099529e-14
6.964656964656964488e-01 1.163662417970725074e-14
6.943866943866943142e-01 1.484730341330762343e-14
6.923076923076922906e-01 1.001185320358057712e-14
6.902286902286902670e-01 1.782637249890962200e-14
6.881496881496881324e-01 1.352723729336263378e-14
6.860706860706859977e-01 1.270541458771746318e-14
6.839916839916839741e-01 8.376674733630989911e-15
6.819126819126819505e-01 1.000116195372033334e-14
6.798336798336798159e-01 1.462666318900913975e-14
6.777546777546776813e-01 1.290348731320225054e-14
6.756756756756756577e-01 1.035805928604593279e-14
6.735966735966736341e-01 8.811255998648123006e-15
6.715176715176714994e-01 8.621720518238711745e-15
6.694386694386693648e-01 1.290411581164911323e-14
6.673596673596673412e-01 8.374921375430173509e-15
6.652806652806653176e-01 1.034166411631887855e-14
6.632016632016631830e-01 1.069662936649179094e-14
6.611226611226610483e-01 1.288509822791735968e-14
6.590436590436590247e-01 1.358573169463412125e-14
6.569646569646570011e-01 9.523189731914204204e-15
6.548856548856548665e-01 7.254254434565371445e-15
6.528066528066527319e-01 1.001944600691976467e-14
6.507276507276507083e-01 1.252791290438969377e-14
6.486486486486486847e-01 1.138810217188399726e-14
6.465696465696465500e-01 1.244626316343911548e-14
6.444906444906444154e-01 1.303986046474314014e-14
6.424116424116423918e-01 5.785023695026531368e-15
6.403326403326403682e-01 1.136702290995862674e-14
6.382536382536382336e-01 1.211400517251619638e-14
6.361746361746360989e-01 1.525697598044484932e-14
6.340956340956340753e-01 1.396358292800889758e-14
6.320166320166320517e-01 1.023688444667762709e-14
6.299376299376299171e-01 5.578924485333562264e-15
6.278586278586277825e-01 9.193211953685293675e-15
6.257796257796257589e-01 1.712464466562500787e-14
6.237006237006237352e-01 1.228244614440718654e-14
6.216216216216216006e-01 6.082653284999800167e-15
6.195426195426194660e-01 6.293871538309500635e-15
6.174636174636174424e-01 8.127150685831134591e-15
6.153846153846154188e-01 7.099082657309593522e-15
6.133056133056132841e-01 3.119235885955403374e-15
6.112266112266111495e-01 8.214330704894336199e-15
6.091476091476091259e-01 1.025005665604037872e-14
6.070686070686071023e-01 6.304207457848371235e-15
6.049896049896049677e-01 3.428123390830629079e-15
6.029106029106028330e-01 3.481592557384293601e-15
6.008316008316008094e-01 4.929289178305087601e-15
5.987525987525987858e-01 3.404193439521274213e-15
5.966735966735966512e-01 2.481542684692030279e-15
5.945945945945945166e-01 2.129288786983278906e-15
5.925155925155924930e-01 1.924980204940805392e-15
5.904365904365904694e-01 1.700882392151629660e-15
5.883575883575883347e-01 3.537682443876762929e-15
5.862785862785862001e-01 3.789683427772626637e-15
5.841995841995841765e-01 2.158699888494316349e-15
5.821205821205821529e-01 1.992654961052871786e-15
5.800415800415800183e-01 2.409947224825360543e-15
5.779625779625778836e-01 2.104009723947184753e-15
5.758835758835758600e-01 1.343918250102315529e-15
5.738045738045738364e-01 9.805164458956319024e-16
5.717255717255717018e-01 4.843476799814346468e-16
5.696465696465695672e-01 7.603528364486563784e-16
5.675675675675675436e-01 3.950792747169979595e-16
5.654885654885655200e-01 6.974696927796483585e-16
5.634095634095633853e-01 6.342848995022994010e-16
5.613305613305612507e-01 3.035966459190997261e-16
5.592515592515592271e-01 8.503823802255398596e-16
5.571725571725572035e-01 9.179271697197619213e-16
5.550935550935550689e-01 6.579087542803402442e-16
5.530145530145529342e-01 3.597892616262032394e-16
5.509355509355509106e-01 1.596191237453366274e-16
5.488565488565488870e-01 5.991050139295375407e-17
5.467775467775467524e-01 1.941667687061446069e-17
5.446985446985446178e-01 5.570568839489866062e-18
5.426195426195425942e-01 1.443445161553635816e-18
5.405405405405405705e-01 3.393962895347817356e-19
5.384615384615384359e-01 7.269799598044459561e-20
5.363825363825363013e-01 1.430219351352479850e-20
5.343035343035342777e-01 2.640822977086341104e-21
5.322245322245322541e-01 4.606725038388819365e-22
5.301455301455301194e-01 7.438339869284448052e-23
5.280665280665279848e-01 1.102107709922960331e-23
5.259875259875259612e-01 1.495342939654443248e-24
5.239085239085239376e-01 1.858556785738769577e-25
5.218295218295218030e-01 2.105390561795567306e-26
5.197505197505196683e-01 2.011166018528976189e-27
5.176715176715176447e-01 -2.556650635388735049e-29
5.155925155925156211e-01 0.000000000000000000e+00
5.135135135135134865e-01 0.000000000000000000e+00
5.114345114345113519e-01 0.000000000000000000e+00
5.093555093555093283e-01 0.000000000000000000e+00
5.072765072765073047e-01 0.000000000000000000e+00
5.051975051975051700e-01 0.000000000000000000e+00
5.031185031185030354e-01 0.000000000000000000e+00
5.010395010395010118e-01 0.000000000000000000e+00
4.989604989604989882e-01 0.000000000000000000e+00
4.968814968814968536e-01 0.000000000000000000e+00
4.948024948024947189e-01 0.000000000000000000e+00
4.927234927234926953e-01 0.000000000000000000e+00
4.906444906444906717e-01 0.000000000000000000e+00
4.885654885654885371e-01 0.000000000000000000e+00
4.864864864864864025e-01 0.000000000000000000e+00
4.844074844074843789e-01 0.000000000000000000e+00
4.823284823284823553e-01 0.000000000000000000e+00
4.802494802494802206e-01 0.000000000000000000e+00
4.781704781704780860e-01 0.000000000000000000e+00
4.760914760914760624e-01 0.000000000000000000e+00
4.740124740124740388e-01 0.000000000000000000e+00
4.719334719334719042e-01 0.000000000000000000e+00
4.698544698544697695e-01 0.000000000000000000e+00
4.677754677754677459e-01 0.000000000000000000e+00
4.656964656964657223e-01 0.000000000000000000e+00
4.636174636174635877e-01 0.000000000000000000e+00
4.615384615384614531e-01 0.000000000000000000e+00
4.594594594594594295e-01 0.000000000000000000e+00
4.573804573804574058e-01 0.000000000000000000e+00
4.553014553014552712e-01 0.000000000000000000e+00
4.532224532224531366e-01 0.000000000000000000e+00
4.511434511434511130e-01 0.000000000000000000e+00
4.490644490644490894e-01 0.000000000000000000e+00
4.469854469854469547e-01 0.000000000000000000e+00
4.449064449064448201e-01 0.000000000000000000e+00
4.428274428274427965e-01 0.000000000000000000e+00
4.407484407484407729e-01 0.000000000000000000e+00
4.386694386694386383e-01 0.000000000000000000e+00
4.365904365904365036e-01 0.000000000000000000e+00
4.345114345114344800e-01 0.000000000000000000e+00
4.324324324324324564e-01 0.000000000000000000e+00
4.303534303534303218e-01 0.000000000000000000e+00
4.282744282744281872e-01 0.000000000000000000e+00
4.261954261954261636e-01 0.000000000000000000e+00
4.241164241164241400e-01 0.000000000000000000e+00
4.220374220374220053e-01 0.000000000000000000e+00
4.199584199584198707e-01 0.000000000000000000e+00
4.178794178794178471e-01 0.000000000000000000e+00
4.158004158004158235e-01 0.000000000000000000e+00
4.137214137214136889e-01 0.000000000000000000e+00
4.116424116424115542e-01 0.000000000000000000e+00
4.095634095634095306e-01 0.000000000000000000e+00
4.074844074844075070e-01 0.000000000000000000e+00
4.054054054054053724e-01 0.000000000000000000e+00
4.033264033264032378e-01 0.000000000000000000e+00
4.012474012474012142e-01 0.000000000000000000e+00
3.991683991683991906e-01 0.000000000000000000e+00
3.970893970893970559e-01 0.000000000000000000e+00
3.950103950103949213e-01 0.000000000000000000e+00
3.929313929313928977e-01 0.000000000000000000e+00
3.908523908523908741e-01 0.000000000000000000e+00
3.887733887733887395e-01 0.000000000000000000e+00
3.866943866943866048e-01 0.000000000000000000e+00
3.846153846153845812e-01 0.000000000000000000e+00
3.825363825363825576e-01 0.000000000000000000e+00
3.804573804573804230e-01 0.000000000000000000e+00
3.783783783783782884e-01 0.000000000000000000e+00
3.762993762993762648e-01 0.000000000000000000e+00
3.742203742203742411e-01 0.000000000000000000e+00
3.721413721413721065e-01 0.000000000000000000e+00
3.700623700623699719e-01 0.000000000000000000e+00
3.679833679833679483e-01 0.000000000000000000e+00
3.659043659043659247e-01 0.000000000000000000e+00
3.638253638253637900e-01 0.000000000000000000e+00
3.617463617463616554e-01 0.000000000000000000e+00
3.596673596673596318e-01 0.000000000000000000e+00
3.575883575883576082e-01 0.000000000000000000e+00
3.555093555093554736e-01 0.000000000000000000e+00
3.534303534303533390e-01 0.000000000000000000e+00
3.513513513513513153e-01 0.000000000000000000e+00
3.492723492723492917e-01 0.000000000000000000e+00
3.471933471933471571e-01 0.000000000000000000e+00
3.451143451143450225e-01 0.000000000000000000e+00
3.430353430353429989e-01 0.000000000000000000e+00
3.409563409563409753e-01 0.000000000000000000e+00
3.388773388773388406e-01 0.000000000000000000e+00
3.367983367983367060e-01 0.000000000000000000e+00
3.347193347193346824e-01 0.000000000000000000e+00
3.326403326403326588e-01 0.000000000000000000e+00
3.305613305613305242e-01 0.000000000000000000e+00
3.284823284823283895e-01 0.000000000000000000e+00
3.264033264033263659e-01 0.000000000000000000e+00
3.243243243243243423e-01 0.000000000000000000e+00
3.222453222453222077e-01 0.000000000000000000e+00
3.201663201663200731e-01 0.000000000000000000e+00
3.180873180873180495e-01 0.000000000000000000e+00
3.160083160083160259e-01 0.000000000000000000e+00
3.139293139293138912e-01 0.000000000000000000e+00
3.118503118503117566e-01 0.000000000000000000e+00
3.097713097713097330e-01 0.000000000000000000e+00
3.076923076923077094e-01 0.000000000000000000e+00
3.056133056133055748e-01 0.000000000000000000e+00
3.035343035343034401e-01 0.000000000000000000e+00
3.014553014553014165e-01 0.000000000000000000e+00
2.993762993762993929e-01 0.000000000000000000e+00
2.972972972972972583e-01 0.000000000000000000e+00
2.952182952182951237e-01 0.000000000000000000e+00
2.931392931392931001e-01 0.000000000000000000e+00
2.910602910602910764e-01 0.000000000000000000e+00
2.889812889812889418e-01 0.000000000000000000e+00
2.869022869022868072e-01 0.000000000000000000e+00
2.848232848232847836e-01 0.000000000000000000e+00
2.827442827442827600e-01 0.000000000000000000e+00
2.806652806652806253e-01 0.000000000000000000e+00
2.785862785862784907e-01 0.000000000000000000e+00
2.765072765072764671e-01 0.000000000000000000e+00
2.744282744282744435e-01 0.000000000000000000e+00
2.723492723492723089e-01 0.000000000000000000e+00
2.702702702702701743e-01 0.000000000000000000e+00
2.681912681912681506e-01 0.000000000000000000e+00
2.661122661122661270e-01 0.000000000000000000e+00
2.640332640332639924e-01 0.000000000000000000e+00
2.619542619542618578e-01 0.000000000000000000e+00
2.598752598752598342e-01 0.000000000000000000e+00
2.577962577962578106e-01 0.000000000000000000e+00
2.557172557172556759e-01 0.000000000000000000e+00
2.536382536382535413e-01 0.000000000000000000e+00
2.515592515592515177e-01 0.000000000000000000e+00
2.494802494802494941e-01 0.000000000000000000e+00
2.474012474012473595e-01 0.000000000000000000e+00
2.453222453222452248e-01 0.000000000000000000e+00
2.432432432432432012e-01 0.000000000000000000e+00
2.411642411642411776e-01 0.000000000000000000e+00
2.390852390852390430e-01 0.000000000000000000e+00
2.370062370062369084e-01 0.000000000000000000e+00
2.349272349272348848e-01 0.000000000000000000e+00
2.328482328482328612e-01 0.000000000000000000e+00
2.307692307692307265e-01 0.000000000000000000e+00
2.286902286902285919e-01 0.000000000000000000e+00
2.266112266112265683e-01 0.000000000000000000e+00
2.245322245322245447e-01 0.000000000000000000e+00
2.224532224532224101e-01 0.000000000000000000e+00
2.203742203742202754e-01 0.000000000000000000e+00
2.182952182952182518e-01 0.000000000000000000e+00
2.162162162162162282e-01 0.000000000000000000e+00
2.141372141372140936e-01 0.000000000000000000e+00
2.120582120582119590e-01 0.000000000000000000e+00
2.099792099792099354e-01 0.000000000000000000e+00
2.079002079002079117e-01 0.000000000000000000e+00
2.058212058212057771e-01 0.000000000000000000e+00
2.037422037422036425e-01 0.000000000000000000e+00
2.016632016632016189e-01 0.000000000000000000e+00
1.995841995841995953e-01 0.000000000000000000e+00
1.975051975051974607e-01 0.000000000000000000e+00
1.954261954261953260e-01 0.000000000000000000e+00
1.933471933471933024e-01 0.000000000000000000e+00
1.912681912681912788e-01 0.000000000000000000e+00
1.891891891891891442e-01 0.000000000000000000e+00
1.871101871101870096e-01 0.000000000000000000e+00
1.850311850311849859e-01 0.000000000000000000e+00
1.829521829521829623e-01 0.000000000000000000e+00
1.808731808731808277e-01 0.000000000000000000e+00
1.787941787941786931e-01 0.000000000000000000e+00
1.767151767151766695e-01 0.000000000000000000e+00
1.746361746361746459e-01 0.000000000000000000e+00
1.725571725571725112e-01 0.000000000000000000e+00
1.704781704781703766e-01 0.000000000000000000e+00
1.683991683991683530e-01 0.000000000000000000e+00
1.663201663201663294e-01 0.000000000000000000e+00
1.642411642411641948e-01 0.000000000000000000e+00
1.621621621621620601e-01 0.000000000000000000e+00
1.600831600831600365e-01 0.000000000000000000e+00
1.580041580041580129e-01 0.000000000000000000e+00
1.559251559251558783e-01 0.000000000000000000e+00
1.538461538461537437e-01 0.000000000000000000e+00
1.517671517671517201e-01 0.000000000000000000e+00
1.496881496881496965e-01 0.000000000000000000e+00
1.476091476091475618e-01 0.000000000000000000e+00
1.455301455301454272e-01 0.000000000000000000e+00
1.434511434511434036e-01 0.000000000000000000e+00
1.413721413721413800e-01 0.000000000000000000e+00
1.392931392931392454e-01 0.000000000000000000e+00
1.372141372141371107e-01 0.000000000000000000e+00
1.351351351351350871e-01 0.000000000000000000e+00
1.330561330561330635e-01 0.000000000000000000e+00
1.309771309771309289e-01 0.000000000000000000e+00
1.288981288981287943e-01 0.000000000000000000e+00
1.268191268191267707e-01 0.000000000000000000e+00
1.247401247401247470e-01 0.000000000000000000e+00
1.226611226611226124e-01 0.000000000000000000e+00
1.205821205821204778e-01 0.000000000000000000e+00
1.185031185031184542e-01 0.000000000000000000e+00
1.164241164241164306e-01 0.000000000000000000e+00
1.143451143451142960e-01 0.000000000000000000e+00
1.122661122661121613e-01 0.000000000000000000e+00
1.101871101871101377e-01 0.000000000000000000e+00
1.081081081081081141e-01 0.000000000000000000e+00
1.060291060291059795e-01 0.000000000000000000e+00
1.039501039501038449e-01 0.000000000000000000e+00
1.018711018711018212e-01 0.000000000000000000e+00
9.979209979209979764e-02 0.000000000000000000e+00
9.771309771309766301e-02 0.000000000000000000e+00
9.563409563409552838e-02 0.000000000000000000e+00
9.355509355509350478e-02 0.000000000000000000e+00
9.147609147609148117e-02 0.000000000000000000e+00
8.939708939708934654e-02 0.000000000000000000e+00
8.731808731808721191e-02 0.000000000000000000e+00
8.523908523908518831e-02 0.000000000000000000e+00
8.316008316008316470e-02 0.000000000000000000e+00
8.108108108108103007e-02 0.000000000000000000e+00
7.900207900207889544e-02 0.000000000000000000e+00
7.692307692307687184e-02 0.000000000000000000e+00
7.484407484407484823e-02 0.000000000000000000e+00
7.276507276507271360e-02 0.000000000000000000e+00
7.068607068607057897e-02 0.000000000000000000e+00
6.860706860706855537e-02 0.000000000000000000e+00
6.652806652806653176e-02 0.000000000000000000e+00
6.444906444906439713e-02 0.000000000000000000e+00
6.237006237006226250e-02 0.000000000000000000e+00
6.029106029106023890e-02 0.000000000000000000e+00
5.821205821205821529e-02 0.000000000000000000e+00
5.613305613305608066e-02 0.000000000000000000e+00
5.405405405405394603e-02 0.000000000000000000e+00
5.197505197505192243e-02 0.000000000000000000e+00
4.989604989604989882e-02 0.000000000000000000e+00
4.781704781704776419e-02 0.000000000000000000e+00
4.573804573804562956e-02 0.000000000000000000e+00
4.365904365904360596e-02 0.000000000000000000e+00
4.158004158004158235e-02 0.000000000000000000e+00
3.950103950103944772e-02 0.000000000000000000e+00
3.742203742203731309e-02 0.000000000000000000e+00
3.534303534303528949e-02 0.000000000000000000e+00
3.326403326403326588e-02 0.000000000000000000e+00
3.118503118503113125e-02 0.000000000000000000e+00
2.910602910602899662e-02 0.000000000000000000e+00
2.702702702702697302e-02 0.000000000000000000e+00
2.494802494802494941e-02 0.000000000000000000e+00
2.286902286902281478e-02 0.000000000000000000e+00
2.079002079002068015e-02 0.000000000000000000e+00
1.871101871101865655e-02 0.000000000000000000e+00
1.663201663201663294e-02 0.000000000000000000e+00
1.455301455301449831e-02 0.000000000000000000e+00
1.247401247401236368e-02 0.000000000000000000e+00
1.039501039501034008e-02 0.000000000000000000e+00
8.316008316008316470e-03 0.000000000000000000e+00
6.237006237006181841e-03 0.000000000000000000e+00
4.158004158004047213e-03 0.000000000000000000e+00
2.079002079002023606e-03 0.000000000000000000e+00
0.000000000000000000e+00 0.000000000000000000e+00
