9.999995120058376985e-01 5.252794703639851714e-14 5.244746307979245613e-14 1.049754101161909733e-13
9.999956081239806949e-01 4.008367651948228114e-12 4.245054460881091343e-12 8.253422112829319457e-12
9.999878007412787984e-01 2.739188939356712339e-11 3.259727132036714563e-11 5.998916071393427224e-11
9.999760906197185939e-01 8.732800395582291545e-11 1.233763405773221509e-10 2.107043445331450793e-10
9.999604789021875328e-01 1.846122714031925897e-10 3.263802174650642347e-10 5.109924888682567985e-10
9.999409671123615784e-01 2.950318725954525905e-10 6.874049584001162628e-10 9.824368309955688533e-10
9.999175571545568797e-01 3.781585816660026003e-10 1.225163985452799499e-09 1.603322567118801996e-09
9.998902513135443648e-01 3.995637047901136479e-10 1.910072414479792633e-09 2.309636119269906385e-09
9.998590522543258086e-01 3.515249100968636208e-10 2.659376563213298431e-09 3.010901473310161897e-09
9.998239630218744844e-01 2.571210039145060993e-10 3.357944776441510654e-09 3.615065780356016702e-09
9.997849870408374029e-01 1.548831783170387076e-10 3.898747361778518792e-09 4.053630540095557680e-09
9.997421281152019112e-01 7.615954307163005385e-11 4.222299978739593160e-09 4.298459521811223201e-09
9.996953904279233249e-01 3.170316580248509260e-11 4.333317100881615704e-09 4.365020266684100984e-09
9.996447785405175868e-01 1.425629799459931174e-11 4.287750171307520607e-09 4.302006469302119615e-09
9.995902973926158452e-01 1.039895700696010269e-11 4.161924629771788917e-09 4.172323586778749406e-09
9.995319523014819518e-01 1.033642033377200551e-11 4.022858370770969430e-09 4.033194791104741733e-09
9.994697489614939867e-01 1.029080358265092486e-11 3.912197868914727887e-09 3.922488672497378455e-09
9.994036934435882591e-01 9.973765384280323849e-12 3.844805574918115238e-09 3.854779340302395473e-09
9.993337921946667812e-01 9.798572970344526155e-12 3.816290321867408664e-09 3.826088894837753598e-09
9.992600520369684380e-01 9.851501966133811801e-12 3.813181758618171462e-09 3.823033260584304902e-09
9.991824801674024092e-01 1.000903461802426680e-11 3.821495874009172886e-09 3.831504908627197001e-09
9.991010841568465084e-01 1.017718340910226961e-11 3.831602661586702549e-09 3.841779844995804515e-09
9.990158719494078854e-01 1.033386214420816999e-11 3.839227518498141828e-09 3.849561380642349624e-09
9.989268518616477577e-01 1.048604224661685765e-11 3.843921753459865138e-09 3.854407795706482068e-09
9.988340325817697263e-01 1.064224521622546464e-11 3.846855791950423386e-09 3.857498037166648655e-09
9.987374231687720094e-01 1.080716277429454959e-11 3.849241995705771728e-09 3.860049158480066486e-09
9.986370330515627058e-01 1.098262701815929784e-11 3.851735585062774589e-09 3.862718212080933887e-09
9.985328720280406412e-01 1.116895620812845703e-11 3.854499055307062994e-09 3.865668011515191786e-09
9.984249502641378005e-01 1.136601598560425206e-11 3.857471995639610184e-09 3.868838011625214769e-09
9.983132782928282323e-01 1.157380243424085024e-11 3.860568598048745048e-09 3.872142400482985559e-09
9.981978670130993159e-01 1.179255967146759689e-11 3.863745611098044738e-09 3.875538170769512015e-09
9.980787276888887227e-01 1.202268310681069214e-11 3.866994867672211686e-09 3.879017550779022318e-09
9.979558719479844076e-01 1.226461671256077881e-11 3.870320313707266616e-09 3.882584930419827545e-09
9.978293117808900714e-01 1.251880885346095578e-11 3.873725364448642300e-09 3.886244173302103122e-09
9.976990595396547645e-01 1.278570918776083693e-11 3.877210688166664256e-09 3.889996397354425040e-09
9.975651279366677393e-01 1.306577702563761326e-11 3.880775665630226775e-09 3.893841442655864435e-09
9.974275300434174429e-01 1.335948679639682450e-11 3.884419571521190586e-09 3.897779058317587536e-09
9.972862792892155381e-01 1.366732934041816043e-11 3.888141862414939933e-09 3.901809191755358016e-09
9.971413894598866179e-01 1.398981171200101049e-11 3.891942092132913445e-09 3.905931903844914323e-09
9.969928746964227262e-01 1.432745679999404433e-11 3.895819821850402947e-09 3.910147278650396998e-09
9.968407494936027957e-01 1.468080356834788849e-11 3.899774590024134278e-09 3.914455393592481882e-09
9.966850286985786678e-01 1.505040714143048949e-11 3.903805906897289946e-09 3.918856314038720665e-09
9.965257275094251410e-01 1.543683913769498056e-11 3.907913249459519157e-09 3.923350088597214064e-09
9.963628614736577127e-01 1.584068767759709256e-11 3.912096054090706479e-09 3.927936741768303223e-09
9.961964464867141267e-01 1.626255782816098315e-11 3.916353709521060987e-09 3.932616267349222119e-09
9.960264987904039469e-01 1.670307156098994941e-11 3.920685550854224312e-09 3.937388622415214610e-09
9.958530349713224927e-01 1.716286816408621223e-11 3.925090854748647441e-09 3.942253722912733860e-09
9.956760719592329112e-01 1.764260429947181047e-11 3.929568835715217982e-09 3.947211440014690174e-09
9.954956270254131656e-01 1.814295432227539310e-11 3.934118643309029125e-09 3.952261597631304883e-09
9.953117177809707172e-01 1.866461047366732464e-11 3.938739360185111472e-09 3.957403970658778745e-09
9.951243621751235668e-01 1.920828309761804456e-11 3.943430001189013296e-09 3.962638284286631570e-09
9.949335784934484339e-01 1.977470088043643803e-11 3.948189512585346263e-09 3.967964213465782908e-09
9.947393853560966281e-01 2.036461112901986174e-11 3.953016772553271578e-09 3.973381383682291824e-09
9.945418017159757262e-01 2.097877994229358472e-11 3.957910591786808947e-09 3.978889371729102354e-09
9.943408468569007175e-01 2.161799257986627197e-11 3.962869714702156310e-09 3.984487707282022743e-09
9.941365403917118426e-01 2.228305354065840022e-11 3.967892820733344194e-09 3.990175874274002494e-09
9.939289022603595702e-01 2.297478705956023202e-11 3.972978526120608470e-09 3.995953313180168347e-09
9.937179527279598190e-01 2.369403713512849484e-11 3.978125385659194923e-09 4.001819422794323686e-09
9.935037123828147632e-01 2.444166802435397282e-11 3.983331894603792067e-09 4.007773562628146205e-09
9.932862021344046610e-01 2.521856431793737886e-11 3.988596490651217724e-09 4.013815054969155362e-09
9.930654432113461549e-01 2.602563145315985546e-11 3.993917555667294214e-09 4.019943187120454441e-09
9.928414571593210391e-01 2.686379572584714064e-11 3.999293417620688261e-09 4.026157213346535628e-09
9.926142658389730533e-01 2.773400495470926605e-11 4.004722352185372431e-09 4.032456357140081626e-09
9.923838914237745890e-01 2.863722835797087899e-11 4.010202584471798344e-09 4.038839812829769019e-09
9.921503563978625317e-01 2.957445729215501143e-11 4.015732290096595064e-09 4.045306747388749791e-09
9.919136835538435726e-01 3.054670524810260609e-11 4.021309596811499483e-09 4.051856302059602141e-09
9.916738959905700979e-01 3.155500836606216841e-11 4.026932585167779222e-09 4.058487593533841235e-09
9.914310171108856595e-01 3.260042564988737517e-11 4.032599289766551695e-09 4.065199715416439174e-09
9.911850706193405802e-01 3.368403948315956162e-11 4.038307699615469352e-09 4.071991739098628746e-09
9.909360805198790256e-01 3.480695571081567498e-11 4.044055759040723529e-09 4.078862714751539255e-09
9.906840711134956567e-01 3.597030427185986241e-11 4.049841367933921463e-09 4.085811672205781506e-09
9.904290669958643045e-01 3.717523938133488222e-11 4.055662382043951182e-09 4.092837621425285806e-09
9.901710930549372236e-01 3.842294001122146015e-11 4.061516613318122372e-09 4.099939553329344136e-09
9.899101744685164794e-01 3.971461015863126601e-11 4.067401829897899774e-09 4.107116440056531220e-09
9.896463367017959145e-01 4.105147939758280774e-11 4.073315756062962618e-09 4.114367235460545542e-09
9.893796055048764693e-01 4.243480308969396880e-11 4.079256072172490517e-09 4.121690875262184750e-09
9.891100069102528591e-01 4.386586297338927250e-11 4.085220414605028258e-09 4.129086277578417828e-09
9.888375672302726072e-01 4.534596743480941677e-11 4.091206375372768180e-09 4.136552342807577383e-09
9.885623130545682091e-01 4.687645204671548816e-11 4.097211502000062153e-09 4.144087954046777324e-09
9.882842712474618763e-01 4.845867992739505584e-11 4.103233297327938121e-09 4.151691977255333138e-09
9.880034689453439656e-01 5.009404220403373225e-11 4.109269218964495663e-09 4.159363261168529143e-09
9.877199335540239877e-01 5.178395857172817372e-11 4.115316679170401857e-09 4.167100637742129630e-09
9.874336927460564128e-01 5.352987755982691568e-11 4.121373044515579071e-09 4.174902922075405573e-09
9.871447744580394978e-01 5.533327723901936589e-11 4.127435635251119276e-09 4.182768912490138649e-09
9.868532068878886898e-01 5.719566555076881978e-11 4.133501725271029426e-09 4.190697390821797910e-09
9.865590184920849381e-01 5.911858087992294685e-11 4.139568541644164689e-09 4.198687122524087972e-09
9.862622379828970276e-01 6.110359258161638954e-11 4.145633264176182549e-09 4.206736856757798964e-09
9.859628943255793754e-01 6.315230150871979902e-11 4.151693025162957780e-09 4.214845326671677359e-09
9.856610167355454033e-01 6.526634046045630956e-11 4.157744908984828024e-09 4.223011249445284683e-09
9.853566346755155969e-01 6.744737496924439132e-11 4.163785951720441895e-09 4.231233326689686286e-09
9.850497778526424719e-01 6.969710357904827523e-11 4.169813140915055757e-09 4.239510244494104330e-09
9.847404762156110047e-01 7.201725871553585877e-11 4.175823415017887132e-09 4.247840673733423004e-09
9.844287599517156373e-01 7.440960709899966800e-11 4.181813663390769487e-09 4.256223270489769401e-09
9.841146594839141892e-01 7.687595044011134382e-11 4.187780725639217065e-09 4.264656676079328228e-09
9.837982054678586774e-01 7.941812612128093656e-11 4.193721391506303401e-09 4.273139517627584712e-09
9.834794287889031539e-01 8.203800772363313697e-11 4.199632400610282113e-09 4.281670408333914862e-09
9.831583605590895614e-01 8.473750591877046742e-11 4.205510441867739271e-09 4.290247947786509674e-09
9.828350321141110513e-01 8.751856892895551845e-11 4.211352153502035596e-09 4.298870722430991141e-09
9.825094750102538743e-01 9.038318340294156870e-11 4.217154122521987465e-09 4.307537305924928633e-09
9.821817210213173999e-01 9.333337514604074596e-11 4.222912884732999105e-09 4.316246259879039876e-09
9.818518021355132630e-01 9.637120978513540239e-11 4.228624924154139314e-09 4.324996133939274562e-09
9.815197505523430843e-01 9.949879367580179132e-11 4.234286672933655722e-09 4.333785466609457876e-09
9.811855986794559836e-01 1.027182746605676647e-10 4.239894511090192157e-09 4.342612785750759524e-09
9.808493791294855546e-01 1.060318428628097742e-10 4.245444766155186059e-09 4.351476609017995936e-09
9.805111247168674105e-01 1.094417316919451739e-10 4.250933713126850772e-09 4.360375444818795816e-09
9.801708684546357464e-01 1.129502185884723061e-10 4.256357574126796325e-09 4.369307792715268295e-09
9.798286435512020276e-01 1.165596260218041577e-10 4.261712518200537458e-09 4.378272144222341408e-09
9.794844834071133599e-01 1.202723224476716449e-10 4.266994661037454105e-09 4.387266983485125413e-09
9.791384216117932082e-01 1.240907233136340001e-10 4.272200064917233106e-09 4.396290788230866977e-09
9.787904919402626858e-01 1.280172920468015963e-10 4.277324738368210354e-09 4.405342030415011976e-09
9.784407283498444130e-01 1.320545411846246478e-10 4.282364636164308571e-09 4.414419177348933090e-09
9.780891649768482798e-01 1.362050333549357911e-10 4.287315658970334817e-09 4.423520692325270892e-09
9.777358361332395553e-01 1.404713825951370802e-10 4.292173653168456194e-09 4.432645035763593068e-09
9.773807763032905660e-01 1.448562553578364404e-10 4.296934410966215578e-09 4.441790666324051657e-09
9.770240201402148328e-01 1.493623719682252407e-10 4.301593669889205198e-09 4.450956041857430593e-09
9.766656024627848875e-01 1.539925076382865357e-10 4.306147112849423190e-09 4.460139620487710062e-09
9.763055582519343245e-01 1.587494940386645413e-10 4.310590368060293201e-09 4.469339862098957561e-09
9.759439226473431983e-01 1.636362205005973043e-10 4.314919008716488411e-09 4.478555229217085896e-09
9.755807309440091002e-01 1.686556356396542017e-10 4.319128552934841060e-09 4.487784188574495081e-09
9.752160185888020250e-01 1.738107487154905350e-10 4.323214463782102632e-09 4.497025212497593374e-09
9.748498211770049160e-01 1.791046312308573187e-10 4.327172148961301780e-09 4.506276780192159021e-09
9.744821744488394444e-01 1.845404186747109458e-10 4.330996960931394346e-09 4.515537379606105498e-09
9.741131142859783543e-01 1.901213120069517484e-10 4.334684196592724627e-09 4.524805508599676557e-09
9.737426767080428203e-01 1.958505796784867088e-10 4.338229097229773724e-09 4.534079676908260614e-09
9.733708978690873703e-01 2.017315593388418582e-10 4.341626848664334361e-09 4.543358408003176555e-09
9.729978140540713749e-01 2.077676598240523927e-10 4.344872580864760695e-09 4.552640240688813088e-09
9.726234616753175466e-01 2.139623631750888073e-10 4.347961367978069540e-09 4.561923731153158192e-09
9.722478772689578941e-01 2.203192267720205910e-10 4.350888228350010249e-09 4.571207455122030556e-09
9.718710974913684630e-01 2.268418855837532599e-10 4.353648124242108561e-09 4.580490009825861950e-09
9.714931591155913093e-01 2.335340544242245350e-10 4.356235961980510308e-09 4.589770016404734791e-09
9.711140990277458140e-01 2.403995305254695263e-10 4.358646591680177891e-09 4.599046122205647158e-09
9.707339542234280083e-01 2.474421958718202749e-10 4.360874807314578593e-09 4.608317003186398920e-09
9.703527618041007941e-01 2.546660202296714673e-10 4.362915346467595744e-09 4.617581366697266952e-09
9.699705589734723965e-01 2.620750635885295332e-10 4.364762890425732885e-09 4.626837954014262315e-09
9.695873830338651578e-01 2.696734794344535683e-10 4.366412063905337733e-09 4.636085543339791611e-09
9.692032713825753376e-01 2.774655177090838713e-10 4.367857435079155497e-09 4.645322952788239679e-09
9.688182615082229221e-01 2.854555281236634167e-10 4.369093515358747300e-09 4.654549043482411027e-09
9.684323909870928837e-01 2.936479636143006757e-10 4.370114759363940735e-09 4.663762722978241204e-09
9.680456974794680036e-01 3.020473840255495884e-10 4.370915564705101045e-09 4.672962948730650478e-09
9.676582187259528123e-01 3.106584598100673431e-10 4.371490271790407962e-09 4.682148731600475305e-09
9.672699925437905355e-01 3.194859763386517271e-10 4.371833163681474645e-09 4.691319140020126734e-09
9.668810568231721581e-01 3.285348378302474581e-10 4.371938466042012846e-09 4.700473303872260149e-09
9.664914495235383818e-01 3.378100720851940558e-10 4.371800346617741449e-09 4.709610418702935350e-09
9.661012086698749224e-01 3.473168352857685267e-10 4.371412915085851176e-09 4.718729750371619806e-09
9.657103723490010339e-01 3.570604168859265017e-10 4.370770222944706672e-09 4.727830639830633277e-09
9.653189787058525928e-01 3.670462449392387879e-10 4.369866263089411862e-09 4.736912508028650495e-09
9.649270659397592986e-01 3.772798920034389813e-10 4.368694969144763229e-09 4.745974861148202004e-09
9.645346723007161005e-01 3.877670808020166055e-10 4.367250215498669571e-09 4.755017296300686125e-09
9.641418360856505165e-01 3.985136907941675238e-10 4.365525816618229137e-09 4.764039507412396765e-09
9.637485956346846239e-01 4.095257649076889035e-10 4.363515526572190823e-09 4.773041291479879933e-09
9.633549893273931630e-01 4.208095165996514250e-10 4.361213038405421160e-09 4.782022555005072171e-09
9.629610555790577564e-01 4.323713375741229199e-10 4.358611983553281952e-09 4.790983321127404820e-09
9.625668328369179072e-01 4.442178058773221151e-10 4.355705931174534753e-09 4.799923737051856972e-09
9.621723595764181125e-01 4.563556945719944861e-10 4.352488387149625973e-09 4.808844081721620614e-09
9.617776742974534221e-01 4.687919808420431061e-10 4.348952793523339196e-09 4.817744774365381889e-09
9.613828155206111115e-01 4.815338559930979466e-10 4.345092527142698378e-09 4.826626383135796531e-09
9.609878217834116887e-01 4.945887357841022820e-10 4.340900898869366163e-09 4.835489634653468342e-09
9.605927316365476809e-01 5.079642719025093787e-10 4.336371152245442925e-09 4.844335424147952718e-09
9.601975836401208664e-01 5.216683637448178110e-10 4.331496462117989478e-09 4.853164825862806979e-09
9.598024163598791736e-01 5.357091713600134791e-10 4.326269933249060902e-09 4.861979104609074277e-09
9.594072683634523591e-01 5.500951296081109957e-10 4.320684598724143215e-09 4.870779728332254004e-09
9.590121782165883513e-01 5.648349623648213507e-10 4.314733417980931517e-09 4.879568380345752971e-09
9.586171844793889285e-01 5.799376992807001341e-10 4.308409274897046403e-09 4.888346974177746744e-09
9.582223257025466179e-01 5.954126923872844040e-10 4.301704975716787649e-09 4.897117668104072157e-09
9.578276404235819275e-01 6.112696350022707421e-10 4.294613246617236326e-09 4.905882881619506758e-09
9.574331671630822438e-01 6.275185816629635958e-10 4.287126730799558542e-09 4.914645312462522242e-09
9.570389444209422836e-01 6.441699699594054191e-10 4.279237985748010969e-09 4.923407955707416181e-09
9.566450106726069880e-01 6.612346439049608440e-10 4.270939480275648734e-09 4.932174124180609372e-09
9.562514043653154161e-01 6.787238797996753901e-10 4.262223590623617107e-09 4.940947470423292808e-09
9.558581639143495234e-01 6.966494136175460166e-10 4.253082596397170134e-09 4.949732010014716461e-09
9.554653276992839395e-01 7.150234719175522370e-10 4.243508676522374583e-09 4.958532148439927130e-09
9.550729340602407413e-01 7.338588045686080831e-10 4.233493904829591645e-09 4.967352709398200142e-09
9.546810212941474472e-01 7.531687213800884836e-10 4.223030244393902225e-09 4.976198965773990916e-09
9.542896276509990061e-01 7.729671320101084503e-10 4.212109541301772453e-09 4.985076673311881213e-09
9.538987913301251176e-01 7.932685898817299404e-10 4.200723518942551239e-09 4.993992108824280766e-09
9.535085504764616582e-01 8.140883410179164432e-10 4.188863771212571081e-09 5.002952112230487214e-09
9.531189431768278819e-01 8.354423776058819668e-10 4.176521753862034839e-09 5.011964131467916496e-09
9.527300074562096155e-01 8.573474980118692997e-10 4.163688775734934820e-09 5.021036273746804326e-09
9.523417812740473387e-01 8.798213734089247004e-10 4.150355989537807301e-09 5.030177362946732002e-09
9.519543025205320363e-01 9.028826217614452110e-10 4.136514381570212440e-09 5.039397003331657340e-09
9.515676090129071563e-01 9.265508913658006177e-10 4.122154758753787045e-09 5.048705650119587869e-09
9.511817384917771179e-01 9.508469536491640780e-10 4.107267734948666376e-09 5.058114688597830454e-09
9.507967286174247024e-01 9.757928078256456460e-10 4.091843716833319178e-09 5.067636524658964824e-09
9.504126169661348822e-01 1.001411798174605032e-09 4.075872887218652091e-09 5.077284685393257123e-09
9.500294410265276435e-01 1.027728745850200863e-09 4.059345185387675982e-09 5.087073931237876844e-09
9.496472381958991349e-01 1.054770096697824580e-09 4.042250285513965885e-09 5.097020382211790258e-09
9.492660457765720317e-01 1.082564087062055524e-09 4.024577573798544381e-09 5.107141660860599699e-09
9.488859009722542259e-01 1.111140929043745254e-09 4.006316122074677295e-09 5.117457051118422342e-09
9.485068408844086196e-01 1.140533017186628043e-09 3.987454656535024367e-09 5.127987673721652204e-09
9.481289025086315769e-01 1.170775157427555264e-09 3.967981524240182342e-09 5.138756681667737813e-09
9.477521227310421459e-01 1.201904820124017041e-09 3.947884656100100144e-09 5.149789476224117391e-09
9.473765383246824934e-01 1.233962416968283145e-09 3.927151524930846976e-09 5.161113941899130535e-09
9.470021859459285540e-01 1.266991602077897633e-09 3.905769098123182993e-09 5.172760700201080212e-09
9.466291021309126696e-01 1.301039595589533941e-09 3.883723785489552072e-09 5.184763381079086013e-09
9.462573232919572197e-01 1.336157527564858884e-09 3.861001383222083295e-09 5.197158910786942592e-09
9.458868857140216857e-01 1.372400797912778865e-09 3.837587011423563667e-09 5.209987809336342326e-09
9.455178255511605956e-01 1.409829445598939964e-09 3.813465045962492696e-09 5.223294491561432867e-09
9.451501788229951240e-01 1.448508520265455927e-09 3.788619045771873123e-09 5.237127566037329050e-09
9.447839814111980150e-01 1.488508442622710074e-09 3.763031675899670687e-09 5.251540118522380761e-09
9.444192690559909398e-01 1.529905342103761904e-09 3.736684626308530856e-09 5.266589968412292760e-09
9.440560773526568417e-01 1.572781352161708150e-09 3.709558527807297665e-09 5.282339879969005608e-09
9.436944417480657155e-01 1.617224843728604889e-09 3.681632866967180332e-09 5.298857710695785428e-09
9.433343975372151524e-01 1.663330571149071888e-09 3.652885902527575807e-09 5.316216473676647695e-09
9.429759798597852072e-01 1.711199703743237482e-09 3.623294584431553893e-09 5.334494288174791789e-09
9.426192236967094740e-01 1.760939710402537593e-09 3.592834480166988731e-09 5.353774190569525910e-09
9.422641638667604846e-01 1.812664064400434508e-09 3.561479711282601174e-09 5.374143775683035889e-09
9.419108350231517601e-01 1.866491730338692293e-09 3.529202904486722631e-09 5.395694634825414925e-09
9.415592716501556270e-01 1.922546397370404242e-09 3.495975163105297341e-09 5.418521560475701582e-09
9.412095080597373542e-01 1.980955420474446005e-09 3.461766063251117546e-09 5.442721483725563964e-09
9.408615783882068317e-01 2.041848431734911423e-09 3.426543681894977201e-09 5.468392113629889038e-09
9.405155165928866801e-01 2.105355593080015135e-09 3.390274662305387310e-09 5.495630255385402859e-09
9.401713564487980124e-01 2.171605456456236816e-09 3.352924324043079594e-09 5.524529780499316824e-09
9.398291315453642936e-01 2.240722417124896089e-09 3.314456824221440619e-09 5.555179241346336708e-09
9.394888752831326295e-01 2.312823742458791470e-09 3.274835376283958855e-09 5.587659118742750325e-09
9.391506208705144854e-01 2.388016182358766038e-09 3.234022532199775857e-09 5.622038714558542309e-09
9.388144013205440563e-01 2.466392170400104107e-09 3.191980533955656330e-09 5.658372704355760851e-09
9.384802494476569557e-01 2.548025647622036269e-09 3.148671738055485676e-09 5.696697385677522359e-09
9.381481978644867770e-01 2.632967555502137327e-09 3.104059116609501999e-09 5.737026672111639326e-09
9.378182789786826401e-01 2.721241062542965138e-09 3.058106834865961548e-09 5.779347897408926272e-09
9.374905249897461657e-01 2.812836606047523796e-09 3.010780906031075689e-09 5.823617512078599071e-09
9.371649678858889887e-01 2.907706855430109757e-09 2.962049919623881573e-09 5.869756775053991330e-09
9.368416394409104786e-01 3.005761711762183946e-09 2.911885836965095880e-09 5.917647548727279826e-09
9.365205712110968861e-01 3.106863481155110943e-09 2.860264846978150921e-09 5.967128328133262278e-09
9.362017945321413626e-01 3.210822370349803817e-09 2.807168270450362912e-09 6.017990640800166730e-09
9.358853405160858507e-01 3.317392460038768359e-09 2.752583499007273147e-09 6.069975959046041092e-09
9.355712400482844027e-01 3.426268319973624064e-09 2.696504952648976708e-09 6.122773272622600772e-09
9.352595237843890352e-01 3.537082428285413223e-09 2.638935037049991680e-09 6.176017465335404903e-09
9.349502221473575680e-01 3.649403548571950972e-09 2.579885078950738220e-09 6.229288627522689605e-09
9.346433653244844431e-01 3.762736213477818482e-09 2.519376217862227554e-09 6.282112431340046035e-09
9.343389832644546367e-01 3.876521437454486054e-09 2.457440230140852041e-09 6.333961667595338509e-09
9.340371056744206646e-01 3.990138762920154247e-09 2.394120260813900145e-09 6.384259023734054393e-09
9.337377620171030124e-01 4.102909710941882854e-09 2.329471439483057638e-09 6.432381150424940078e-09
9.334409815079151018e-01 4.214102676608891707e-09 2.263561357587905607e-09 6.477664034196796901e-09
9.331467931121113502e-01 4.322939264947422227e-09 2.196470385351535552e-09 6.519409650298957365e-09
9.328552255419606531e-01 4.428602031256915350e-09 2.128291810202845673e-09 6.556893841459761022e-09
9.325663072539436271e-01 4.530243537958094642e-09 2.059131781170838351e-09 6.589375319128932994e-09
9.322800664459760522e-01 4.626996606536861377e-09 1.989109047979497696e-09 6.616105654516359073e-09
9.319965310546560744e-01 4.717985601712523606e-09 1.918354487800832852e-09 6.636340089513356458e-09
9.317157287525381637e-01 4.802338542828041482e-09 1.847010417470445522e-09 6.649348960298487211e-09
9.314376869454318308e-01 4.879199818463487082e-09 1.775229694719369533e-09 6.654429513182856822e-09
9.311624327697274328e-01 4.947743243584292787e-09 1.703174616145457177e-09 6.650917859729749758e-09
9.308899930897471808e-01 5.007185183636265695e-09 1.631015625746510930e-09 6.638200809382776624e-09
9.306203944951235707e-01 5.056797464908306957e-09 1.558929852158907139e-09 6.615727317067214510e-09
9.303536632982041255e-01 5.095919776505768410e-09 1.487099497462992610e-09 6.583019273968761434e-09
9.300898255314835605e-01 5.123971282765783795e-09 1.415710103786696045e-09 6.539681386552479633e-09
9.298289069450628164e-01 5.140461175887201057e-09 1.344948727917223036e-09 6.485409903804424300e-09
9.295709330041357354e-01 5.144997913156348246e-09 1.275002056038981858e-09 6.419999969195329691e-09
9.293159288865043832e-01 5.137296920267023790e-09 1.206054492042510487e-09 6.343351412309534070e-09
9.290639194801210143e-01 5.117186568503048774e-09 1.138286254089279699e-09 6.255472822592328059e-09
9.288149293806594597e-01 5.084612275312049526e-09 1.071871513853487520e-09 6.156483789165537253e-09
9.285689828891143804e-01 5.039638622803963849e-09 1.006976611629868372e-09 6.046615234433832427e-09
9.283261040094299421e-01 4.982449436999924984e-09 9.437583793489235307e-10 5.926207816348848929e-09
9.280863164461564674e-01 4.913345816059176511e-09 8.823626004518018554e-10 5.795708416510978263e-09
9.278496436021375082e-01 4.832742149532998502e-09 8.229226331785386131e-10 5.655664782711537425e-09
9.276161085762254510e-01 4.741160219725978577e-09 7.655582201473505654e-10 5.506718439873328729e-09
9.273857341610269867e-01 4.639221517818660391e-09 7.103745027716520550e-10 5.349596020590312343e-09
9.271585428406790008e-01 4.527637957049318854e-09 6.574612553642401207e-10 5.185099212413558975e-09
9.269345567886538850e-01 4.407201194503999229e-09 6.068923488078795896e-10 5.014093543311878612e-09
9.267137978655953789e-01 4.278770809280324940e-09 5.587254488706821460e-10 4.837496258151007086e-09
9.264962876171852768e-01 4.143261604831653065e-09 5.130019496844495055e-10 4.656263554516102674e-09
9.262820472720402210e-01 4.001630316887120980e-09 4.697471378374790127e-10 4.471377454724600406e-09
9.260710977396404697e-01 3.854862019790472635e-09 4.289705779828271913e-10 4.283832597773300188e-09
9.258634596082881973e-01 3.703956515165346356e-09 3.906667065791400159e-10 4.094623221744486630e-09
9.256591531430993225e-01 3.549914986492366147e-09 3.548156159168556547e-10 3.904730602409221647e-09
9.254581982840243137e-01 3.393727176773447475e-09 3.213840074055271813e-10 3.715111184178974656e-09
9.252606146439035228e-01 3.236359334100084377e-09 2.903262900237132370e-10 3.526685624123797562e-09
9.250664215065516061e-01 3.078743129996532195e-09 2.615857974782804268e-10 3.340328927474812570e-09
9.248756378248765841e-01 2.921765737474896742e-09 2.350960963081449048e-10 3.156861833783041750e-09
9.246882822190293227e-01 2.766261202111830453e-09 2.107823565126400255e-10 2.977043558624470634e-09
9.245043729745868744e-01 2.613003218054800258e-09 1.885627564637098071e-10 2.801565974518509987e-09
9.243239280407671288e-01 2.462699372243256819e-09 1.683498949851616365e-10 2.631049267228418637e-09
9.241469650286775472e-01 2.315986882534512148e-09 1.500521851043286743e-10 2.466039067638840744e-09
9.239735012095962041e-01 2.173429819519599179e-09 1.335752060614647193e-10 2.307005025581063717e-09
9.238035535132859133e-01 2.035517767114381891e-09 1.188229931111814742e-10 2.154340760225563366e-09
9.236371385263423273e-01 1.902665838599747505e-09 1.056992494699196454e-10 2.008365088069667344e-09
9.234742724905748990e-01 1.775215956119883508e-09 9.410847371432035078e-11 1.869324429834204053e-09
9.233149713014213722e-01 1.653439270063212196e-09 8.395700668806986568e-11 1.737396276751282049e-09
9.231592505063972443e-01 1.537539590842130951e-09 7.515400488328820054e-11 1.612693595725419126e-09
9.230071253035773138e-01 1.427657660552791288e-09 6.761232479459481168e-11 1.495269985347386061e-09
9.228586105401134221e-01 1.323876029332505859e-09 6.124924780346425230e-11 1.385125277135970072e-09
9.227137207107845018e-01 1.226224225502587116e-09 5.598692421793994513e-11 1.282211149720527120e-09
9.225724699565825970e-01 1.134683941101542803e-09 5.175246777599816409e-11 1.186436408877540955e-09
9.224348720633323007e-01 1.049194188118443305e-09 4.847790929537541593e-11 1.097672097413818825e-09
9.223009404603452754e-01 9.696569009983631421e-10 4.610073805179468365e-11 1.015757639050157858e-09
9.221706882191100796e-01 8.959440409976580031e-10 4.456628560783752561e-11 9.405103266054955223e-10
9.220441280520156324e-01 8.279074015460092362e-10 4.383321910875264281e-11 8.717406206547618467e-10
9.219212723111112062e-01 7.653914756588390549e-10 4.388233247276289437e-11 8.092738081316019169e-10
9.218021329869006131e-01 7.082475526049125734e-10 4.472647948483309779e-11 7.529740320897456712e-10
9.216867217071718077e-01 6.563442935702516405e-10 4.641654353833121157e-11 7.027608371085828068e-10
9.215750497358622395e-01 6.095676685438794917e-10 4.903630864557310983e-11 6.586039771894525822e-10
9.214671279719595098e-01 5.678032352786448687e-10 5.267977707033209121e-11 6.204830123489769211e-10
9.213629669484373341e-01 5.308974001932354867e-10 5.740888747875215942e-11 5.883062876719876656e-10
9.212625768312281416e-01 4.986013328158652299e-10 6.319705411679202608e-11 5.617983869326572560e-10
9.211659674182303137e-01 4.705093511161742140e-10 6.987195988835646092e-11 5.403813110045307137e-10
9.210731481383522823e-01 4.460097745757392438e-10 7.707611123311450644e-11 5.230858858088537761e-10
9.209841280505921546e-01 4.242672723337087001e-10 8.426291048535115960e-11 5.085301828190598338e-10
9.208989158431535316e-01 4.042505714859625869e-10 9.073859706432774183e-11 4.949891685502902770e-10
9.208175198325976307e-01 3.848089850052697246e-10 9.574819390190597923e-11 4.805571789071757038e-10
9.207399479630316019e-01 3.647888847450063095e-10 9.859047496096085083e-11 4.633793597059671732e-10
9.206662078053332587e-01 3.431707162208049971e-10 9.873738883337582462e-11 4.419081050541808088e-10
9.205963065564117809e-01 3.192015771477497790e-10 9.593059791730073899e-11 4.151321750650505309e-10
9.205302510385060533e-01 2.924989521249314020e-10 9.023273403315358924e-11 3.827316861580850041e-10
9.204680476985180881e-01 2.631071318612202981e-10 8.202198788774962836e-11 3.451291197489699523e-10
9.204097026073841947e-01 2.314969862134815711e-10 7.193228850682035314e-11 3.034292747203019372e-10
9.203552214594824532e-01 1.985096440362289560e-10 6.075360622770277418e-11 2.592632502639317173e-10
9.203046095720767150e-01 1.652531341308695478e-10 4.931461568626935203e-11 2.145677498171388999e-10
9.202578718847981287e-01 1.329671772096357943e-10 3.837152214256065472e-11 1.713386993521964491e-10
9.202150129591626371e-01 1.028746595261751554e-10 2.852262288560996939e-11 1.313972824117851151e-10
9.201760369781255555e-01 7.603916198407529741e-11 2.016002297225454803e-11 9.619918495632984220e-11
9.201409477456742314e-01 5.324653726235491811e-11 1.346050270314682345e-11 6.670703996550173994e-11
9.201097486864556751e-01 3.492515814713434983e-11 8.409394204316702588e-12 4.333455235145104919e-11
9.200824428454430493e-01 2.111445927153782430e-11 4.846214736578100053e-12 2.596067400811592274e-11
9.200590328876385726e-01 1.148514128540024968e-11 2.519328686633917240e-12 1.400446997203416611e-11
9.200395210978125071e-01 5.407601992197084965e-12 1.138590468529424258e-12 6.546192460726509223e-12
9.200239093802814461e-01 2.058731575766200431e-12 4.185695595813242607e-13 2.477301135347524793e-12
9.200121992587212416e-01 5.520312690134111291e-13 1.091799078202352722e-13 6.612111768336464013e-13
9.200043918760192341e-01 7.297092193197013922e-14 1.415934852760601727e-14 8.713027045957615649e-14
9.200004879941623415e-01 9.098314619508971636e-16 1.748294922382655567e-16 1.084660954189162794e-15
