9.999511403792858966e-01 1.730121806788591926e-04
9.995603277868360115e-01 1.557490502358946675e-03
9.987790458631814472e-01 4.328481071552672983e-03
9.976079808293165652e-01 8.490063784153682042e-03
9.960481612632586801e-01 1.404838699743584697e-02
9.941009571966202829e-01 2.101169762866318333e-02
9.917680789112734985e-01 2.939037543586612428e-02
9.890515754371629331e-01 3.919696833087271681e-02
9.859538327525879664e-01 5.044622677332050165e-02
9.824775716885326693e-01 6.315513730910578272e-02
9.786258455388876509e-01 7.734295785748762642e-02
9.744020373786591582e-01 9.303125995848185448e-02
9.698098570925226536e-01 1.102439852888836558e-01
9.648533381163315603e-01 1.290075247422581839e-01
9.595368338944416653e-01 1.493508277622830616e-01
9.538650140559629120e-01 1.713055472047318450e-01
9.478428603132990071e-01 1.949062209549758118e-01
9.414756620865742942e-01 2.201904864426705577e-01
9.347690118577937080e-01 2.471993190031789855e-01
9.277288002588147675e-01 2.759772807838639097e-01
9.203612108974464912e-01 3.065727644634365645e-01
9.126727149262208183e-01 3.390382158971703142e-01
9.046700653586029484e-01 3.734303218038204641e-01
8.963602911376390425e-01 4.098101521194431052e-01
8.877506909622453479e-01 4.482432506701184427e-01
8.788488268765635159e-01 4.887996713254906256e-01
8.696625176280136094e-01 5.315539589908845342e-01
8.601998317998776900e-01 5.765850753002877971e-01
8.504690807244444928e-01 6.239762677686199188e-01
8.404788111829427644e-01 6.738148788987787796e-01
8.302377978986722473e-01 7.261920889577833105e-01
8.197550358299280360e-01 7.812025834769732446e-01
8.090397322694850013e-01 8.389441344816420676e-01
7.981012987575850648e-01 8.995170832726422372e-01
7.869493428155271975e-01 9.630237122902284286e-01
7.755936595071220019e-01 1.029567494037312958e+00
7.640442228354227261e-01 1.099252205985936426e+00
7.523111769822898864e-01 1.172180901595241354e+00
7.404048273984822348e-01 1.248454728849338613e+00
7.283356317521011425e-01 1.328171588983188434e+00
7.161141907433389298e-01 1.411424629290043864e+00
7.037512387935972447e-01 1.498300565137008489e+00
6.912576346171562802e-01 1.588877827621647532e+00
6.786443516836715428e-01 1.683224534743280376e+00
6.659224685798802446e-01 1.781396285576783312e+00
6.531031592789795504e-01 1.883433778736691044e+00
6.401976833262242872e-01 1.989360258393192860e+00
6.272173759493646639e-01 2.099178793221930128e+00
6.141736381026098313e-01 2.212869395902687497e+00
6.010779264528620658e-01 2.330385993094986397e+00
5.879417433170170959e-01 2.451653258185237050e+00
5.747766265591691681e-01 2.576563321504484083e+00
5.615941394565933109e-01 2.704972375155179964e+00
5.484058605434068978e-01 2.836697192073854623e+00
5.352233734408310406e-01 2.971511581527996881e+00
5.220582566829828908e-01 3.109142805958680977e+00
5.089220735471380319e-01 3.249267987023758852e+00
4.958263618973901554e-01 3.391510531993979782e+00
4.827826240506353783e-01 3.535436615469064847e+00
4.698023166737757550e-01 3.680551755921249057e+00
4.568968407210204918e-01 3.826297532094146359e+00
4.440775314201198531e-01 3.972048491087476929e+00
4.313556483163285549e-01 4.117109308391224687e+00
4.187423653828435954e-01 4.260712270590143902e+00
4.062487612064026310e-01 4.402015164382738099e+00
3.938858092566611124e-01 4.540099671454465913e+00
3.816643682478988997e-01 4.673970388224002015e+00
3.695951726015179184e-01 4.802554613340870304e+00
3.576888230177101002e-01 4.924703075158451959e+00
3.459557771645773161e-01 5.039191807809038970e+00
3.344063404928781513e-01 5.144725430121255272e+00
3.230506571844727337e-01 5.239942139138928923e+00
3.118987012424149219e-01 5.323420802231400017e+00
3.009602677305150964e-01 5.393690620563035942e+00
2.902449641700720062e-01 5.449243940877608772e+00
2.797622021013277394e-01 5.488552905032674900e+00
2.695211888170573333e-01 5.510090730676306947e+00
2.595309192755556604e-01 5.512358481850425207e+00
2.498001682001224633e-01 5.493918170096520726e+00
2.403374823719863773e-01 5.453432866918531019e+00
2.311511731234365818e-01 5.389714144534196727e+00
2.222493090377546943e-01 5.301776541503518736e+00
2.136397088623609997e-01 5.188897852911925845e+00
2.053299346413969828e-01 5.050682907493543539e+00
1.973272850737792239e-01 4.887127229244851989e+00
1.896387891025534400e-01 4.698675785928165816e+00
1.822711997411853857e-01 4.486271169663643477e+00
1.752309881422063897e-01 4.251385334892677115e+00
1.685243379134256925e-01 3.996029700573817234e+00
1.621571396867010351e-01 3.722740151663100683e+00
1.561349859440371857e-01 3.434536191327666632e+00
1.504631661055584879e-01 3.134856877929170782e+00
1.451466618836684541e-01 2.827479636689952169e+00
1.401901429074773886e-01 2.516430771889335727e+00
1.355979626213408840e-01 2.205897687522412554e+00
1.313741544611123080e-01 1.900151812305491905e+00
1.275224283114674284e-01 1.603487831681955855e+00
1.240461672474121313e-01 1.320179522961091090e+00
1.209484245628370813e-01 1.054446438051588553e+00
1.182319210887265160e-01 8.104205626728585576e-01
1.158990428033797454e-01 5.920996684552413125e-01
1.139518387367414037e-01 4.032756416703853208e-01
1.123920191706834493e-01 2.474318630279386255e-01
1.112209541368184978e-01 1.276126448409031777e-01
1.104396722131638919e-01 4.627752178452193554e-02
1.100488596207140762e-01 5.160935994562054416e-03
