6.444308202580036893e-01 3.205706789377339661e+00 -6.431067680227949834e-01 -4.128882441628132366e-02
6.421610512715836272e-01 3.203416998813498839e+00 -6.409341921957233401e-01 -3.967590004827985239e-02
6.399130388663444302e-01 3.201127208249658018e+00 -6.387793316689197587e-01 -3.807443688050848873e-02
6.376869064563773781e-01 3.198837417685816753e+00 -6.366423535456390281e-01 -3.648430262145860997e-02
6.354827762545790515e-01 3.196547627121975932e+00 -6.345234231338643394e-01 -3.490536363813312448e-02
6.333007692659423649e-01 3.194257836558135111e+00 -6.324227039319519905e-01 -3.333748497161833496e-02
6.311410052809137694e-01 3.191968045994294290e+00 -6.303403576144381848e-01 -3.178053035278981947e-02
6.290036028688158476e-01 3.191968045994294290e+00 -6.282056666507159770e-01 -3.167290340149773314e-02
6.268886793713395189e-01 3.189678255430453024e+00 -6.261640651390379952e-01 -3.013270403559424951e-02
6.247963508961003054e-01 3.187388464866612203e+00 -6.241412863435343850e-01 -2.860305533542236225e-02
6.227267323102659846e-01 3.185098674302771382e+00 -6.221374848280909475e-01 -2.708381630418213448e-02
6.206799372342479693e-01 3.182808883738930117e+00 -6.201528132671171312e-01 -2.557484471097214510e-02
6.186560780354671829e-01 3.182808883738930117e+00 -6.181306728683583218e-01 -2.549145247993542945e-02
6.166552658221812200e-01 3.180519093175089296e+00 -6.161881259106917197e-01 -2.399813227929809001e-02
6.146776104373880001e-01 3.178229302611248475e+00 -6.142651328945055722e-01 -2.251469038456666363e-02
6.127232204527930381e-01 3.178229302611248475e+00 -6.123120543973716856e-01 -2.244310410153523352e-02
6.107922031628504334e-01 3.175939512047407209e+00 -6.104319607570851680e-01 -2.097466878854869002e-02
6.088846645788716927e-01 3.175939512047407209e+00 -6.085255472305073354e-01 -2.090916371203797516e-02
6.070007094232061640e-01 3.173649721483566388e+00 -6.066888422925337254e-01 -1.945533032412746083e-02
6.051404411234916347e-01 3.171359930919725123e+00 -6.048723562313146340e-01 -1.801072320346507397e-02
6.033039618069766519e-01 3.171359930919725123e+00 -6.030366904984342247e-01 -1.795606428730136053e-02
6.014913722949131181e-01 3.169070140355884302e+00 -6.012643198951731494e-01 -1.652539156004263071e-02
5.997027720970220521e-01 3.169070140355884302e+00 -5.994763948623564875e-01 -1.647625150587735121e-02
5.979382594060301814e-01 3.166780349792043481e+00 -5.977485974262437551e-01 -1.505909480916997785e-02
5.961979310922791431e-01 3.166780349792043481e+00 -5.960088211328865571e-01 -1.501526458311638196e-02
5.944818826984074045e-01 3.164490559228202216e+00 -5.943260418962310609e-01 -1.361120055698854074e-02
5.927902084341055700e-01 3.164490559228202216e+00 -5.926348110968724381e-01 -1.357246814417893167e-02
5.911230011709435184e-01 3.164490559228202216e+00 -5.909680408847373112e-01 -1.353429592549673655e-02
5.894803524372725922e-01 3.162200768664361394e+00 -5.893551823629493702e-01 -1.214721908528663442e-02
5.878623524132001732e-01 3.162200768664361394e+00 -5.877375259044977929e-01 -1.211387751471325845e-02
5.862690899256393084e-01 3.159910978100520573e+00 -5.861707281513990342e-01 -1.073886682551522011e-02
5.847006524434316121e-01 3.159910978100520573e+00 -5.846025538150678713e-01 -1.071013728555651051e-02
5.831571260725463279e-01 3.159910978100520573e+00 -5.830592864105770268e-01 -1.068186404989827400e-02
5.816385955513517780e-01 3.157621187536679752e+00 -5.815638816308311698e-01 -9.322414785325212200e-03
5.801451442459646390e-01 3.157621187536679752e+00 -5.800706221655368422e-01 -9.298477975359382974e-03
5.786768541456722703e-01 3.157621187536679752e+00 -5.786025206732747783e-01 -9.274944445355004854e-03
5.772338058584318699e-01 3.157621187536679752e+00 -5.771596577516476811e-01 -9.251815487284131487e-03
5.758160786064459025e-01 3.155331396972838487e+00 -5.757617359350101216e-01 -7.910740471567014043e-03
5.744237502218109137e-01 3.155331396972838487e+00 -5.743695389514366090e-01 -7.891612230951189702e-03
5.730568971422470570e-01 3.155331396972838487e+00 -5.730028148687009715e-01 -7.872833978003894104e-03
5.717155944068994522e-01 3.155331396972838487e+00 -5.716616387188666604e-01 -7.854406743636252811e-03
5.703999156522208125e-01 3.153041606408997666e+00 -5.703625324720048573e-01 -6.530339055668267327e-03
5.691099331079266799e-01 3.153041606408997666e+00 -5.690726344712889739e-01 -6.515570429027602549e-03
5.678457175930319289e-01 3.153041606408997666e+00 -5.678085018112388749e-01 -6.501096801446050628e-03
5.666073385119612116e-01 3.153041606408997666e+00 -5.665702038917306282e-01 -6.486918967514234899e-03
5.653948638507402258e-01 3.153041606408997666e+00 -5.653578086943340519e-01 -6.473037705583952438e-03
5.642083601732625908e-01 3.150751815845156845e+00 -5.641846945476044484e-01 -5.167603664022405417e-03
5.630478926176351040e-01 3.150751815845156845e+00 -5.630242756675951643e-01 -5.156974901998038693e-03
5.619135248926027115e-01 3.150751815845156845e+00 -5.618899555234280196e-01 -5.146585189214581031e-03
5.608053192740500847e-01 3.150751815845156845e+00 -5.607817963883754420e-01 -5.136435096058987980e-03
5.597233366015834655e-01 3.150751815845156845e+00 -5.596998590994917144e-01 -5.126525179763295227e-03
5.586676362751896718e-01 3.150751815845156845e+00 -5.586442030542722037e-01 -5.116855984374012005e-03
5.576382762519763725e-01 3.150751815845156845e+00 -5.576148862073935231e-01 -5.107428040722269968e-03
5.566353130429888552e-01 3.150751815845156845e+00 -5.566119650675307451e-01 -5.098241866394665096e-03
5.556588017101088406e-01 3.148462025281315579e+00 -5.556456914735938835e-01 -3.816996822869566340e-03
5.547087958630309013e-01 3.148462025281315579e+00 -5.546957080409928853e-01 -3.810470930921406631e-03
5.537853476563195931e-01 3.148462025281315579e+00 -5.537722816221563038e-01 -3.804127471841385437e-03
5.528885077865461906e-01 3.148462025281315579e+00 -5.528754629124594810e-01 -3.797966793880355393e-03
5.520183254895051350e-01 3.148462025281315579e+00 -5.520053011465352322e-01 -3.791989235254629095e-03
5.511748485375119744e-01 3.148462025281315579e+00 -5.511618440955717846e-01 -3.786195124127417558e-03
5.503581232367794618e-01 3.148462025281315579e+00 -5.503451380646894320e-01 -3.780584778590806005e-03
5.495681944248765882e-01 3.148462025281315579e+00 -5.495552278903993448e-01 -3.775158506648299515e-03
5.488051054682656638e-01 3.148462025281315579e+00 -5.487921569381404296e-01 -3.769916606197903398e-03
5.480688982599232206e-01 3.148462025281315579e+00 -5.480559670999010091e-01 -3.764859365015781664e-03
5.473596132170384099e-01 3.148462025281315579e+00 -5.473466987919165527e-01 -3.759987060740445450e-03
5.466772892787955529e-01 3.148462025281315579e+00 -5.466643909524526723e-01 -3.755299960857522157e-03
5.460219639042355189e-01 3.148462025281315579e+00 -5.460090810396662775e-01 -3.750798322685062330e-03
5.453936730701993696e-01 3.148462025281315579e+00 -5.453808050295497756e-01 -3.746482393359416418e-03
5.447924512693537169e-01 3.148462025281315579e+00 -5.447795974139559849e-01 -3.742352409821667926e-03
5.442183315082967932e-01 3.148462025281315579e+00 -5.442054911987042054e-01 -3.738408598804625598e-03
5.436713453057460121e-01 3.148462025281315579e+00 -5.436585179017682234e-01 -3.734651176820371569e-03
5.431515226908087968e-01 3.148462025281315579e+00 -5.431387075515470286e-01 -3.731080350148383712e-03
5.426588922013323435e-01 3.148462025281315579e+00 -5.426460886852145782e-01 -3.727696314824200524e-03
5.421934808823384300e-01 3.148462025281315579e+00 -5.421806883471543825e-01 -3.724499256628667574e-03
5.417553142845378256e-01 3.148462025281315579e+00 -5.417425320874743599e-01 -3.721489351077733859e-03
5.413444164629280797e-01 3.148462025281315579e+00 -5.413316439606047359e-01 -3.718666763412818883e-03
5.409608099754720234e-01 3.146172234717474758e+00 -5.409551373179698475e-01 -2.477365256707846422e-03
5.406045158818607588e-01 3.146172234717474758e+00 -5.405988469605522706e-01 -2.475733584704244584e-03
5.402755537423560295e-01 3.146172234717474758e+00 -5.402698882706311601e-01 -2.474227081164333351e-03
5.399739416167173012e-01 3.146172234717474758e+00 -5.399682793077765774e-01 -2.472845828793957066e-03
5.396996960632104434e-01 3.146172234717474758e+00 -5.396940366300807534e-01 -2.471589903422772953e-03
5.394528321376976798e-01 3.146172234717474758e+00 -5.394471752932481490e-01 -2.470459374000082576e-03
5.392333633928119152e-01 3.146172234717474758e+00 -5.392277088497694493e-01 -2.469454302591050140e-03
5.390413018772127751e-01 3.146172234717474758e+00 -5.390356493481779365e-01 -2.468574744373297665e-03
5.388766581349243578e-01 3.146172234717474758e+00 -5.388710073323871308e-01 -2.467820747633870087e-03
5.387394412047569192e-01 3.146172234717474758e+00 -5.387337918411125859e-01 -2.467192353766587201e-03
5.386296586198108249e-01 3.148462025281315579e+00 -5.386169501695950990e-01 -3.700018229402113421e-03
5.385473164070624374e-01 3.148462025281315579e+00 -5.385346098996323105e-01 -3.699452594585421472e-03
