2.857142857142857206e+00 5.568597934542583402e-05 4.148886507817515969e-04 4.705746301271774039e-04
2.857113109642932081e+00 5.553070771362706657e-05 4.149055016302922896e-04 4.704362093439190106e-04
2.856875150881040160e+00 5.430127742850124735e-05 4.150096341430362427e-04 4.693109115715372935e-04
2.856399346612738643e+00 5.190959942317919775e-05 4.150564094526485088e-04 4.669660088758280521e-04
2.855685923295090412e+00 4.848575765296327057e-05 4.147331002487070423e-04 4.632188579016704348e-04
2.854735220478955782e+00 4.421371369598411179e-05 4.135968000298280997e-04 4.578105137258111409e-04
2.853547690647384449e+00 3.931862223414013389e-05 4.111070075558934307e-04 4.504256297900331783e-04
2.852123899000261087e+00 3.405122325935060554e-05 4.066699466221491760e-04 4.407211698814999102e-04
2.850464523185296528e+00 2.867024205387268146e-05 3.996935492121523291e-04 4.283637912660249970e-04
2.848570352975507980e+00 2.342420856832160811e-05 3.896501134659502430e-04 4.130743220342717901e-04
2.846442289893326372e+00 1.853416081302748154e-05 3.761414578592294010e-04 3.946756186722568012e-04
2.844081346781524022e+00 1.417880733180260703e-05 3.589594537231592533e-04 3.731382610549619535e-04
2.841488647321154026e+00 1.048358030604865634e-05 3.381337045381771034e-04 3.486172848442257478e-04
2.838665425496738504e+00 7.514718266313327867e-06 3.139583373996487794e-04 3.214730556659620370e-04
2.835613025008961507e+00 5.279009500282189800e-06 2.869916360641465067e-04 2.922706455644288100e-04
2.832332898635137930e+00 3.729195567146832660e-06 2.580255018995671512e-04 2.617546974667138340e-04
2.828826607537769711e+00 2.774334493680474858e-06 2.280260415741774385e-04 2.308003760678578706e-04
2.825095820521520196e+00 2.293783660332233829e-06 1.980512039872826097e-04 2.003449876476148469e-04
2.821142313238949484e+00 2.152987072104559101e-06 1.691554143664077657e-04 1.713084014385123761e-04
2.816967967345403334e+00 2.219041739881609843e-06 1.422937085251582093e-04 1.445127502650397802e-04
2.812574769603445102e+00 2.374120475059963271e-06 1.182383341812884108e-04 1.206124546563483804e-04
2.807964810937265021e+00 2.525235437496154304e-06 9.751895892086069573e-05 1.000441943583568483e-04
2.803140285437514478e+00 2.609466329322149398e-06 8.039380031950232115e-05 8.300326664882451248e-05
2.798103489317034676e+00 2.594528719277172889e-06 6.685391304241957528e-05 6.944844176169677951e-05
2.792856819817987724e+00 2.475278669043603413e-06 5.665755075865777928e-05 5.913282942770136194e-05
2.787402774070896427e+00 2.267305728136700854e-06 4.938702683611389746e-05 5.165433256425059662e-05
2.781743947906146541e+00 1.999064723008606796e-06 4.451767335353405095e-05 4.651673807654268654e-05
2.775883034618511047e+00 1.704003841756975315e-06 4.148778242434837199e-05 4.319178626610537208e-05
2.769822823685289315e+00 1.413893826024020556e-06 3.975975666462847936e-05 4.117365049065249992e-05
2.763566199438664661e+00 1.154133779114384093e-06 3.886560319617801874e-05 4.001973697529238801e-05
2.757116139692922019e+00 9.413141682438188919e-07 3.843359791386754247e-05 3.937491208211137480e-05
2.750475714327166088e+00 7.828667685110293737e-07 3.819657364503130245e-05 3.897944041354233299e-05
2.743648083824225647e+00 6.783070535566501417e-07 3.798513720195060271e-05 3.866344425550726513e-05
2.736636497766438136e+00 6.214173563275096891e-07 3.771077391293344309e-05 3.833219126926094622e-05
2.729444293289020607e+00 6.027245629278120623e-07 3.734417201225837338e-05 3.794689657518620323e-05
2.722074893491774894e+00 6.117549276762346703e-07 3.689340827396194112e-05 3.750516320163816509e-05
2.714531805809880183e+00 6.387428047404176195e-07 3.638528114106786903e-05 3.702402394580825055e-05
2.706818620344540793e+00 6.756715310754209878e-07 3.585150817481413835e-05 3.652717970588955087e-05
2.698939008154292996e+00 7.166887468596487598e-07 3.532010086323790813e-05 3.603678961009757446e-05
2.690896719507780865e+00 7.580414697796133189e-07 3.481122884177905222e-05 3.556927031155865686e-05
2.682695582098831633e+00 7.977155321324870876e-07 3.433636420813357306e-05 3.513407974026605920e-05
2.674339499224680061e+00 8.349522143505275716e-07 3.389939988010177079e-05 3.473435209445228418e-05
2.665832447928209614e+00 8.697723898258021949e-07 3.349863137069514961e-05 3.436840376052094175e-05
2.657178477105097691e+00 9.025856188232805259e-07 3.312882664758038287e-05 3.403141226640366647e-05
2.648381705576758449e+00 9.339138856426424550e-07 3.278295591628659609e-05 3.371686980192923315e-05
2.639446320130007351e+00 9.642255255775411221e-07 3.245343124222867649e-05 3.341765676780621169e-05
2.630376573524379147e+00 9.938562769958497782e-07 3.213288317028020443e-05 3.312673944727607560e-05
2.621176782468041200e+00 1.022988830749706024e-06 3.181458379346861531e-05 3.283757262421833743e-05
2.611851325563278259e+00 1.051665190341126176e-06 3.149263946242259154e-05 3.254430465276371518e-05
2.602404641222511472e+00 1.079812998252225397e-06 3.116205276475973555e-05 3.224186576301195926e-05
2.592841225555856166e+00 1.107274357912880247e-06 3.081871827613590477e-05 3.192599263404877295e-05
2.583165630231217147e+00 1.133831578805224078e-06 3.045938579525728663e-05 3.159321737406251007e-05
2.573382460307940711e+00 1.159228145162684303e-06 3.008160476469785947e-05 3.124083290986054038e-05
2.563496372045054539e+00 1.183185196996676603e-06 2.968365419863131923e-05 3.086683939562798228e-05
2.553512070685144408e+00 1.205414528263317033e-06 2.926446034323455333e-05 3.046987487149786423e-05
2.543434308214908679e+00 1.225629101713298057e-06 2.882350560927018546e-05 3.004913471098348055e-05
2.533267881103474117e+00 1.243551831759104481e-06 2.836073412256375051e-05 2.960428595432284927e-05
2.523017628019533554e+00 1.258923095028288310e-06 2.787646001858381180e-05 2.913538311361209800e-05
2.512688427528402713e+00 1.271507243120146263e-06 2.737128402117391233e-05 2.864279126429406113e-05
2.502285195770088677e+00 1.281098273641503035e-06 2.684602224876176928e-05 2.812712052240327253e-05
2.491812884119470439e+00 1.287524758588007498e-06 2.630164918030663946e-05 2.758917393889465247e-05
2.481276476829715527e+00 1.290654106006594944e-06 2.573925481896656835e-05 2.702990892497317049e-05
2.470680988660043820e+00 1.290396192025289775e-06 2.516001464562807341e-05 2.645041083765337271e-05
2.460031462488974974e+00 1.286706385261708486e-06 2.456517007891610929e-05 2.585187646417780571e-05
2.449332966914188781e+00 1.279587942541366587e-06 2.395601681723559477e-05 2.523560475977695649e-05
2.438590593840151755e+00 1.269093741353354308e-06 2.333389851125284241e-05 2.460299225260619693e-05
2.427809456054641046e+00 1.255327291171360561e-06 2.270020355398296778e-05 2.395553084515431966e-05
2.416994684795338522e+00 1.238442962266877492e-06 2.205636324535005906e-05 2.329480620761693253e-05
2.406151427307637647e+00 1.218645376559120869e-06 2.140385008419232724e-05 2.262249546075145447e-05
2.395284844394833357e+00 1.196187918633620969e-06 2.074417539492700625e-05 2.194036331356063273e-05
2.384400107961860638e+00 1.171370344298994283e-06 2.007888587029883569e-05 2.125025621459782849e-05
2.373502398553745785e+00 1.144535490718348739e-06 1.940955889342128911e-05 2.055409438413965056e-05
2.362596902889948502e+00 1.116065114494937311e-06 1.873779669371923278e-05 1.985386180821416564e-05
2.351688811395766354e+00 1.086374912086684436e-06 1.806521950531268664e-05 1.915159441739936261e-05
2.340783315731969072e+00 1.055908797576547759e-06 1.739345794908537184e-05 1.844936674666192172e-05
2.329885606323854219e+00 1.025132533759602946e-06 1.672414486920236265e-05 1.774927740296197576e-05
2.319000869890881056e+00 9.945268291367761116e-07 1.605890683795160151e-05 1.705343366708837212e-05
2.308134286978076766e+00 9.645800268265633511e-07 1.539935551539007560e-05 1.636393554221663514e-05
2.297291029490375891e+00 9.357805211729374096e-07 1.474707902609739582e-05 1.568285954727033493e-05
2.286476258231073810e+00 9.086090475056033550e-07 1.410363350684213725e-05 1.501224255434774431e-05
2.275695120445563102e+00 8.835309957350257380e-07 1.347053499597713046e-05 1.435406599171215598e-05
2.264952747371525632e+00 8.609889111477843821e-07 1.284925188359888871e-05 1.371024079474667140e-05
2.254254251796739883e+00 8.413953519758449275e-07 1.224119822052272235e-05 1.308259357249856432e-05
2.243604725625671037e+00 8.251262943099413536e-07 1.164772828264243149e-05 1.247285457695236829e-05
2.233009237455998885e+00 8.125152910489284779e-07 1.107013288135630129e-05 1.188264817240522839e-05
2.222472830166244417e+00 8.038486194544564776e-07 1.050963795940162690e-05 1.131348657885608475e-05
2.212000518515626180e+00 7.993616746906355299e-07 9.967405959039587541e-06 1.076676763373022180e-05
2.201597286757312144e+00 7.992368834502386403e-07 9.444540229899448281e-06 1.024377711334969031e-05
2.191268086266181303e+00 8.036034150869967648e-07 8.942092292334255187e-06 9.745695707421251846e-06
2.181017833182240295e+00 8.125389300355756270e-07 8.461071044966434704e-06 9.273609975002012449e-06
2.170851406070805734e+00 8.260735302092152636e-07 8.002452001472287665e-06 8.828525531681503881e-06
2.160773643600570448e+00 8.441959304000440874e-07 7.567183430768232178e-06 8.411379361168277113e-06
2.150789342240659874e+00 8.668616563463018433e-07 7.156185014702083843e-06 8.023046671048386427e-06
2.140903253977774590e+00 8.940027912991593293e-07 6.770333583099239820e-06 7.664336374398399043e-06
2.131120084054497710e+00 9.255384540655021347e-07 6.410429974933603269e-06 7.335968428999105828e-06
2.121444488729858691e+00 9.613848357313371002e-07 6.077141484591051905e-06 7.038526320322390276e-06
2.111881073063203385e+00 1.001463303281452994e-06 5.770916033115527795e-06 6.772379336396982483e-06
2.102434388722436598e+00 1.045704863756851426e-06 5.491867383751084276e-06 6.537572247507934854e-06
2.093108931817673657e+00 1.094049261284850509e-06 5.239635406097350864e-06 6.333684667382201161e-06
2.083909140761335710e+00 1.146437197987441030e-06 5.013231284884978439e-06 6.159668482872421376e-06
2.074839394155707062e+00 1.202794715528730397e-06 4.810884017083408932e-06 6.013678732612139752e-06
2.065904008708956408e+00 1.263009609458935834e-06 4.629910562150495214e-06 5.892920171609432107e-06
2.057107237180617165e+00 1.326900875287831802e-06 4.466636387602926207e-06 5.793537262890756315e-06
2.048453266357505242e+00 1.394183467120706626e-06 4.316394611233923307e-06 5.710578078354630992e-06
2.039946215061034795e+00 1.464431954551382012e-06 4.173629387082142851e-06 5.638061341633523592e-06
2.031590132186882780e+00 1.537047790988307448e-06 4.032121957809826001e-06 5.569169748798133661e-06
2.023388994777933547e+00 1.611235650398533095e-06 3.885345910996135925e-06 5.496581561394671138e-06
2.015346706131421861e+00 1.685994486822097295e-06 3.726942452885870355e-06 5.412936939707966803e-06
2.007467093941174063e+00 1.760128478100011572e-06 3.551288596739855242e-06 5.311417074839864909e-06
1.999753908475834230e+00 1.832281813335775724e-06 3.354113384991402145e-06 5.186395198327176387e-06
1.992210820793939519e+00 1.900999414634932808e-06 3.133102345484375844e-06 5.034101760119308228e-06
1.984841420996694250e+00 1.964813318776523432e-06 2.888421026141352424e-06 4.853234344917876702e-06
1.977649216519276498e+00 2.022351796465974798e-06 2.623086887477582059e-06 4.645438683943556857e-06
1.970637630461488765e+00 2.072465651198783467e-06 2.343126383390118547e-06 4.415592034588902438e-06
1.963809999958548769e+00 2.114363779057261583e-06 2.057470830446436821e-06 4.171834609503699251e-06
1.957169574592792616e+00 2.147748243111324671e-06 1.777569395275419940e-06 3.925317638386746093e-06
1.950719514847049751e+00 2.172938001421390926e-06 1.516727667609606340e-06 3.689665669030997902e-06
1.944462890600425542e+00 2.190970124335211923e-06 1.289212276456206584e-06 3.480182400791417872e-06
1.938402679667203587e+00 2.203667884965196729e-06 1.109191747504686085e-06 3.312859632469883238e-06
1.932541766379567871e+00 2.213666447306635269e-06 9.896072199861062832e-07 3.203273667292739858e-06
1.926882940214817985e+00 2.224388941478750061e-06 9.410802950092245775e-07 3.165469236487974639e-06
1.921428894467726689e+00 2.239968371204108980e-06 9.709668869058979769e-07 3.210935258110007804e-06
1.916182224968679959e+00 2.265113945515214780e-06 1.082654742504626833e-06 3.347768688019842036e-06
1.911145428848200378e+00 2.304923881589893933e-06 1.275179233346775750e-06 3.580103114936670106e-06
1.906320903348449392e+00 2.364650380394137126e-06 1.543199691799452081e-06 3.907850072193588996e-06
1.901710944682269533e+00 2.449426115959017240e-06 1.877340840490577691e-06 4.326766956449596414e-06
1.897317746940311300e+00 2.563964990131400420e-06 2.264865428780021275e-06 4.828830418911421271e-06
1.893143401046765151e+00 2.712252833474495744e-06 2.690609850328583630e-06 5.402862683803076833e-06
1.889189893764194439e+00 2.897245935591704028e-06 3.138088535832319234e-06 6.035334471424022839e-06
1.885459106747944702e+00 3.120596413915308716e-06 3.590658400743325687e-06 6.711254814658634402e-06
1.881952815650576927e+00 3.382423399620235082e-06 4.032633084862175663e-06 7.415056484482410321e-06
1.878672689276752905e+00 3.681147521998182283e-06 4.450247857410212588e-06 8.131395379408399530e-06
1.875620288788975909e+00 4.013403379094345131e-06 4.832397865576399016e-06 8.845801244670749229e-06
1.872797066964560830e+00 4.374040563466388876e-06 5.171101491520118819e-06 9.545142054986501765e-06
1.870204367504190612e+00 4.756218696810562610e-06 5.461672746149142780e-06 1.021789144295970624e-05
1.867843424392388263e+00 5.151596271989607722e-06 5.702617507586397861e-06 1.085421377957600304e-05
1.865715361310206877e+00 5.550607086296487295e-06 5.895294159077435543e-06 1.144590124537392284e-05
1.863821191100417884e+00 5.942812454770022144e-06 6.043397014007880787e-06 1.198620946877790463e-05
1.862161815285453548e+00 6.317312617199330554e-06 6.152329470111397450e-06 1.246964208731072462e-05
1.860738023638329963e+00 6.663196513793162875e-06 6.228533267758842664e-06 1.289172978155200469e-05
1.859550493806759075e+00 6.970007127442534364e-06 6.278832057251818296e-06 1.324883918469434250e-05
1.858599790990624223e+00 7.228197780014985376e-06 6.309834216585067418e-06 1.353803199660004602e-05
1.857886367672975769e+00 7.429555959489414786e-06 6.327424493408918273e-06 1.375698045289831951e-05
1.857142857142857428e+00 7.646559514299020496e-06 6.340381264438742004e-06 1.398694077873776250e-05
