2.857142857142857206e+00 2.380540931537615812e-01 2.776567664906433031e+00 6.737486981942808484e-01
2.857113109642932525e+00 7.213760398598835499e-02 2.849682361805660591e+00 2.059265842654113554e-01
2.856875150881040160e+00 7.213760398598835499e-02 2.849445021924256416e+00 2.059094333745813132e-01
2.856399346612739087e+00 6.492384358738952088e-02 2.850381448648145799e+00 1.853181710793142534e-01
2.855685923295090412e+00 6.492384358738952088e-02 2.849669528379689343e+00 1.852718854279088445e-01
2.854735220478955782e+00 6.492384358738952088e-02 2.848720828516170478e+00 1.852102054995280467e-01
2.853547690647384449e+00 6.492384358738952088e-02 2.847535800587340571e+00 1.851331606504771354e-01
2.852123899000261087e+00 6.492384358738952088e-02 2.846115008602314589e+00 1.850407875499315846e-01
2.850464523185296528e+00 6.492384358738952088e-02 2.844459128781126722e+00 1.849331301624842772e-01
2.848570352975507980e+00 6.492384358738952088e-02 2.842568949232890496e+00 1.848102397272210207e-01
2.846442289893326372e+00 6.492384358738952088e-02 2.840445369580697488e+00 1.846721747333331942e-01
2.844081346781524022e+00 6.492384358738952088e-02 2.838089400533450934e+00 1.845190008922803493e-01
2.841488647321154026e+00 6.492384358738952088e-02 2.835502163404818088e+00 1.843507911065149496e-01
2.838665425496738948e+00 5.771008318879068677e-02 2.833939715391343483e+00 1.637287007162009644e-01
2.835613025008961952e+00 5.771008318879068677e-02 2.830892396432266978e+00 1.635526441927937502e-01
2.832332898635137930e+00 5.771008318879068677e-02 2.827617730697168597e+00 1.633634528831919286e-01
2.828826607537770155e+00 5.771008318879068677e-02 2.824117276749583461e+00 1.631612168322123246e-01
2.825095820521520196e+00 5.771008318879068677e-02 2.820392700616005666e+00 1.629460322932620997e-01
2.821142313238949484e+00 5.049632279019185266e-02 2.817546292226802862e+00 1.423967791286302464e-01
2.816967967345403334e+00 5.049632279019185266e-02 2.813377267240137147e+00 1.421860795806420830e-01
2.812574769603445546e+00 5.049632279019185266e-02 2.808989669368599618e+00 1.419643335150167218e-01
2.807964810937265465e+00 4.328256239159301855e-02 2.805335028674590614e+00 1.214979685150656824e-01
2.803140285437514478e+00 4.328256239159301855e-02 2.800515021554676576e+00 1.212892158822030109e-01
2.798103489317034676e+00 4.328256239159301855e-02 2.795482942614785138e+00 1.210712785013358384e-01
2.792856819817988168e+00 3.606880199299417750e-02 2.791040321385531264e+00 1.007131590409119370e-01
2.787402774070896871e+00 3.606880199299417750e-02 2.785589822997359466e+00 1.005164807963111195e-01
2.781743947906146985e+00 3.606880199299417750e-02 2.779934677382498442e+00 1.003124179687894246e-01
2.775883034618511491e+00 2.885504159439534339e-02 2.774727496057258325e+00 8.008710574553555561e-02
2.769822823685289315e+00 2.885504159439534339e-02 2.768669807855482556e+00 7.991226237216701722e-02
2.763566199438665105e+00 2.164128119579650927e-02 2.762919073418371063e+00 5.980244494031368430e-02
2.757116139692922463e+00 2.164128119579650927e-02 2.756470524040462333e+00 5.966286827922814145e-02
2.750475714327166088e+00 1.442752079719767169e-02 2.750189458916883822e+00 3.968116890912869177e-02
2.743648083824226092e+00 1.442752079719767169e-02 2.743362538998720179e+00 3.958266654540120583e-02
2.736636497766438136e+00 4.616806655103254942e-01 2.450124624500241044e+00 1.219044152327923847e+00
2.729444293289020607e+00 4.616806655103254942e-01 2.443685407121921394e+00 1.215840360075025606e+00
2.722074893491774894e+00 4.544669051117266600e-01 2.445771159538770778e+00 1.194945672801333236e+00
2.714531805809880627e+00 4.544669051117266600e-01 2.438993731647143726e+00 1.191634382576882922e+00
2.706818620344541237e+00 4.544669051117266600e-01 2.432063471717703429e+00 1.188248422250310687e+00
2.698939008154292996e+00 4.472531447131278259e-01 2.433467295143020070e+00 1.167265476747338271e+00
2.690896719507780865e+00 4.472531447131278259e-01 2.426216058142014020e+00 1.163787263322452414e+00
2.682695582098832077e+00 4.472531447131278259e-01 2.418821596982515754e+00 1.160240349317132269e+00
2.674339499224680061e+00 4.400393843145289918e-01 2.419568245123862926e+00 1.139202029624921009e+00
2.665832447928209614e+00 4.400393843145289918e-01 2.411871619028878921e+00 1.135578237617260067e+00
2.657178477105097691e+00 4.328256239159301577e-01 2.412144644674901528e+00 1.114520377721626598e+00
2.648381705576758005e+00 4.328256239159301577e-01 2.404159074448684930e+00 1.110830681598098835e+00
2.639446320130007795e+00 4.328256239159301577e-01 2.396047672697092512e+00 1.107082845594982379e+00
2.630376573524379147e+00 4.256118635173313236e-01 2.395710890164605811e+00 1.086024976366825268e+00
2.621176782468041200e+00 4.256118635173313236e-01 2.387331846706437943e+00 1.082226583784902108e+00
2.611851325563278259e+00 4.183981031187324895e-01 2.386555534213921081e+00 1.061188027146724666e+00
2.602404641222511472e+00 4.183981031187324895e-01 2.377923711807809593e+00 1.057349865218999208e+00
2.592841225555856166e+00 4.183981031187324895e-01 2.369185227208070010e+00 1.053464275673854145e+00
2.583165630231217147e+00 4.111843427201336554e-01 2.367853840235599971e+00 1.032478989853721441e+00
2.573382460307940267e+00 4.111843427201336554e-01 2.358886116214575779e+00 1.028568703466453238e+00
2.563496372045054539e+00 4.039705823215348213e-01 2.357154191549692523e+00 1.007639700859325416e+00
2.553512070685144408e+00 4.039705823215348213e-01 2.347973551367458445e+00 1.003715147446533340e+00
2.543434308214908679e+00 4.039705823215348213e-01 2.338706972991454247e+00 9.997538570497233046e-01
2.533267881103474117e+00 3.967568219229359872e-01 2.336481354362156537e+00 9.789285153413735951e-01
2.523017628019533554e+00 3.967568219229359872e-01 2.327027350154086793e+00 9.749675189113534701e-01
2.512688427528402713e+00 3.895430615243371530e-01 2.324444559641649644e+00 9.542330024619219975e-01
2.502285195770088677e+00 3.895430615243371530e-01 2.314820710063494325e+00 9.502822113621245403e-01
2.491812884119470439e+00 3.823293011257383189e-01 2.311899338158518891e+00 9.296520315074850993e-01
2.481276476829715527e+00 3.823293011257383189e-01 2.302123679161410585e+00 9.257210812727637572e-01
2.470680988660043820e+00 3.823293011257383189e-01 2.292293205034302783e+00 9.217680889897057472e-01
2.460031462488974974e+00 3.751155407271394848e-01 2.288973903669559551e+00 9.013064211217970412e-01
2.449332966914189225e+00 3.751155407271394848e-01 2.279019324814526293e+00 8.973867059047642147e-01
2.438590593840151755e+00 3.679017803285406507e-01 2.275409966535806738e+00 8.770596151660284834e-01
2.427809456054641046e+00 3.679017803285406507e-01 2.265350258920386217e+00 8.731820882941144779e-01
2.416994684795338522e+00 3.679017803285406507e-01 2.255259168447314888e+00 8.692924648605000471e-01
2.406151427307637647e+00 3.606880199299418166e-01 2.251325762160812261e+00 8.491743070569318652e-01
2.395284844394833801e+00 3.606880199299418166e-01 2.241158397887472731e+00 8.453392936366076471e-01
2.384400107961860638e+00 3.606880199299418166e-01 2.230974048196189052e+00 8.414978735110630881e-01
2.373502398553745341e+00 3.534742595313429825e-01 2.226762345264301057e+00 8.216100618014682277e-01
2.362596902889948502e+00 3.534742595313429825e-01 2.216531073909621341e+00 8.178350224453809769e-01
2.351688811395766354e+00 3.534742595313429825e-01 2.206297367209875571e+00 8.140590845183193203e-01
2.340783315731969072e+00 3.462604991327441484e-01 2.201854100547938842e+00 7.944212050980125062e-01
2.329885606323854219e+00 3.462604991327441484e-01 2.191603187537080277e+00 7.907227117848476539e-01
2.319000869890881500e+00 3.462604991327441484e-01 2.181364477534642354e+00 7.870286212741450793e-01
2.308134286978077210e+00 3.390467387341452588e-01 2.176737135574202675e+00 7.676583415400451971e-01
2.297291029490375891e+00 3.390467387341452588e-01 2.166511161558204446e+00 7.640520015160432443e-01
2.286476258231073810e+00 3.390467387341452588e-01 2.156312052110510802e+00 7.604551356768721737e-01
2.275695120445563102e+00 3.318329783355464246e-01 2.151548648349637105e+00 7.413681238120471972e-01
2.264952747371525632e+00 3.318329783355464246e-01 2.141392306201754359e+00 7.378685104852721333e-01
2.254254251796739883e+00 3.318329783355464246e-01 2.131277447894724730e+00 7.343831914191850663e-01
2.243604725625670593e+00 3.318329783355464246e-01 2.121208887553284406e+00 7.309138254368968690e-01
2.233009237455999330e+00 3.246192179369475905e-01 2.116384177570925562e+00 7.122136389393710632e-01
2.222472830166244417e+00 3.246192179369475905e-01 2.106398063182126634e+00 7.088530738098989259e-01
2.212000518515626180e+00 3.246192179369475905e-01 2.096472696861112262e+00 7.055129518508463926e-01
2.201597286757311700e+00 3.246192179369475905e-01 2.086612802544694834e+00 7.021948627793653808e-01
2.191268086266181303e+00 3.246192179369475905e-01 2.076823073008559284e+00 6.989003858261471080e-01
2.181017833182240295e+00 3.174054575383487564e-01 2.072072455908566813e+00 6.807014956087543700e-01
2.170851406070805734e+00 3.174054575383487564e-01 2.062413858316143767e+00 6.775285265323605088e-01
2.160773643600570448e+00 3.174054575383487564e-01 2.052839496422323329e+00 6.743832299274860054e-01
2.150789342240659874e+00 3.174054575383487564e-01 2.043353927104819778e+00 6.712671027849658190e-01
2.140903253977774146e+00 3.174054575383487564e-01 2.033961664980893147e+00 6.681816282125512263e-01
2.131120084054497266e+00 3.174054575383487564e-01 2.024667180258630239e+00 6.651282747290299113e-01
2.121444488729858691e+00 3.101916971397499223e-01 2.020198706473678385e+00 6.475522412318325260e-01
2.111881073063203385e+00 3.101916971397499223e-01 2.011091704116612533e+00 6.446330928488918088e-01
2.102434388722436598e+00 3.101916971397499223e-01 2.002095862091489042e+00 6.417495756748291535e-01
2.093108931817673213e+00 3.101916971397499223e-01 1.993215461931898469e+00 6.389030621076483563e-01
2.083909140761335710e+00 3.101916971397499223e-01 1.984454730227356745e+00 6.360949069336411243e-01
2.074839394155707506e+00 3.101916971397499223e-01 1.975817836611674982e+00 6.333264466825808681e-01
2.065904008708956408e+00 3.101916971397499223e-01 1.967308891778441149e+00 6.305989989916077620e-01
2.057107237180617165e+00 3.101916971397499223e-01 1.958931945524553964e+00 6.279138619781047259e-01
2.048453266357504798e+00 3.029779367411510882e-01 1.955150755217439640e+00 6.111843492952070411e-01
2.039946215061034795e+00 3.029779367411510882e-01 1.947031181273464640e+00 6.086461529416727911e-01
2.031590132186882780e+00 3.029779367411510882e-01 1.939055699474405481e+00 6.061530001038847315e-01
2.023388994777933547e+00 3.029779367411510882e-01 1.931228105717648136e+00 6.037060773875652098e-01
2.015346706131421861e+00 3.029779367411510882e-01 1.923552125513880107e+00 6.013065493954021790e-01
2.007467093941174063e+00 3.029779367411510882e-01 1.916031412213948348e+00 5.989555581727620259e-01
1.999753908475834452e+00 3.029779367411510882e-01 1.908669545270063272e+00 5.966542226641372570e-01
1.992210820793939519e+00 3.029779367411510882e-01 1.901470028532172396e+00 5.944036381805901659e-01
1.984841420996694250e+00 3.029779367411510882e-01 1.894436288580318983e+00 5.922048758784437261e-01
1.977649216519276276e+00 3.029779367411510882e-01 1.887571673093773716e+00 5.900589822494690662e-01
1.970637630461488765e+00 3.029779367411510882e-01 1.880879449257722102e+00 5.879669786228126638e-01
1.963809999958548547e+00 3.029779367411510882e-01 1.874362802208260126e+00 5.859298606788978514e-01
1.957169574592792616e+00 3.029779367411510882e-01 1.868024833516443772e+00 5.839485979755365541e-01
1.950719514847049751e+00 3.029779367411510882e-01 1.861868559712106075e+00 5.820241334864700855e-01
1.944462890600425320e+00 3.029779367411510882e-01 1.855896910848155557e+00 5.801573831525670411e-01
1.938402679667203365e+00 3.029779367411510882e-01 1.850112729106028420e+00 5.783492354458833473e-01
1.932541766379567871e+00 3.029779367411510882e-01 1.844518767442963281e+00 5.766005509467985179e-01
1.926882940214817763e+00 3.029779367411510882e-01 1.839117688281743934e+00 5.749121619344255141e-01
1.921428894467726689e+00 3.029779367411510882e-01 1.833912062243529650e+00 5.732848719904916068e-01
1.916182224968679959e+00 3.029779367411510882e-01 1.828904366924378966e+00 5.717194556168763153e-01
1.911145428848200378e+00 3.029779367411510882e-01 1.824096985716047614e+00 5.702166578669907171e-01
1.906320903348449169e+00 3.029779367411510882e-01 1.819492206671623924e+00 5.687771939911724361e-01
1.901710944682269533e+00 3.029779367411510882e-01 1.815092221416539697e+00 5.674017490962655064e-01
1.897317746940311300e+00 3.029779367411510882e-01 1.810899124105473046e+00 5.660909778195458708e-01
1.893143401046765151e+00 3.029779367411510882e-01 1.806914910425647225e+00 5.648455040171501684e-01
1.889189893764194439e+00 3.029779367411510882e-01 1.803141476646989094e+00 5.636659204671536916e-01
1.885459106747944702e+00 3.029779367411510882e-01 1.799580618719609282e+00 5.625527885874402889e-01
1.881952815650576705e+00 3.029779367411510882e-01 1.796234031419025712e+00 5.615066381684976626e-01
1.878672689276752905e+00 3.029779367411510882e-01 1.793103307539542834e+00 5.605279671212658466e-01
1.875620288788975687e+00 3.029779367411510882e-01 1.790189937136167364e+00 5.596172412401585472e-01
1.872797066964560608e+00 3.029779367411510882e-01 1.787495306815424456e+00 5.587748939813707016e-01
1.870204367504190390e+00 3.029779367411510882e-01 1.785020699075405837e+00 5.580013262565760579e-01
1.867843424392388263e+00 3.029779367411510882e-01 1.782767291695371625e+00 5.572969062421152531e-01
1.865715361310206877e+00 3.029779367411510882e-01 1.780736157175190071e+00 5.566619692037638734e-01
1.863821191100417884e+00 3.029779367411510882e-01 1.778928262224887202e+00 5.560968173371642065e-01
1.862161815285453548e+00 3.029779367411510882e-01 1.777344467304544207e+00 5.556017196239961820e-01
1.860738023638329963e+00 3.029779367411510882e-01 1.775985526214764798e+00 5.551769117039567769e-01
1.859550493806759075e+00 3.029779367411510882e-01 1.774852085737907981e+00 5.548225957626086169e-01
1.858599790990624001e+00 3.029779367411510882e-01 1.773944685330253623e+00 5.545389404351498408e-01
1.857886367672975769e+00 3.029779367411510882e-01 1.773263756865251395e+00 5.543260807261537471e-01
