1.694915254237287838e+00 4.284914965251792055e-09 1.228751824822489692e-08 1.657243321347668814e-08
1.694912599110270701e+00 4.150316369436900475e-09 1.228605124111875426e-08 1.643636761055565887e-08
1.694891358263326264e+00 3.184524721450969936e-09 1.216866685222923702e-08 1.535319157368021481e-08
1.694848877471788917e+00 1.766576805085659980e-09 1.145622153405008386e-08 1.322279833913574342e-08
1.694785158540324632e+00 5.879525783971907767e-10 9.605219218739973026e-09 1.019317179713715522e-08
1.694700204175835667e+00 5.066689264534076214e-11 6.656289759860245915e-09 6.706956652505589152e-09
1.694594017987346657e+00 4.069383608757788459e-11 3.496990675825573138e-09 3.537684511913150635e-09
1.694466604485850514e+00 1.634338412543567835e-10 1.227760054604564493e-09 1.391193895858922957e-09
1.694317969084117692e+00 1.688950318538600442e-10 2.241802579702194060e-10 3.930752898240792693e-10
1.694148118096465039e+00 8.506848230809586500e-11 2.593580820239658791e-11 1.110042905104923560e-10
1.693957058738488675e+00 2.035799261436899891e-11 4.288043426434797936e-11 6.323842687871699120e-11
1.693744799126756906e+00 1.178466374333794928e-12 4.122854849623097900e-11 4.240701487056477575e-11
1.693511348278465389e+00 1.913390661815619536e-13 2.717165094324381795e-11 2.736299000942541643e-11
1.693256716111054327e+00 3.746257215500924969e-13 2.212947772686754141e-11 2.250410344841765375e-11
1.692980913441786583e+00 1.075424130481358408e-13 2.183189147814427287e-11 2.193943389119233288e-11
1.692683951987289603e+00 1.076313964643308896e-14 2.191413372193470066e-11 2.192489686158109222e-11
1.692365844363055594e+00 1.477880773358446843e-15 2.192777361294364108e-11 2.192925149371695876e-11
1.692026604082907060e+00 2.044185248051339876e-15 2.193315129248662685e-11 2.193519547773471756e-11
1.691666245558422155e+00 3.384964846332016487e-15 2.193127842222744177e-11 2.193466338707377065e-11
1.691284784098323168e+00 3.824183757969567347e-15 2.193006883306067050e-11 2.193389301681857596e-11
1.690882235907824382e+00 3.779057631027705851e-15 2.193096235815421100e-11 2.193474141578519981e-11
1.690458618087946396e+00 3.742090555790104870e-15 2.193242404689979237e-11 2.193616613745557258e-11
1.690013948634786711e+00 3.760726675368282555e-15 2.193384285844274393e-11 2.193760358511810979e-11
1.689548246438757673e+00 3.789794241472943356e-15 2.193525138427551573e-11 2.193904117851697533e-11
1.689061531283782225e+00 3.817432800217431047e-15 2.193671705461095088e-11 2.194053448741112754e-11
1.688553823846454360e+00 3.846041786434007277e-15 2.193824593069518236e-11 2.194209197248162014e-11
1.688025145695160711e+00 3.876761669222130297e-15 2.193983306223908669e-11 2.194370982390831779e-11
1.687475519289163728e+00 3.909589778838046276e-15 2.194147743153414165e-11 2.194538702131296960e-11
1.686904967977648440e+00 3.944564882998323290e-15 2.194317900628756183e-11 2.194712357117051922e-11
1.686313515998729473e+00 3.981793799292853712e-15 2.194493756490394256e-11 2.194891935870321370e-11
1.685701188478422097e+00 4.021384291592179951e-15 2.194675285911407025e-11 2.195077424340565013e-11
1.685068011429575074e+00 4.063445428755404906e-15 2.194862466968938829e-11 2.195268811511818290e-11
1.684414011750764661e+00 4.108090448755657100e-15 2.195055279214746621e-11 2.195466088259622471e-11
1.683739217225152185e+00 4.155436580681254911e-15 2.195253703021082667e-11 2.195669246679149463e-11
1.683043656519304765e+00 4.205604979842409488e-15 2.195457719204742898e-11 2.195878279702724158e-11
1.682327359181976512e+00 4.258720750649609373e-15 2.195667308629929095e-11 2.196093180704991742e-11
1.681590355642852419e+00 4.314912965741185305e-15 2.195882451774171319e-11 2.196313943070745225e-11
1.680832677211258286e+00 4.374314685937517623e-15 2.196103128287464564e-11 2.196540559756057984e-11
1.680054356074828004e+00 4.437062976761496245e-15 2.196329316609874782e-11 2.196773022907552561e-11
1.679255425298137094e+00 4.503298922237718960e-15 2.196560993651489787e-11 2.197011323543711558e-11
1.678435918821298944e+00 4.573167643237432843e-15 2.196798134492640273e-11 2.197255451256960787e-11
1.677595871458521515e+00 4.646818318507689293e-15 2.197040712100453128e-11 2.197505393932307013e-11
1.676735318896628968e+00 4.724404204752404216e-15 2.197288697096539057e-11 2.197761137517015331e-11
1.675854297693546435e+00 4.806082654700017996e-15 2.197542057590702455e-11 2.198022665856168570e-11
1.674952845276745483e+00 4.892015136989336268e-15 2.197800759061802520e-11 2.198289960575502968e-11
1.674030999941654940e+00 4.982367258135838300e-15 2.198064764268402561e-11 2.198563000994216559e-11
1.673088800850034419e+00 5.077308784808324829e-15 2.198334033191997944e-11 2.198841764070475414e-11
1.672126288028309649e+00 5.177013665659757720e-15 2.198608523022595358e-11 2.199126224389164905e-11
1.671143502365872946e+00 5.281660053979281741e-15 2.198888188187475116e-11 2.199416354192873437e-11
1.670140485613345493e+00 5.391430331120569881e-15 2.199172980411893609e-11 2.199712123445005360e-11
1.669117280380804536e+00 5.506511130537751696e-15 2.199462848795609145e-11 2.200013499908657807e-11
1.668073930135971938e+00 5.627093362684730201e-15 2.199757739898798226e-11 2.200320449235066663e-11
1.667010479202369222e+00 5.753372240604345785e-15 2.200057597847771170e-11 2.200632935071830218e-11
1.665926972757433067e+00 5.885547305963508447e-15 2.200362364465397491e-11 2.200950919195995422e-11
1.664823456830597070e+00 6.023822455204799813e-15 2.200671979407408137e-11 2.201274361652926970e-11
1.663699978301335980e+00 6.168405966685114493e-15 2.200986380283071450e-11 2.201603220879743649e-11
1.662556584897174172e+00 6.319510529187744552e-15 2.201305502767962117e-11 2.201937453820880968e-11
1.661393325191658166e+00 6.477353270415478476e-15 2.201629280728801139e-11 2.202277016055844349e-11
1.660210248602293381e+00 6.642155786054435473e-15 2.201957646353171651e-11 2.202621861931775492e-11
1.659007405388443823e+00 6.814144169558536047e-15 2.202290530255740862e-11 2.202971944672694814e-11
1.657784846649198229e+00 6.993549043397042125e-15 2.202627861557526580e-11 2.203327216461866998e-11
1.656542624321198698e+00 7.180605590492811413e-15 2.202969567963903896e-11 2.203687628522952572e-11
1.655280791176433786e+00 7.375553585830456610e-15 2.203315575849618994e-11 2.204053131208199908e-11
1.653999400819997856e+00 7.578637429164769942e-15 2.203665810326959499e-11 2.204423674069879701e-11
1.652698507687812679e+00 7.790106179060569789e-15 2.204020195282419257e-11 2.204799205900325998e-11
1.651378167044315504e+00 8.010213587491581471e-15 2.204378653401823942e-11 2.205179674760576040e-11
1.650038434980111379e+00 8.239218134647105580e-15 2.204741106203546888e-11 2.205565028017014680e-11
1.648679368409589951e+00 8.477383064487132288e-15 2.205107474067530199e-11 2.205955212373974355e-11
1.647301025068507840e+00 8.724976421777311393e-15 2.205477676240681456e-11 2.206350173882858296e-11
1.645903463511535714e+00 8.982271089799139956e-15 2.205851630826592446e-11 2.206749857935568331e-11
1.644486743109771165e+00 9.249544828500091366e-15 2.206229254779736944e-11 2.207154209262585233e-11
1.643050924048216510e+00 9.527080313539634787e-15 2.206610463904940471e-11 2.207563171936297163e-11
1.641596067323221053e+00 9.815165176395908089e-15 2.206995172846622752e-11 2.207976689364263955e-11
1.640122234739891383e+00 1.011409204540111354e-14 2.207383295065104158e-11 2.208394704269645254e-11
1.638629488909464582e+00 1.042415858722110061e-14 2.207774742812565122e-11 2.208817158671286786e-11
1.637117893246648581e+00 1.074566754949556031e-14 2.208169427115865021e-11 2.209243993870815694e-11
1.635587511966928975e+00 1.107892680447859463e-14 2.208567257759717770e-11 2.209675150440165946e-11
1.634038410083839876e+00 1.142424939369727620e-14 2.208968143264399306e-11 2.210110568203767774e-11
1.632470653406202565e+00 1.178195357310189084e-14 2.209371990860675938e-11 2.210550186217985781e-11
1.630884308535330396e+00 1.215236285919427759e-14 2.209778706467210360e-11 2.210993942753133571e-11
1.629279442862197946e+00 1.253580607653493043e-14 2.210188194671772698e-11 2.211441775279429780e-11
1.627656124564579976e+00 1.293261740601507266e-14 2.210600358714141778e-11 2.211893620454739642e-11
1.626014422604153520e+00 1.334313643402344460e-14 2.211015100468208301e-11 2.212349414111608936e-11
1.624354406723568900e+00 1.376770820266273388e-14 2.211432320422500557e-11 2.212809091242769258e-11
1.622676147443487205e+00 1.420668326111137342e-14 2.211851917661586428e-11 2.213272585987696340e-11
1.620979716059584241e+00 1.466041771801378522e-14 2.212273789851902429e-11 2.213739831623705579e-11
1.619265184639521182e+00 1.512927329476941597e-14 2.212697833230702771e-11 2.214210760560179542e-11
1.617532626019883901e+00 1.561361737980345487e-14 2.213123942592716868e-11 2.214685304330694242e-11
1.615782113803088116e+00 1.611382308436450849e-14 2.213552011273543370e-11 2.215163393581974984e-11
1.614013722354252778e+00 1.663026929912222153e-14 2.213981931135512152e-11 2.215644958065424551e-11
1.612227526798041044e+00 1.716334075194452242e-14 2.214413592559215092e-11 2.216129926634407074e-11
1.610423603015469052e+00 1.771342806668695531e-14 2.214846884435590008e-11 2.216618227242256667e-11
1.608602027640681387e+00 1.828092782343075827e-14 2.215281694153218919e-11 2.217109786935563039e-11
1.606762878057696353e+00 1.886624261989843947e-14 2.215717907583844951e-11 2.217604531845833455e-11
1.604906232397118604e+00 1.946978113389641555e-14 2.216155409072144051e-11 2.218102387185536157e-11
1.603032169532819573e+00 2.009195818700270911e-14 2.216594081429394152e-11 2.218603277248097787e-11
1.601140769078587045e+00 2.073319480956535764e-14 2.217033805924616582e-11 2.219107125405574994e-11
1.599232111384742527e+00 2.139391830706860931e-14 2.217474462271505646e-11 2.219613854102211156e-11
1.597306277534728647e+00 2.207456232762520828e-14 2.217915928615757247e-11 2.220123384848523651e-11
1.595363349341664128e+00 2.277556693095177645e-14 2.218358081526486567e-11 2.220635638219586491e-11
1.593403409344867905e+00 2.349737865862380954e-14 2.218800795989028043e-11 2.221150533854891376e-11
1.591426540806353040e+00 2.424045060576531456e-14 2.219243945394727113e-11 2.221667990455298763e-11
1.589432827707289553e+00 2.500524249399244908e-14 2.219687401527684007e-11 2.222187925777082164e-11
1.587422354744436825e+00 2.579222074585531447e-14 2.220131034552689183e-11 2.222710256627277192e-11
1.585395207326545597e+00 2.660185856080138308e-14 2.220574713006445523e-11 2.223234898862522221e-11
1.583351471570728863e+00 2.743463599251379004e-14 2.221018303789313002e-11 2.223761767388563361e-11
1.581291234298804804e+00 2.829104002778980333e-14 2.221461672153825745e-11 2.224290776156601626e-11
1.579214583033607067e+00 2.917156466693051796e-14 2.221904681690760817e-11 2.224821838157454516e-11
1.577121605995267739e+00 3.007671100576265593e-14 2.222347194317004191e-11 2.225354865417580065e-11
1.575012392097468572e+00 3.100698731924093740e-14 2.222789070266551290e-11 2.225889768998474865e-11
1.572887030943664444e+00 3.196290914651279807e-14 2.223230168081009587e-11 2.226426458995656255e-11
1.570745612823277071e+00 3.294499937780510064e-14 2.223670344596373093e-11 2.226964844534151270e-11
1.568588228707858523e+00 3.395378834290156862e-14 2.224109454928565108e-11 2.227504833762857926e-11
1.566414970247227201e+00 3.498981390141295379e-14 2.224547352461841219e-11 2.228046333851981925e-11
1.564225929765573619e+00 3.605362153463201890e-14 2.224983888839400796e-11 2.228589250992866696e-11
1.562021200257539766e+00 3.714576443929773426e-14 2.225418913951890798e-11 2.229133490395820756e-11
1.559800875384266483e+00 3.826680362317055371e-14 2.225852275922426050e-11 2.229678956284743292e-11
1.557565049469416874e+00 3.941730800249500563e-14 2.226283821092067377e-11 2.230225551892319414e-11
1.555313817495167061e+00 4.059785450125129430e-14 2.226713394008608457e-11 2.230773179458731229e-11
1.553047275098172531e+00 4.180902815227081542e-14 2.227140837416062876e-11 2.231321740231289173e-11
1.550765518565504930e+00 4.305142220032242929e-14 2.227565992241106764e-11 2.231871134461136209e-11
1.548468644830561569e+00 4.432563820731167573e-14 2.227988697577275448e-11 2.232421261398010091e-11
1.546156751468947599e+00 4.563228615952099943e-14 2.228408790670974725e-11 2.232972019286925601e-11
1.543829936694330662e+00 4.697198457684912552e-14 2.228826106909939111e-11 2.233523305367620721e-11
1.541488299354268232e+00 4.834536062411444863e-14 2.229240479810659019e-11 2.234075015873068678e-11
1.539131938926009635e+00 4.975305022454477845e-14 2.229651741002752859e-11 2.234627046025208269e-11
1.536760955512268989e+00 5.119569817550790450e-14 2.230059720213032179e-11 2.235179290030580811e-11
1.534375449836972383e+00 5.267395826649551385e-14 2.230464245252038334e-11 2.235731641078685467e-11
1.531975523240979964e+00 5.418849339926692149e-14 2.230865142001607311e-11 2.236283991341534967e-11
1.529561277677780051e+00 5.573997571048130353e-14 2.231262234400031527e-11 2.236836231971080678e-11
1.527132815709158598e+00 5.732908669666875782e-14 2.231655344425452245e-11 2.237388253095119032e-11
1.524690240500841121e+00 5.895651734162695409e-14 2.232044292080360272e-11 2.237939943814525966e-11
1.522233655818110876e+00 6.062296824614519509e-14 2.232428895377419187e-11 2.238491192202037152e-11
1.519763166021400824e+00 6.232914976038869974e-14 2.232808970324401279e-11 2.239041885300438862e-11
1.517278876061859627e+00 6.407578211895289648e-14 2.233184330907776093e-11 2.239591909119673158e-11
1.514780891476892766e+00 6.586359557843097065e-14 2.233554789076671201e-11 2.240141148634518560e-11
1.512269318385680794e+00 6.769333055760857107e-14 2.233920154727506356e-11 2.240689487783268490e-11
1.509744263484669169e+00 6.956573778047473752e-14 2.234280235687885116e-11 2.241236809465930541e-11
1.507205834043037207e+00 7.148157842202371705e-14 2.234634837699619227e-11 2.241782995541827977e-11
1.504654137898139954e+00 7.344162425706829788e-14 2.234983764402201486e-11 2.242327926827905305e-11
1.502089283450927404e+00 7.544665781168075686e-14 2.235326817316410119e-11 2.242871483097575067e-11
1.499511379661339738e+00 7.749747251775100665e-14 2.235663795826800018e-11 2.243413543078574928e-11
1.496920536043678140e+00 7.959487287063056476e-14 2.235994497163565832e-11 2.243953984450631211e-11
1.494316862661952738e+00 8.173967458985594531e-14 2.236318716385554398e-11 2.244492683844542539e-11
1.491700470125206346e+00 8.393270478296105332e-14 2.236636246363888496e-11 2.245029516842186942e-11
1.489071469582815999e+00 8.617480211264168257e-14 2.236946877763941429e-11 2.245564357975206767e-11
1.486429972719771175e+00 8.846681696716085593e-14 2.237250399025731218e-11 2.246097080722447655e-11
1.483776091751928705e+00 9.080961163419444497e-14 2.237546596345367853e-11 2.246627557508787879e-11
1.481109939421246580e+00 9.320406047797060567e-14 2.237835253657726116e-11 2.247155659705525770e-11
1.478431628990992897e+00 9.565105012012515284e-14 2.238116152618193971e-11 2.247681257630209103e-11
1.475741274240935930e+00 9.815147962403601320e-14 2.238389072582424738e-11 2.248204220544826615e-11
1.473038989462509774e+00 1.007062606830204967e-13 2.238653790586121244e-11 2.248724416654420859e-11
1.470324889453958450e+00 1.033163178120746416e-13 2.238910081326383552e-11 2.249241713107595175e-11
1.467599089515460031e+00 1.059825885435747116e-13 2.239157717143291263e-11 2.249755975997649448e-11
1.464861705444228335e+00 1.087060236268614027e-13 2.239396467999631136e-11 2.250267070362313538e-11
1.462112853529592638e+00 1.114875872319199933e-13 2.239626101459348378e-11 2.250774860182539788e-11
1.459352650548058961e+00 1.143282571571489007e-13 2.239846382666539493e-11 2.251279208382255193e-11
1.456581213758347815e+00 1.172290250413297117e-13 2.240057074325633551e-11 2.251779976829759855e-11
1.453798660896413963e+00 1.201908965798265039e-13 2.240257936681283296e-11 2.252277026339268895e-11
1.451005110170443979e+00 1.232148917452517618e-13 2.240448727496656828e-11 2.252770216671184198e-11
1.448200680255834705e+00 1.263020450126044636e-13 2.240629202030789007e-11 2.253259406532048852e-11
1.445385490290152397e+00 1.294534055891215061e-13 2.240799113016753256e-11 2.253744453575664490e-11
1.442559659868070110e+00 1.326700376487373388e-13 2.240958210640764912e-11 2.254225214405638098e-11
1.439723309036288423e+00 1.359530205712525293e-13 2.241106242520417650e-11 2.254701544577542704e-11
1.436876558288434858e+00 1.393034491865508880e-13 2.241242953681185418e-11 2.255173298599840201e-11
1.434019528559945522e+00 1.427224340238876930e-13 2.241368086532487507e-11 2.255640329934875903e-11
1.431152341222927449e+00 1.462111015664041620e-13 2.241481380844832847e-11 2.256102491001478021e-11
1.428275118081002049e+00 1.497705945107692189e-13 2.241582573727422471e-11 2.256559633178497421e-11
1.425387981364131251e+00 1.534020720322218385e-13 2.241671399604542882e-11 2.257011606807762849e-11
1.422491053723424326e+00 1.571067100552894036e-13 2.241747590190694088e-11 2.257458261196220943e-11
1.419584458225928714e+00 1.608857015301342883e-13 2.241810874465599053e-11 2.257899444618616812e-11
1.416668318349399547e+00 1.647402567147326604e-13 2.241860978649999621e-11 2.258335004321470642e-11
1.413742757977056508e+00 1.686716034629107460e-13 2.241897626181403637e-11 2.258764786527692788e-11
1.410807901392319819e+00 1.726809875185926229e-13 2.241920537688970330e-11 2.259188636440825973e-11
1.407863873273530686e+00 1.767696728161788141e-13 2.241929430967154915e-11 2.259606398248773748e-11
1.404910798688654427e+00 1.809389417874566490e-13 2.241924020949154151e-11 2.260017915127902464e-11
1.401948803089967832e+00 1.851900956749165545e-13 2.241904019681009780e-11 2.260423029248503250e-11
1.398978012308729646e+00 1.895244548519606168e-13 2.241869136295983694e-11 2.260821581781174553e-11
1.395998552549834182e+00 1.939433591499110238e-13 2.241819076987890086e-11 2.261213412902880908e-11
1.393010550386451385e+00 1.984481681921557923e-13 2.241753544982820414e-11 2.261598361802032027e-11
1.390014132754648246e+00 2.030402617354044676e-13 2.241672240510429891e-11 2.261976266683970621e-11
1.387009426947997559e+00 2.077210400184814706e-13 2.241574860776704186e-11 2.262346964778553706e-11
1.383996560612169358e+00 2.124919241187466320e-13 2.241461099937210137e-11 2.262710292349084215e-11
1.380975661739508809e+00 2.173543563163666213e-13 2.241330649068593574e-11 2.263066084700229636e-11
1.377946858663598562e+00 2.223098004665012388e-13 2.241183196137666344e-11 2.263414176184314077e-11
1.374910280053806888e+00 2.273597423798255813e-13 2.241018425970689155e-11 2.263754400208668545e-11
1.371866054909821830e+00 2.325056902113654894e-13 2.240836020224947584e-11 2.264086589246083143e-11
1.368814312556170920e+00 2.377491748582387924e-13 2.240635657360868655e-11 2.264410574846692625e-11
1.365755182636727127e+00 2.430917503660928298e-13 2.240417012611058763e-11 2.264726187647665072e-11
1.362688795109201045e+00 2.485349943447947684e-13 2.240179757946489430e-11 2.265033257380970603e-11
1.359615280239621082e+00 2.540805083935115351e-13 2.239923562044074413e-11 2.265331612883426127e-11
1.356534768596798335e+00 2.597299185353826268e-13 2.239648090257463118e-11 2.265621082110999750e-11
1.353447391046780357e+00 2.654848756621837103e-13 2.239353004587343203e-11 2.265901492153560443e-11
1.350353278747291386e+00 2.713470559889741983e-13 2.239037963647055712e-11 2.266172669245952566e-11
1.347252563142161463e+00 2.773181615194696472e-13 2.238702622625802016e-11 2.266434438777748198e-11
1.344145375955740906e+00 2.833999205221087875e-13 2.238346633255319745e-11 2.266686625307528605e-11
1.341031849187305447e+00 2.895940880171765711e-13 2.237969643780129490e-11 2.266929052581845092e-11
1.337912115105448940e+00 2.959024462751723115e-13 2.237571298924901231e-11 2.267161543552421133e-11
1.334786306242463416e+00 3.023268053269009790e-13 2.237151239855887692e-11 2.267383920388576553e-11
1.331654555388709138e+00 3.088690034857157297e-13 2.236709104141662342e-11 2.267596004490234950e-11
1.328516995586973559e+00 3.155309078821901064e-13 2.236244525719442477e-11 2.267797616507660992e-11
1.325373760126819844e+00 3.223144150113673326e-13 2.235757134863806610e-11 2.267988576364942338e-11
1.322224982538923621e+00 3.292214512930535032e-13 2.235246558150099161e-11 2.268168703279404789e-11
1.319070796589400629e+00 3.362539736457486036e-13 2.234712418411916925e-11 2.268337815776491522e-11
1.315911336274124599e+00 3.434139700744803617e-13 2.234154334700581747e-11 2.268495731708033449e-11
1.312746735813034249e+00 3.507034602730753909e-13 2.233571922250687483e-11 2.268642268277990357e-11
1.309577129644431626e+00 3.581244962407745767e-13 2.232964792445796556e-11 2.268777242069876477e-11
1.306402652419270449e+00 3.656791629142870121e-13 2.232332552777307433e-11 2.268900469068733110e-11
1.303223438995436911e+00 3.733695788154012316e-13 2.231674806798955171e-11 2.269011764680496289e-11
1.300039624432019592e+00 3.811978967150193406e-13 2.230991154085285977e-11 2.269110943756786669e-11
1.296851343983572269e+00 3.891663043134820204e-13 2.230281190195294863e-11 2.269197820626640950e-11
1.293658733094368518e+00 3.972770249380659611e-13 2.229544506633943985e-11 2.269272209127749905e-11
1.290461927392646757e+00 4.055323182581524355e-13 2.228780690806734908e-11 2.269333922632553014e-11
1.287261062684849522e+00 4.139344810188889440e-13 2.227989325971962196e-11 2.269382774073851666e-11
1.284056274949853416e+00 4.224858477934920583e-13 2.227169991197715527e-11 2.269418575977064995e-11
1.280847700333193284e+00 4.311887917549853249e-13 2.226322261322366633e-11 2.269441140497866281e-11
1.277635475141277510e+00 4.400457254677661774e-13 2.225445706911472545e-11 2.269450279458250930e-11
1.274419735835598200e+00 4.490591017002156698e-13 2.224539894208666268e-11 2.269445804378686335e-11
1.271200619026933154e+00 4.582314142585710026e-13 2.223604385085781016e-11 2.269427526511635632e-11
1.267978261469543622e+00 4.675651988429819782e-13 2.222638736997180157e-11 2.269395256881473043e-11
1.264752800055364057e+00 4.770630339261989047e-13 2.221642502936098872e-11 2.269348806328720913e-11
1.261524371808186551e+00 4.867275416558666501e-13 2.220615231387261895e-11 2.269287985552845319e-11
1.258293113877839708e+00 4.965613887812584914e-13 2.219556466274375964e-11 2.269212605152503580e-11
1.255059163534363087e+00 5.065672876053206105e-13 2.218465746907281699e-11 2.269122475667818031e-11
1.251822658162174307e+00 5.167479969627321866e-13 2.217342607932386099e-11 2.269017407628660429e-11
1.248583735254233940e+00 5.271063232248947015e-13 2.216186579284462795e-11 2.268897211606948509e-11
1.245342532406204850e+00 5.376451213328278879e-13 2.214997186134919330e-11 2.268761698268206480e-11
1.242099187310605091e+00 5.483672958590850541e-13 2.213773948835859716e-11 2.268610678421763254e-11
1.238853837750959919e+00 5.592758020995233501e-13 2.212516382863737285e-11 2.268443963073689095e-11
1.235606621595947585e+00 5.703736471961823643e-13 2.211223998765710402e-11 2.268261363485326084e-11
1.232357676793543799e+00 5.816638912920824825e-13 2.209896302106154905e-11 2.268062691235361558e-11
1.229107141365159528e+00 5.931496487194455023e-13 2.208532793409777341e-11 2.267847758281719962e-11
1.225855153399779907e+00 6.048340892222812105e-13 2.207132968101324160e-11 2.267616377023549373e-11
1.222601851048095156e+00 6.167204392149429877e-13 2.205696316445040824e-11 2.267368360366534517e-11
1.219347372516634387e+00 6.288119830776532977e-13 2.204222323485823716e-11 2.267103521793589046e-11
1.216091856061891630e+00 6.411120644905358884e-13 2.202710468990303884e-11 2.266821675439357372e-11
1.212835439984455643e+00 6.536240878075956053e-13 2.201160227384986527e-11 2.266522636165749177e-11
1.209578262623131506e+00 6.663515194721361987e-13 2.199571067691208753e-11 2.266206219638423252e-11
1.206320462349065981e+00 6.792978894752784602e-13 2.197942453459258198e-11 2.265872242406786518e-11
1.203062177559867774e+00 6.924667928591765068e-13 2.196273842703412848e-11 2.265520521989332256e-11
1.199803546673729127e+00 7.058618912666384720e-13 2.194564687836579237e-11 2.265150876963243791e-11
1.196544708123544520e+00 7.194869145391176749e-13 2.192814435602126618e-11 2.264763127056038678e-11
1.193285800351031378e+00 7.333456623648891756e-13 2.191022527002947506e-11 2.264357093239439160e-11
1.190026961800846772e+00 7.474420059795887213e-13 2.189188397229757275e-11 2.263932597827715865e-11
1.186768330914707903e+00 7.617798899210091674e-13 2.187311475589488749e-11 2.263489464581588474e-11
1.183510046125509696e+00 7.763633338404812217e-13 2.185391185432754924e-11 2.263027518816800613e-11
1.180252245851444171e+00 7.911964343729702801e-13 2.183426944078607848e-11 2.262546587515906199e-11
1.176995068490120033e+00 8.062833670685434596e-13 2.181418162736549702e-11 2.262046499443405230e-11
1.173738652412684047e+00 8.216283883877879320e-13 2.179364246426837182e-11 2.261527085265614209e-11
1.170483135957941512e+00 8.372358377639096876e-13 2.177264593900462437e-11 2.260988177676851901e-11
1.167228657426480520e+00 8.531101397339834678e-13 2.175118597558544640e-11 2.260429611531937837e-11
1.163975355074795992e+00 8.692558061428113233e-13 2.172925643369445523e-11 2.259851223983726595e-11
1.160723367109416149e+00 8.856774384222240421e-13 2.170685110782094097e-11 2.259252854624315289e-11
1.157472831681032099e+00 9.023797299493612627e-13 2.168396372636963273e-11 2.258634345631899470e-11
1.154223886878628313e+00 9.193674684869796905e-13 2.166058795076816112e-11 2.257995541925511799e-11
1.150976670723615980e+00 9.366455387097891085e-13 2.163671737456515343e-11 2.257336291327493891e-11
1.147731321163970808e+00 9.542189248206336114e-13 2.161234552248913802e-11 2.256656444730982939e-11
1.144487976068370827e+00 9.720927132607213169e-13 2.158746584946932398e-11 2.255955856273001844e-11
1.141246773220341737e+00 9.902720955178452930e-13 2.156207173964611548e-11 2.255234383516393391e-11
1.138007850312401592e+00 1.008762371037510620e-12 2.153615650537548995e-11 2.254491887641301248e-11
1.134771344940212812e+00 1.027568950241325332e-12 2.150971338619922615e-11 2.253728233644052624e-11
1.131537394596735968e+00 1.046697357658181149e-12 2.148273554777010894e-11 2.252943290542827676e-11
1.128306136666389348e+00 1.066153235173076017e-12 2.145521608075783430e-11 2.252136931593089981e-11
1.125077708419211620e+00 1.085942345399801488e-12 2.142714799973610888e-11 2.251309034513593278e-11
1.121852247005032055e+00 1.106070575183024495e-12 2.139852424202864584e-11 2.250459481721166993e-11
1.118629889447642745e+00 1.126543939236147512e-12 2.136933766651429920e-11 2.249588160575049235e-11
1.115410772638977699e+00 1.147368583921835966e-12 2.133958105241389684e-11 2.248694963633573866e-11
1.112195033333298166e+00 1.168550791182317841e-12 2.130924709805111749e-11 2.247779788923344765e-11
1.108982808141382392e+00 1.190096982626831045e-12 2.127832841956052185e-11 2.246842540218734664e-11
1.105774233524722261e+00 1.212013723784117132e-12 2.124681754954578165e-11 2.245883127332989717e-11
1.102569445789726377e+00 1.234307728528742717e-12 2.121470693571739390e-11 2.244901466424613642e-11
1.099368581081929142e+00 1.256985863690382486e-12 2.118198893950270735e-11 2.243897480319307711e-11
1.096171775380207380e+00 1.280055153855169280e-12 2.114865583459339325e-11 2.242871098844854172e-11
1.092979164491003408e+00 1.303522786369557402e-12 2.111469980542529101e-11 2.241822259179483690e-11
1.089790884042556307e+00 1.327396116557568045e-12 2.108011294562286920e-11 2.240750906218045582e-11
1.086607069479138765e+00 1.351682673163138903e-12 2.104488725641621831e-11 2.239656992957938629e-11
1.083427856055305227e+00 1.376390164029443066e-12 2.100901464500006985e-11 2.238540480902951312e-11
1.080253378830144273e+00 1.401526482028572417e-12 2.097248692281270169e-11 2.237401340484130985e-11
1.077083772661541428e+00 1.427099711255780493e-12 2.093529580375533482e-11 2.236239551501112520e-11
1.073919172200451078e+00 1.453118133503214244e-12 2.089743290237193213e-11 2.235055103587515970e-11
1.070759711885175047e+00 1.479590235028922618e-12 2.085888973196566939e-11 2.233847996699455526e-11
1.067605525935652278e+00 1.506524713638393203e-12 2.081965770262229022e-11 2.232618241626070544e-11
1.064456748347755832e+00 1.533930486096983326e-12 2.077972811915681118e-11 2.231365860525377027e-11
1.061313512887602117e+00 1.561816695892766356e-12 2.073909217900449229e-11 2.230090887489728288e-11
1.058175953085866761e+00 1.590192721371034728e-12 2.069774097003607215e-11 2.228793369140710648e-11
1.055044202232112482e+00 1.619068184263196472e-12 2.065566546826218657e-11 2.227473365252533559e-11
1.051918393369126736e+00 1.648452958634371742e-12 2.061285653544297175e-11 2.226130949407733421e-11
1.048798659287270452e+00 1.678357180275693237e-12 2.056930491662626489e-11 2.224766209690192602e-11
1.045685132518834992e+00 1.708791256569573182e-12 2.052500123758909579e-11 2.223379249415868210e-11
1.042577945332414435e+00 1.739765876858368086e-12 2.047993600214515255e-11 2.221970187900346551e-11
1.039477229727284291e+00 1.771292023349305124e-12 2.043409958932700378e-11 2.220539161267627699e-11
1.036383117427795542e+00 1.803380982590884508e-12 2.038748225046936600e-11 2.219086323306021234e-11
1.033295739877777564e+00 1.836044357559532943e-12 2.034007410617463037e-11 2.217611846373416574e-11
1.030215228234954816e+00 1.869294080397996030e-12 2.029186514312491507e-11 2.216115922352291110e-11
1.027141713365374631e+00 1.903142425850176166e-12 2.024284521073516006e-11 2.214598763658532573e-11
1.024075325837848771e+00 1.937602025441494426e-12 2.019300401766285464e-11 2.213060604310433937e-11
1.021016195918404978e+00 1.972685882457858575e-12 2.014233112816153449e-11 2.211501701061939589e-11
1.017964453564754068e+00 2.008407387781897769e-12 2.009081595824795955e-11 2.209922334602987469e-11
1.014920228420769011e+00 2.044780336648877083e-12 2.003844777167293017e-11 2.208322810832181371e-11
1.011883649810977337e+00 2.081818946391819497e-12 1.998521567569778043e-11 2.206703462208959508e-11
1.008854846735066868e+00 2.119537875250756146e-12 1.993110861666463213e-11 2.205064649191538141e-11
1.005833947862406319e+00 2.157952242329038197e-12 1.987611537533370042e-11 2.203406761766271276e-11
1.002821081526578340e+00 2.197077648787201378e-12 1.982022456196444169e-11 2.201730221075164388e-11
9.998163757199276525e-01 2.236930200374238194e-12 1.976342461112439102e-11 2.200035481149863083e-11
9.968199580881245137e-01 2.277526531405499562e-12 1.970570377621978252e-11 2.198323030762529177e-11
9.938319559247414947e-01 2.318883830307751921e-12 1.964705012373898946e-11 2.196593395404677409e-11
9.908524961658462527e-01 2.361019866864360707e-12 1.958745152717618797e-11 2.194847139404053414e-11
9.878817053846078444e-01 2.403953021307073360e-12 1.952689566058530655e-11 2.193084868189235486e-11
9.849197097859212491e-01 2.447702315416487664e-12 1.946536999173429866e-11 2.191307230715080975e-11
9.819666352010452126e-01 2.492287445811124479e-12 1.940286177485356702e-11 2.189514922066470482e-11
9.790226070822558579e-01 2.537728819623402012e-12 1.933935804296130427e-11 2.187708686258469013e-11
9.760877504975191687e-01 2.584047592782849063e-12 1.927484559972303413e-11 2.185889319250588602e-11
9.731621901251763518e-01 2.631265711150075071e-12 1.920931101079330511e-11 2.184057672194338825e-11
9.702460502486471849e-01 2.679405954773191476e-12 1.914274059458582503e-11 2.182214654935900479e-11
9.673394547511512398e-01 2.728491985567106459e-12 1.907512041241163934e-11 2.180361239797871268e-11
9.644425271104446473e-01 2.778548398749720942e-12 1.900643625793953821e-11 2.178498465668930439e-11
9.615553903935737390e-01 2.829600778404203269e-12 1.893667364596184199e-11 2.176627442436604041e-11
9.586781672516484498e-01 2.881675757578517969e-12 1.886581780042990574e-11 2.174749355800842169e-11
9.558109799146303764e-01 2.934801083377732288e-12 1.879385364165181904e-11 2.172865472502953315e-11
9.529539501861410411e-01 2.989005687552974232e-12 1.872076577250433267e-11 2.170977146005727621e-11
9.501071994382875863e-01 3.044319763143784777e-12 1.864653846357345077e-11 2.169085822671728361e-11
9.472708486065057887e-01 3.100774847789198554e-12 1.857115563720180029e-11 2.167193048499101217e-11
9.444450181844233905e-01 3.158403914384458182e-12 1.849460085040307007e-11 2.165300476478754844e-11
9.416298282187410829e-01 3.217241469828895925e-12 1.841685727651399779e-11 2.163409874634285979e-11
9.388253983041319195e-01 3.277323662679539095e-12 1.833790768537022403e-11 2.161523134804978978e-11
9.360318475781618242e-01 3.338688400600624879e-12 1.825773442180574526e-11 2.159642282240637902e-11
9.332492947162281949e-01 3.401375478575527785e-12 1.817631938238120189e-11 2.157769486095672806e-11
9.304778579265170491e-01 3.465426718928927518e-12 1.809364399030232102e-11 2.155907070923125581e-11
9.277176549449833720e-01 3.530886124285321502e-12 1.800968916838208022e-11 2.154057529266741545e-11
9.249688030303476749e-01 3.597800044665335228e-12 1.792443530974972506e-11 2.152223535441503767e-11
9.222314189591159783e-01 3.666217359990999436e-12 1.783786224600305538e-11 2.150407960599408309e-11
9.195056190206173374e-01 3.736189679333778429e-12 1.774994921261850116e-11 2.148613889195230059e-11
9.167915190120661251e-01 3.807771558290410951e-12 1.766067481149084618e-11 2.146844636978126602e-11
9.140892342336398579e-01 3.881020735897417916e-12 1.757001697038930310e-11 2.145103770628672667e-11
9.113988794835830021e-01 3.955998392493426001e-12 1.747795289899851522e-11 2.143395129149194688e-11
9.087205690533293190e-01 4.032769429903121626e-12 1.738445904119647777e-11 2.141722847109960021e-11
9.060544167226471934e-01 4.111402775238354453e-12 1.728951102327860856e-11 2.140091379851700664e-11
9.034005357548047233e-01 4.191971709479202782e-12 1.719308359787749710e-11 2.138505530735667161e-11
9.007590388917597890e-01 4.274554221790864574e-12 1.709515058331589615e-11 2.136970480510679384e-11
8.981300383493695527e-01 4.359233390247027770e-12 1.699568479805969245e-11 2.135491818830674688e-11
8.955136458126230492e-01 4.446097789250399543e-12 1.689465798990855151e-11 2.134075577915892682e-11
8.929099724308977581e-01 4.535241923452763784e-12 1.679204075966207503e-11 2.132728268311483720e-11
8.903191288132359382e-01 4.626766687354017355e-12 1.668780247905847913e-11 2.131456916641248922e-11
8.877412250236484947e-01 4.720779848980608461e-12 1.658191120273735134e-11 2.130269105171797434e-11
8.851763705764358336e-01 4.817396555085776692e-12 1.647433357399539943e-11 2.129173012908115189e-11
8.826246744315385806e-01 4.916739854147773815e-12 1.636503472424292263e-11 2.128177457839069807e-11
8.800862449899065076e-01 5.018941232028224407e-12 1.625397816616899265e-11 2.127291939819719848e-11
8.775611900888951045e-01 5.124141153430232649e-12 1.614112568070164270e-11 2.126526683413187212e-11
8.750496169976830219e-01 5.232489600211664759e-12 1.602643719797892969e-11 2.125892679819055891e-11
8.725516324127162715e-01 5.344146595092770867e-12 1.590987067269445409e-11 2.125401726778724758e-11
8.700673424531749633e-01 5.459282696275469933e-12 1.579138195435340231e-11 2.125066465062887224e-11
8.675968526564649119e-01 5.578079444878660359e-12 1.567092465322792198e-11 2.124900409810658800e-11
8.651402679737348889e-01 5.700729742817030073e-12 1.554845000309271931e-11 2.124917974590974131e-11
8.626976927654170790e-01 5.827438133753472613e-12 1.542390672211533281e-11 2.125134485586877876e-11
8.602692307967957364e-01 5.958420954003565588e-12 1.529724087363603981e-11 2.125566182763963852e-11
8.578549852335958237e-01 6.093906313772647385e-12 1.516839572901109070e-11 2.126230204278373001e-11
8.554550586376036270e-01 6.234133861934491615e-12 1.503731163511396199e-11 2.127144549704845360e-11
8.530695529623069095e-01 6.379354279910159786e-12 1.490392588955335464e-11 2.128328016946352896e-11
8.506985695485660415e-01 6.529828442393526755e-12 1.476817262739015976e-11 2.129800106978369297e-11
8.483422091203076665e-01 6.685826175105469780e-12 1.462998272399373901e-11 2.131580889909920152e-11
8.460005717802452363e-01 6.847624532933162547e-12 1.448928371939179376e-11 2.133690825232495712e-11
8.436737570056282998e-01 7.015505516384528304e-12 1.434599977017165582e-11 2.136150528655616393e-11
8.413618636440142184e-01 7.189753141122222215e-12 1.420005163590021775e-11 2.138980477702243835e-11
8.390649899090709685e-01 7.370649775391853160e-12 1.405135670810329446e-11 2.142200648349513631e-11
8.367832333764033681e-01 7.558471664326982220e-12 1.389982909104141590e-11 2.145830075536841428e-11
8.345166909794088372e-01 7.753483569236526429e-12 1.374537974469093147e-11 2.149886331392743367e-11
8.322654590051589141e-01 7.955932464886095995e-12 1.358791670122402964e-11 2.154384916611014179e-11
8.300296330903093045e-01 8.166040259223858245e-12 1.342734536699796369e-11 2.159338562622181225e-11
8.278093082170361328e-01 8.383995528412801463e-12 1.326356892291818429e-11 2.164756445133095829e-11
8.256045787090020571e-01 8.609944295339170082e-12 1.309648883682481039e-11 2.170643313216395624e-11
8.234155382273486978e-01 8.843979921454459539e-12 1.292600550180720586e-11 2.176998542326168317e-11
8.212422797667171537e-01 9.086132229040260557e-12 1.275201901406373310e-11 2.183815124310397912e-11
8.190848956512987167e-01 9.336356022566319266e-12 1.257443010316196719e-11 2.191078612572830584e-11
8.169434775309113439e-01 9.594519231810597786e-12 1.239314122612508856e-11 2.198766045793570412e-11
8.148181163771074376e-01 9.860390953143145667e-12 1.220805783470541831e-11 2.206844878784856559e-11
8.127089024793081595e-01 1.013362971589093094e-11 1.201908982252093943e-11 2.215271953841189138e-11
8.106159254409687209e-01 1.041377234524202411e-11 1.182615315509969959e-11 2.223992550034171077e-11
8.085392741757709834e-01 1.070022382899104145e-11 1.162917168130231370e-11 2.232939551029335353e-11
8.064790369038469242e-01 1.099224861943966017e-11 1.142807911935382166e-11 2.242032773879348506e-11
8.044353011480301907e-01 1.128896381064617493e-11 1.122282120469569383e-11 2.251178501534189460e-11
8.024081537301388511e-01 1.158933462245968643e-11 1.101335798015252568e-11 2.260269260261223151e-11
8.003976807672863458e-01 1.189217259533267468e-11 1.079966620195741669e-11 2.269183879729008491e-11
7.984039676682228581e-01 1.219613685376634879e-11 1.058174182810309895e-11 2.277787868186942673e-11
7.964270991297079938e-01 1.249973873158868329e-11 1.035960254830573888e-11 2.285934127989441248e-11
7.944671591329116600e-01 1.280134996953458036e-11 1.013329030806064495e-11 2.293464027759521401e-11
7.925242309398471408e-01 1.309921459660800141e-11 9.902873773200024238e-12 2.300208836980801919e-11
7.905983970898333713e-01 1.339146449535787103e-11 9.668450676177747320e-12 2.305991517153561512e-11
7.886897393959889646e-01 1.367613853257628888e-11 9.430149981456794295e-12 2.310628851403309125e-11
7.867983389417562146e-01 1.395120501568664529e-11 9.188133805305213049e-12 2.313933882099186964e-11
7.849242760774571837e-01 1.421458711514730256e-11 8.942599025066814752e-12 2.315718614021411731e-11
7.830676304168794344e-01 1.446419077907415293e-11 8.693778514631252748e-12 2.315796929370541537e-11
7.812284808338944009e-01 1.469793456396501236e-11 8.441941946568635290e-12 2.313987651053364442e-11
7.794069054591067358e-01 1.491378072094871241e-11 8.187396107187095068e-12 2.310117682813580263e-11
7.776029816765346325e-01 1.510976681434449233e-11 7.930484678737529793e-12 2.304025149308202212e-11
7.758167861203231208e-01 1.528403711017894081e-11 7.671587453229774939e-12 2.295562456340872383e-11
7.740483946714877828e-01 1.543487295783547050e-11 7.411118954292603533e-12 2.284599191212810312e-11
7.722978824546919974e-01 1.556072139991688971e-11 7.149526456604959341e-12 2.271024785652183532e-11
7.705653238350546053e-01 1.566022128457890661e-11 6.887287406534999412e-12 2.254750869111390440e-11
7.688507924149916573e-01 1.573222621959962065e-11 6.624906262609942475e-12 2.235713248220957444e-11
7.671543610310884720e-01 1.577582379511251196e-11 6.362910789804345095e-12 2.213873458491686271e-11
7.654761017510068877e-01 1.579035060965247074e-11 6.101847856511509910e-12 2.189219846616398388e-11
7.638160858704222678e-01 1.577540276021641725e-11 5.842278796704121201e-12 2.161768155692054169e-11
7.621743839099957007e-01 1.573084159800666412e-11 5.584774411999308105e-12 2.131561601000598676e-11
7.605510656123777302e-01 1.565679469945832136e-11 5.329909698679653825e-12 2.098670439813797842e-11
7.589461999392453917e-01 1.555365214528562354e-11 5.078258392414192869e-12 2.063191053769983418e-11
7.573598550683731112e-01 1.542205832640252518e-11 4.830387428079784168e-12 2.025244575448230693e-11
7.557920983907359114e-01 1.526289959509337877e-11 4.586851413686076021e-12 1.984975100877945883e-11
7.542429965076468124e-01 1.507728814666257625e-11 4.348187216355913614e-12 1.942547536301848340e-11
7.527126152279270954e-01 1.486654255012941059e-11 4.114908755164512623e-12 1.898145130529391352e-11
7.512010195651112054e-01 1.463216535439197684e-11 3.887502090125326001e-12 1.851966744451731900e-11
7.497082737346842940e-01 1.437581819813278780e-11 3.666420889040777522e-12 1.804223908717356289e-11
7.482344411513546234e-01 1.409929487399305561e-11 3.452082346307635899e-12 1.755137722030067011e-11
7.467795844263592775e-01 1.380449286210283084e-11 3.244863620299121715e-12 1.704935648240195740e-11
7.453437653648044003e-01 1.349338396049929554e-11 3.045098847092574210e-12 1.653848280759187177e-11
7.439270449630400739e-01 1.316798478461588953e-11 2.853076778360225301e-12 1.602106156297610877e-11
7.425294834060679472e-01 1.283032805047779495e-11 2.669039080491631868e-12 1.549936713096941390e-11
7.411511400649858361e-01 1.248243564974555047e-11 2.493179319808676372e-12 1.497561496955423936e-11
7.397920734944642973e-01 1.212629451878495929e-11 2.325642645092608530e-12 1.445193716387755530e-11
7.384523414302602839e-01 1.176383615681999054e-11 2.166526162284079874e-12 1.393036231910407364e-11
7.371320007867631086e-01 1.139692034404206853e-11 2.015879977211346678e-12 1.341280032125342006e-11
7.358311076545780427e-01 1.102732317316231944e-11 1.873708864615421773e-12 1.290103203777774242e-11
7.345497172981420020e-01 1.065672900253932876e-11 1.739974506279170923e-12 1.239670350881849403e-11
7.332878841533769787e-01 1.028672545847468422e-11 1.614598225685095774e-12 1.190132368415977939e-11
7.320456618253774472e-01 9.918800256152608419e-12 1.497464134646560231e-12 1.141626439079915027e-11
7.308231030861318533e-01 9.554338453543937976e-12 1.388422602513894113e-12 1.094276105605782724e-11
7.296202598722824062e-01 9.194618847893393927e-12 1.287293959714765875e-12 1.048191280760815980e-11
7.284371832829175109e-01 8.840808573685106908e-12 1.193872352575899987e-12 1.003468092626100770e-11
7.272739235774016153e-01 8.493955517959470927e-12 1.107929673572654334e-12 9.601885191532123443e-12
7.261305301732398076e-01 8.154978841324603038e-12 1.029219501127317166e-12 9.184198342451923031e-12
7.250070516439788282e-01 7.824658559551906366e-12 9.574809996400405699e-13 8.782139559191952591e-12
7.239035357171427210e-01 7.503625676867641278e-12 8.924427484838994638e-13 8.396068425351546194e-12
7.228200292722065656e-01 7.192354667279879335e-12 8.338264785935743697e-13 8.026181145873453907e-12
7.217565783386038492e-01 6.891160115676489426e-12 7.813507016473121135e-13 7.672510817323796693e-12
7.207132280937712521e-01 6.600199045767460941e-12 7.347342292897074183e-13 7.334933275057168359e-12
7.196900228612301831e-01 6.319479915565105237e-12 6.936995933631675834e-13 7.013179508928270397e-12
7.186870061087027306e-01 6.048878534471368190e-12 6.579763812666824725e-13 6.706854915738055307e-12
7.177042204462661390e-01 5.788160361099286817e-12 6.273044941285266451e-13 6.415464855227812755e-12
7.167417076245412577e-01 5.537007899561445693e-12 6.014373365891529643e-13 6.138445236150597445e-12
7.157995085329207363e-01 5.295051331828822765e-12 5.801449664588855301e-13 5.875196298287707992e-12
7.148776631978303042e-01 5.061900179590705148e-12 5.632172484082625926e-13 5.625117427998968246e-12
7.139762107810293523e-01 4.837173716667354706e-12 5.504670479480922481e-13 5.387640764615440795e-12
7.130951895779467087e-01 4.620528049728430696e-12 5.417335045845393474e-13 5.162261554312967317e-12
7.122346370160543838e-01 4.411678209015656581e-12 5.368854734652035929e-13 4.948563682480864112e-12
7.113945896532768431e-01 4.210414168834717565e-12 5.358252813610969117e-13 4.746239450195814275e-12
7.105750831764384712e-01 4.016610366698463034e-12 5.384929501163643265e-13 4.555103316814830289e-12
7.097761523997477839e-01 3.830228934925068866e-12 5.448710503307193499e-13 4.375099985255785691e-12
7.089978312633173907e-01 3.651317431311566963e-12 5.549904519348367423e-13 4.206307883246405523e-12
7.082401528317232575e-01 3.480002300791137499e-12 5.689374020272319812e-13 4.048939702818369279e-12
7.075031492925993870e-01 3.316479598540213821e-12 5.868624727738539130e-13 3.903342071314068845e-12
7.067868519552709117e-01 3.161004613915227468e-12 6.089918400764215982e-13 3.769996453991644724e-12
7.060912912494234916e-01 3.013881870137692964e-12 6.356409864758873637e-13 3.649522856613582852e-12
7.054164967238112371e-01 2.875457207447205552e-12 6.672323642259177260e-13 3.542689571673123884e-12
7.047624970450007131e-01 2.746115963107208839e-12 7.043262835586654949e-13 3.450442246665870497e-12
7.041293199961535798e-01 2.626292129408541596e-12 7.476765431800852049e-13 3.373968672588628416e-12
7.035169924758463145e-01 2.516477146118892565e-12 7.982731264011116582e-13 3.314750272520003819e-12
7.029255404969273480e-01 2.417183720974806394e-12 8.572413581782917642e-13 3.274425079153099572e-12
7.023549891854119487e-01 2.328849217979954092e-12 9.255718337891325814e-13 3.254421051769086472e-12
7.018053627794150762e-01 2.251870728027515566e-12 1.004270086905738555e-12 3.256140814933251496e-12
7.012766846281214272e-01 2.187225504650659808e-12 1.096190091090604486e-12 3.283415595741261063e-12
7.007689771907935627e-01 2.137893706213211678e-12 1.209901550756249482e-12 3.347795256969459948e-12
7.002822620358181149e-01 2.110127320065206151e-12 1.362372011270847102e-12 3.472499331336056484e-12
6.998165598397889653e-01 2.112249033776933432e-12 1.573636800768933363e-12 3.685885834545866795e-12
6.993718903866295022e-01 2.149096436771109047e-12 1.848896504911570202e-12 3.997992941682679249e-12
6.989482725667512941e-01 2.213630517496966195e-12 2.154380204394963337e-12 4.368010721891930744e-12
6.985457243762527302e-01 2.281676737449231550e-12 2.405975005964116160e-12 4.687651743413350941e-12
6.981642629161535218e-01 2.316926092974629521e-12 2.490732504486912854e-12 4.807658597461535104e-12
6.978039043916687278e-01 2.288526236941413164e-12 2.323995405691465847e-12 4.612521642632883050e-12
6.974646641115201939e-01 2.195260182980337827e-12 1.918182088981278332e-12 4.113442271961616158e-12
6.971465564872861842e-01 2.084581663885332989e-12 1.423185877834903014e-12 3.507767541720236609e-12
6.968495950327890931e-01 2.056234702851537848e-12 1.107159014809468414e-12 3.163393717661005657e-12
6.965737923635215711e-01 2.247847255146013362e-12 1.276508355761045624e-12 3.524355610907061814e-12
6.963191601961103983e-01 2.808250645276668088e-12 2.166588564879905189e-12 4.974839210156568834e-12
6.960857093478187707e-01 3.868049388663880999e-12 3.850396693810731275e-12 7.718446082474611466e-12
6.958734497360870019e-01 5.514983246281768874e-12 6.204004418006622463e-12 1.171898766428838811e-11
6.956823903781106377e-01 7.776891424949777060e-12 8.941274960891039161e-12 1.671816638584080976e-11
6.955125393904579845e-01 1.061168770744748296e-11 1.170104238910583722e-11 2.231273009655333311e-11
6.953639039887251627e-01 1.390357447803685433e-11 1.415078828237028865e-11 2.805436276040715591e-11
6.952364904872291307e-01 1.746652578059545424e-11 1.606872757386640930e-11 3.353525335446187970e-11
6.951303042987401204e-01 2.105716271638195646e-11 1.737973432641618811e-11 3.843689704279812841e-11
6.950453499342511554e-01 2.439788869751443577e-11 1.814172186774677091e-11 4.253961056526122284e-11
6.949816310027868704e-01 2.720813909297276214e-11 1.849745749134364859e-11 4.570559658431639780e-11
6.949152542372879493e-01 3.043929807636039854e-11 1.863455937203466793e-11 4.907385744839501154e-11
