9.999984203935006200e-01 4.192622484706366109e-07
9.999857836430017244e-01 3.773381283420906473e-06
9.999605106833209245e-01 1.048155228741565175e-05
9.999226025970668896e-01 2.054137538096402642e-05
9.998720610080962246e-01 3.393890563399563811e-05
9.998088880814426371e-01 5.062941839729642919e-05
9.997330865232236796e-01 7.051366424790276948e-05
9.996446595805259516e-01 9.342368811124221104e-05
9.995436110412654340e-01 1.191308624553895145e-04
9.994299452340249523e-01 1.473747513627370585e-04
9.993036670278696576e-01 1.778954801567535129e-04
9.991647818321376384e-01 2.104499833959115813e-04
9.990132955962083283e-01 2.448070451725396887e-04
9.988492148092478207e-01 2.807330354859294318e-04
9.986725464999308688e-01 3.179835294051821084e-04
9.984832982361402376e-01 3.563056585079941302e-04
9.982814781246414082e-01 3.954456951112044556e-04
9.980670948107361884e-01 4.351553097806298625e-04
9.978401574778923422e-01 4.751948125698524051e-04
9.976006758473496827e-01 5.153350083585423857e-04
9.973486601777046268e-01 5.553590444353031542e-04
9.970841212644692142e-01 5.950643666037757316e-04
9.968070704396105874e-01 6.342644795685003058e-04
9.965175195710633815e-01 6.727903836537354500e-04
9.962154810622234624e-01 7.104917016698391458e-04
9.959009678514150199e-01 7.472375155396165187e-04
9.955739934113376766e-01 7.829169169328478294e-04
9.952345717484878396e-01 8.174392776204824750e-04
9.948827174025600684e-01 8.507342507350974152e-04
9.945184454458231293e-01 8.827515175006985220e-04
9.941417714824756224e-01 9.134602963527405778e-04
9.937527116479762945e-01 9.428486333391926507e-04
9.933512826083537028e-01 9.709224942449683421e-04
9.929375015594916754e-01 9.977046800472820238e-04
9.925113862263932329e-01 1.023233588170654887e-03
9.920729548624211969e-01 1.047561842644744584e-03
9.916222262485157035e-01 1.070754816743099084e-03
9.911592196923906251e-01 1.092889072049816734e-03
9.906839550277055650e-01 1.114050738195534324e-03
9.901964526132172040e-01 1.134333857730482299e-03
9.896967333319064419e-01 1.153838720737282702e-03
9.891848185900840029e-01 1.172670213778413597e-03
9.886607303164738347e-01 1.190936207545226742e-03
9.881244909612729721e-01 1.208746007032156884e-03
9.875761234951909717e-01 1.226208887098411988e-03
9.870156514084644783e-01 1.243432734803669995e-03
9.864430987098526948e-01 1.260522817838779369e-03
9.858584899256077616e-01 1.277580695677722191e-03
9.852618500984238192e-01 1.294703286762126111e-03
9.846532047863656434e-01 1.311982101159092336e-03
9.840325800617724106e-01 1.329502643829205211e-03
9.834000025101421461e-01 1.347343989077402207e-03
9.827554992289910807e-01 1.365578522147153527e-03
9.820990978266954663e-01 1.384271839490138715e-03
9.814308264213060795e-01 1.403482795229642069e-03
9.807507136393462943e-01 1.423263677942597592e-03
9.800587886145837313e-01 1.443660499275347450e-03
9.793550809867836993e-01 1.464713374187064012e-03
9.786396209004386559e-01 1.486456971822504346e-03
9.779124390034776848e-01 1.508921016127548172e-03
9.771735664459528792e-01 1.532130816253848404e-03
9.764230348787055203e-01 1.556107808424402657e-03
9.756608764520100507e-01 1.580870093090435812e-03
9.748871238141965101e-01 1.606432953728166840e-03
9.741018101102529858e-01 1.632809346329083724e-03
9.733049689804047500e-01 1.660010351370437695e-03
9.724966345586736338e-01 1.688045582677544882e-03
9.716768414714158641e-01 1.716923549999048232e-03
9.708456248358390273e-01 1.746651974233412365e-03
9.700030202584970507e-01 1.777238056023387747e-03
9.691490638337656449e-01 1.808688699855253096e-03
9.682837921422959848e-01 1.841010696864783672e-03
9.674072422494475187e-01 1.874210870283340687e-03
9.665194517037003497e-01 1.908296187889333296e-03
9.656204585350462999e-01 1.943273846004596591e-03
9.647103012533608801e-01 1.979151329538220670e-03
9.637890188467526098e-01 2.015936452378276188e-03
9.628566507798939078e-01 2.053637382109260549e-03
9.619132369923293346e-01 2.092262652630261580e-03
9.609588178967656269e-01 2.131821167800886790e-03
9.599934343773401935e-01 2.172322198778405163e-03
9.590171277878700717e-01 2.213775377253343439e-03
9.580299399500802338e-01 2.256190686359803993e-03
9.570319131518121303e-01 2.299578450643314804e-03
9.560230901452115848e-01 2.343949326120583349e-03
9.550035141448991460e-01 2.389314291166241312e-03
9.539732288261171256e-01 2.435684638711574108e-03
9.529322783228593163e-01 2.483071970037997733e-03
9.518807072259807267e-01 2.531488190289899430e-03
9.508185605812875529e-01 2.580945505712585377e-03
9.497458838876067233e-01 2.631456422536576807e-03
9.486627230948376788e-01 2.683033747373261835e-03
9.475691246019837255e-01 2.735690588954103192e-03
9.464651352551645136e-01 2.789440361030762379e-03
9.453508023456094200e-01 2.844296786252402658e-03
9.442261736076313916e-01 2.900273900844966418e-03
9.430912972165825803e-01 2.957386059932135859e-03
9.419462217867902165e-01 3.015647943356493388e-03
9.407909963694749411e-01 3.075074561879762459e-03
9.396256704506484869e-01 3.135681263661515769e-03
9.384502939489949291e-01 3.197483740935325777e-03
9.372649172137312856e-01 3.260498036819158962e-03
9.360695910224519078e-01 3.324740552212703589e-03
9.348643665789524437e-01 3.390228052747910979e-03
9.336492955110367031e-01 3.456977675770307734e-03
9.324244298683053156e-01 3.525006937337779676e-03
9.311898221199257364e-01 3.594333739230806245e-03
9.299455251523844890e-01 3.664976375973658801e-03
9.286915922672227541e-01 3.736953541870235637e-03
9.274280771787515310e-01 3.810284338061104437e-03
9.261550340117521429e-01 3.884988279610265740e-03
9.248725172991569821e-01 3.961085302631388305e-03
9.235805819797129335e-01 4.038595771463870943e-03
9.222792833956297009e-01 4.117540485909356417e-03
9.209686772902074825e-01 4.197940688539227201e-03
9.196488198054495466e-01 4.279818072083361319e-03
9.183197674796581556e-01 4.363194786909966802e-03
9.169815772450109481e-01 4.448093448605998021e-03
9.156343064251242225e-01 4.534537145666929850e-03
9.142780127325955686e-01 4.622549447304302207e-03
9.129127542665327333e-01 4.712154411378998223e-03
9.115385895100645008e-01 4.803376592467760442e-03
9.101555773278355854e-01 4.896241050070027079e-03
9.087637769634844265e-01 4.990773356961827716e-03
9.073632480371069953e-01 5.086999607703022487e-03
9.059540505427006174e-01 5.184946427304068170e-03
9.045362448455960269e-01 5.284640980058053113e-03
9.031098916798705467e-01 5.386110978543732532e-03
9.016750521457462808e-01 5.489384692804832530e-03
9.002317877069735408e-01 5.594490959710994409e-03
8.987801601881972857e-01 5.701459192505310171e-03
8.973202317723090182e-01 5.810319390543493799e-03
8.958520649977830264e-01 5.921102149229491747e-03
8.943757227559974154e-01 6.033838670152306613e-03
8.928912682885403740e-01 6.148560771428749835e-03
8.913987651845006743e-01 6.265300898256654510e-03
8.898982773777435185e-01 6.384092133683158359e-03
8.883898691441729500e-01 6.504968209592492528e-03
8.868736050989769470e-01 6.627963517917887133e-03
8.853495501938609680e-01 6.753113122081923388e-03
8.838177697142645117e-01 6.880452768669853038e-03
8.822783292765652430e-01 7.010018899340288677e-03
8.807312948252679075e-01 7.141848662977651196e-03
8.791767326301793695e-01 7.275979928090934960e-03
8.776147092835702157e-01 7.412451295463118837e-03
8.760452916973215931e-01 7.551302111055801028e-03
8.744685471000597232e-01 7.692572479173493370e-03
8.728845430342750955e-01 7.836303275892075870e-03
8.712933473534298923e-01 7.982536162756017142e-03
8.696950282190515358e-01 8.131313600748948239e-03
8.680896540978118026e-01 8.282678864542291838e-03
8.664772937585950574e-01 8.436676057026722478e-03
8.648580162695517215e-01 8.593350124131118178e-03
8.632318909951403052e-01 8.752746869933828583e-03
8.615989875931553410e-01 8.914912972071116840e-03
8.599593760117436592e-01 9.079895997447691436e-03
8.583131264864085619e-01 9.247744418254261536e-03
8.566603095370004528e-01 9.418507628297276627e-03
8.550009959646964752e-01 9.592235959645875956e-03
8.533352568489674939e-01 9.768980699601262363e-03
8.516631635445330861e-01 9.948794107993735869e-03
8.499847876783053202e-01 1.013172943481278551e-02
8.483002011463203207e-01 1.031784093817557368e-02
8.466094761106583988e-01 1.050718390263925134e-02
8.449126849963526364e-01 1.069981465786275059e-02
8.432099004882873672e-01 1.089579059762373764e-02
8.415011955280833345e-01 1.109517019919633793e-02
8.397866433109741902e-01 1.129801304309550718e-02
8.380663172826703367e-01 1.150437983319392392e-02
8.363402911362132208e-01 1.171433241721734665e-02
8.346086388088181929e-01 1.192793380762461122e-02
8.328714344787075952e-01 1.214524820287826365e-02
8.311287525619333039e-01 1.236634100911215839e-02
8.293806677091881685e-01 1.259127886220237982e-02
8.276272548026094578e-01 1.282012965024770419e-02
8.258685889525700929e-01 1.305296253646624077e-02
8.241047454944619988e-01 1.328984798251488068e-02
8.223357999854683520e-01 1.353085777223816434e-02
8.205618282013270592e-01 1.377606503585346830e-02
8.187829061330853531e-01 1.402554427457917974e-02
8.169991099838437298e-01 1.427937138571303520e-02
8.152105161654923382e-01 1.453762368816765085e-02
8.134172012954375974e-01 1.480037994847033418e-02
8.116192421933197121e-01 1.506772040723470575e-02
8.098167158777228591e-01 1.533972680611112895e-02
8.080096995628747170e-01 1.561648241522374178e-02
8.061982706553403322e-01 1.589807206110157092e-02
8.043825067507048843e-01 1.618458215511144743e-02
8.025624856302511212e-01 1.647610072240051834e-02
8.007382852576260257e-01 1.677271743135633902e-02
7.989099837755022637e-01 1.707452362359225886e-02
7.970776595022301958e-01 1.738161234446669243e-02
7.952413909284833382e-01 1.769407837414408921e-02
7.934012567138957195e-01 1.801201825920619934e-02
7.915573356836926866e-01 1.833553034482205552e-02
7.897097068253142726e-01 1.866471480748541426e-02
7.878584492850312371e-01 1.899967368832823980e-02
7.860036423645551107e-01 1.934051092701911598e-02
7.841453655176411353e-01 1.968733239625552675e-02
7.822836983466845417e-01 2.004024593685935565e-02
7.804187205993110554e-01 2.039936139348462116e-02
7.785505121649600735e-01 2.076479065094716248e-02
7.766791530714629577e-01 2.113664767118525120e-02
7.748047234816148876e-01 2.151504853086147126e-02
7.729273036897412741e-01 2.190011145961543934e-02
7.710469741182570669e-01 2.229195687897748274e-02
7.691638153142230649e-01 2.269070744195332209e-02
7.672779079458947882e-01 2.309648807329017436e-02
7.653893327992671303e-01 2.350942601043489941e-02
7.634981707746135715e-01 2.392965084519473040e-02
7.616045028830209507e-01 2.435729456611192625e-02
7.597084102429194630e-01 2.479249160156297635e-02
7.578099740766067738e-01 2.523537886359413299e-02
7.559092757067698010e-01 2.568609579250439798e-02
7.540063965530008350e-01 2.614478440218829733e-02
7.521014181283095512e-01 2.661158932625018111e-02
7.501944220356313586e-01 2.708665786490232694e-02
7.482854899643316404e-01 2.757014003265954513e-02
7.463747036867074414e-01 2.806218860684322330e-02
7.444621450544829377e-01 2.856295917690794550e-02
7.425478959953044633e-01 2.907261019460424117e-02
7.406320385092306502e-01 2.959130302499106066e-02
7.387146546652196832e-01 3.011920199831250380e-02
7.367958265976140009e-01 3.065647446275319987e-02
7.348756365026216653e-01 3.120329083808744824e-02
7.329541666347952900e-01 3.175982467023710787e-02
7.310314993035089692e-01 3.232625268675496516e-02
7.291077168694322097e-01 3.290275485324895693e-02
7.271829017410013085e-01 3.348951443076513684e-02
7.252571363708901764e-01 3.408671803414599355e-02
7.233305032524781630e-01 3.469455569138273771e-02
7.214030849163153292e-01 3.531322090397996660e-02
7.194749639265882735e-01 3.594291070835163582e-02
7.175462228775832951e-01 3.658382573826893941e-02
7.156169443901471139e-01 3.723617028838065862e-02
7.136872111081491443e-01 3.790015237882771171e-02
7.117571056949406616e-01 3.857598382097401912e-02
7.098267108298136341e-01 3.926388028427788002e-02
7.078961092044592229e-01 3.996406136432734124e-02
7.059653835194253935e-01 4.067675065206555196e-02
7.040346164805746376e-01 4.140217580423219412e-02
7.021038907955408082e-01 4.214056861504929252e-02
7.001732891701863970e-01 4.289216508918042292e-02
6.982428943050593695e-01 4.365720551599396732e-02
6.963127888918509978e-01 4.443593454516238384e-02
6.943830556098529172e-01 4.522860126363117267e-02
6.924537771224168470e-01 4.603545927399260718e-02
6.905250360734116466e-01 4.685676677430160308e-02
6.885969150836847019e-01 4.769278663937256274e-02
6.866694967475218681e-01 4.854378650359907066e-02
6.847428636291097437e-01 4.941003884533955864e-02
6.828170982589987226e-01 5.029182107291545883e-02
6.808922831305679324e-01 5.118941561226966058e-02
6.789685006964910619e-01 5.210310999633788187e-02
6.770458333652047411e-01 5.303319695618647495e-02
6.751243634973784769e-01 5.397997451397404389e-02
6.732041734023859192e-01 5.494374607779922703e-02
6.712853453347803478e-01 5.592482053849826690e-02
6.693679614907694919e-01 5.692351236846251994e-02
6.674521040046956788e-01 5.794014172254798728e-02
6.655378549455170933e-01 5.897503454115556737e-02
6.636252963132927007e-01 6.002852265556433281e-02
6.617145100356682796e-01 6.110094389560624673e-02
6.598055779643687835e-01 6.219264219977562597e-02
6.578985818716904799e-01 6.330396772787427739e-02
6.559936034469993071e-01 6.443527697629802820e-02
6.540907242932303411e-01 6.558693289607940569e-02
6.521900259233933683e-01 6.675930501380746007e-02
6.502915897570806791e-01 6.795276955555469567e-02
6.483954971169790804e-01 6.916770957395003416e-02
6.465018292253865706e-01 7.040451507854619817e-02
6.446106672007330118e-01 7.166358316963886144e-02
6.427220920541052429e-01 7.294531817570966414e-02
6.408361846857770772e-01 7.425013179467269964e-02
6.389530258817430752e-01 7.557844323912114859e-02
6.370726963102588680e-01 7.693067938578143639e-02
6.351952765183851435e-01 7.830727492939941470e-02
6.333208469285371844e-01 7.970867254129951340e-02
6.314494878350400686e-01 8.113532303287263048e-02
6.295812794006889757e-01 8.258768552427299403e-02
6.277163016533154893e-01 8.406622761861833049e-02
6.258546344823590069e-01 8.557142558201598359e-02
6.239963576354450314e-01 8.710376452975711337e-02
6.221415507149687940e-01 8.866373861905103848e-02
6.202902931746858695e-01 9.025185124869744557e-02
6.184426643163072335e-01 9.186861526612734308e-02
6.165987432861043116e-01 9.351455318227530622e-02
6.147586090715168039e-01 9.519019739478497277e-02
6.129223404977699463e-01 9.689609042008616446e-02
6.110900162244978784e-01 9.863278513492707011e-02
6.092617147423740054e-01 1.004008450279935127e-01
6.074375143697489099e-01 1.022008444622958256e-01
6.056174932492950358e-01 1.040333689490639951e-01
6.038017293446598099e-01 1.058990154339510825e-01
6.019903004371253141e-01 1.077983925964133283e-01
6.001832841222772830e-01 1.097321211632110438e-01
5.983807578066803190e-01 1.117008342370544999e-01
5.965827987045624337e-01 1.137051776415095167e-01
5.947894838345076929e-01 1.157458102833763547e-01
5.930008900161563012e-01 1.178234045338663050e-01
5.912170938669147890e-01 1.199386466300183807e-01
5.894381717986729718e-01 1.220922370979347638e-01
5.876642000145317901e-01 1.242848911995600297e-01
5.858952545055380323e-01 1.265173394048934863e-01
5.841314110474299381e-01 1.287903278917081062e-01
5.823727451973905733e-01 1.311046190750500273e-01
5.806193322908119736e-01 1.334609921690195211e-01
5.788712474380668382e-01 1.358602437835882970e-01
5.771285655212924359e-01 1.383031885594836197e-01
5.753913611911818382e-01 1.407906598444918778e-01
5.736597088637869213e-01 1.433235104148773698e-01
5.719336827173298055e-01 1.459026132460119196e-01
5.702133566890259520e-01 1.485288623367454763e-01
5.684988044719168077e-01 1.512031735925425391e-01
5.667900995117127749e-01 1.539264857729621405e-01
5.650873150036472836e-01 1.566997615096712981e-01
5.633905238893417433e-01 1.595239884018768151e-01
5.616997988536798214e-01 1.624001801968289194e-01
5.600152123216947109e-01 1.653293780639092936e-01
5.583368364554670560e-01 1.683126519717751957e-01
5.566647431510325372e-01 1.713511021790979083e-01
5.549990040353035559e-01 1.744458608506108122e-01
5.533396904629995783e-01 1.775980938114965213e-01
5.516868735135914692e-01 1.808090024545652708e-01
5.500406239882563719e-01 1.840798258162754109e-01
5.484010124068446901e-01 1.874118428393553026e-01
5.467681090048597259e-01 1.908063748416722882e-01
5.451419837304481986e-01 1.942647882130139059e-01
5.435227062414049737e-01 1.977884973636226396e-01
5.419103459021883396e-01 2.013789679506195196e-01
5.403049717809484953e-01 2.050377204108709550e-01
5.387066526465701388e-01 2.087663338313189842e-01
5.371154569657250466e-01 2.125664501903085646e-01
5.355314528999404189e-01 2.164397790058346649e-01
5.339547083026785490e-01 2.203881024288968649e-01
5.323852907164299264e-01 2.244132808220607178e-01
5.308232673698206616e-01 2.285172588647732816e-01
5.292687051747321236e-01 2.327020722277343689e-01
5.277216707234347881e-01 2.369698548584976139e-01
5.261822302857355194e-01 2.413228469192136294e-01
5.246504498061391741e-01 2.457634034148083457e-01
5.231263949010230840e-01 2.502940035456990842e-01
5.216101308558271921e-01 2.549172608131288764e-01
5.201017226222564016e-01 2.596359338971841457e-01
5.186012348154994678e-01 2.644529383172084525e-01
5.171087317114596571e-01 2.693713588714432006e-01
5.156242772440026156e-01 2.743944628366491445e-01
5.141479350022171158e-01 2.795257138886416692e-01
5.126797682276911239e-01 2.847687866798060408e-01
5.112198398118028564e-01 2.901275819781993781e-01
5.097682122930264903e-01 2.956062422324404748e-01
5.083249478542538613e-01 3.012091673741699727e-01
5.068901083201295954e-01 3.069410306016610024e-01
5.054637551544041152e-01 3.128067937996298897e-01
5.040459494572994137e-01 3.188117221366210674e-01
5.026367519628931468e-01 3.249613972375803295e-01
5.012362230365156046e-01 3.312617281513083878e-01
4.998444226721645012e-01 3.377189591176634198e-01
4.984614104899355302e-01 3.443396728877071156e-01
4.970872457334673533e-01 3.511307880649573998e-01
4.957219872674045180e-01 3.580995486259572758e-01
4.943656935748758641e-01 3.652535034576812611e-01
4.930184227549890830e-01 3.726004734383617789e-01
4.916802325203419866e-01 3.801485033141462355e-01
4.903511801945504844e-01 3.879057954195050395e-01
4.890313227097925486e-01 3.958806221917962609e-01
4.877207166043703301e-01 4.040812144793318739e-01
4.864194180202870976e-01 4.125156228759840893e-01
4.851274827008431600e-01 4.211915497667649277e-01
4.838449659882478882e-01 4.301161504614481879e-01
4.825719228212484446e-01 4.392958027362238727e-01
4.813084077327773880e-01 4.487358452876723525e-01
4.800544748476154866e-01 4.584402869989905871e-01
4.788101778800743502e-01 4.684114904729144158e-01
4.775755701316946600e-01 4.786498349259385998e-01
4.763507044889633280e-01 4.891533651731801990e-01
4.751356334210475874e-01 4.999174349603237588e-01
4.739304089775481788e-01 5.109343542125008852e-01
4.727350827862688565e-01 5.221930507696527224e-01
4.715497060510052130e-01 5.336787577786782366e-01
4.703743295493515442e-01 5.453727380535190461e-01
4.692090036305250345e-01 5.572520563636161883e-01
4.680537782132097591e-01 5.692894097708418588e-01
4.669087027834175063e-01 5.814530248398781520e-01
4.657738263923686395e-01 5.937066288612482534e-01
4.646491976543906111e-01 6.060095002377078321e-01
4.635348647448355175e-01 6.183166009958961373e-01
4.624308753980163056e-01 6.305787921048366940e-01
4.613372769051624633e-01 6.427431300168062744e-01
4.602541161123933078e-01 6.547532406902962787e-01
4.591814394187124782e-01 6.665497653895193775e-01
4.581192927740193044e-01 6.780708708420281061e-01
4.570677216771407148e-01 6.892528149170268348e-01
4.560267711738830165e-01 7.000305578847215715e-01
4.549964858551008295e-01 7.103384085375674672e-01
4.539769098547883353e-01 7.201106939898382908e-01
4.529680868481880118e-01 7.292824418051735424e-01
4.519700600499197973e-01 7.377900632076269671e-01
4.509828722121299038e-01 7.455720264817465859e-01
4.500065656226598931e-01 7.525695102297714767e-01
4.490411821032344597e-01 7.587270268966838094e-01
4.480867630076707520e-01 7.639930078620676968e-01
4.471433492201061788e-01 7.683203423961254552e-01
4.462109811532473103e-01 7.716668638487651499e-01
4.452896987466392620e-01 7.739957775494366032e-01
4.443795414649537867e-01 7.752760260079475385e-01
4.434805482962997925e-01 7.754825880954269168e-01
4.425927577505524568e-01 7.745967099315289595e-01
4.417162078577039908e-01 7.726060662014101466e-01
4.408509361662343862e-01 7.695048515779923104e-01
4.399969797415031469e-01 7.652938028436987450e-01
4.391543751641611149e-01 7.599801532064280885e-01
4.383231585285841669e-01 7.535775211972696175e-01
4.375033654413265083e-01 7.461057374206082615e-01
4.366950310195952811e-01 7.375906132820015948e-01
4.358981898897470453e-01 7.280636566078999561e-01
4.351128761858034655e-01 7.175617397415642307e-01
4.343391235479900359e-01 7.061267261925247007e-01
4.335769651212945108e-01 6.938050621786541194e-01
4.328264335540471519e-01 6.806473393953954565e-01
4.320875609965223463e-01 6.667078350698780742e-01
4.313603790995613751e-01 6.520440348390704743e-01
4.306449190132164428e-01 6.367161432970825929e-01
4.299412113854162998e-01 6.207865862825999725e-01
4.292492863606537923e-01 6.043195082352929015e-01
4.285691735786938406e-01 5.873802673513663919e-01
4.279009021733046203e-01 5.700349309077019644e-01
4.272445007710088394e-01 5.523497730624691293e-01
4.265999974898580516e-01 5.343907776965491907e-01
4.259674199382275650e-01 5.162231494057440973e-01
4.253467952136344432e-01 4.979108365171056039e-01
4.247381499015762119e-01 4.795160708772510660e-01
4.241415100743923250e-01 4.610989300206478347e-01
4.235569012901472807e-01 4.427169280412396879e-01
4.229843485915354973e-01 4.244246419445517615e-01
4.224238765048091704e-01 4.062733803580307335e-01
4.218755090387270590e-01 3.883109011699699131e-01
4.213392696835261964e-01 3.705811839375072192e-01
4.208151814099159171e-01 3.531242617776828574e-01
4.203032666680935336e-01 3.359761159939181341e-01
4.198035473867827716e-01 3.191686349814942814e-01
4.193160449722944660e-01 3.027296371048406320e-01
4.188407803076095171e-01 2.866829553568976952e-01
4.183777737514843276e-01 2.710485798032901128e-01
4.179270451375788897e-01 2.558428521752365570e-01
4.174886137736066871e-01 2.410787055816381308e-01
4.170624984405083002e-01 2.267659412180146328e-01
4.166487173916462727e-01 2.129115331922427634e-01
4.162472883520236810e-01 1.995199521791213570e-01
4.158582285175243531e-01 1.865934985547424985e-01
4.154815545541768462e-01 1.741326359313528360e-01
4.151172825974400182e-01 1.621363165863456968e-01
4.147654282515121360e-01 1.506022911208956261e-01
4.144260065886623545e-01 1.395273957522800423e-01
4.140990321485849002e-01 1.289078118885988167e-01
4.137845189377766242e-01 1.187392939875756837e-01
4.134824804289367051e-01 1.090173630665415005e-01
4.131929295603895547e-01 9.973746448502407436e-02
4.129158787355307614e-01 9.089508965296325127e-02
4.126513398222955153e-01 8.248586212459657618e-02
4.123993241526502929e-01 7.450558933056222743e-02
4.121598425221077999e-01 6.695028239302190654e-02
4.119329051892638982e-01 5.981614846175661165e-02
4.117185218753586784e-01 5.309956283421080753e-02
4.115167017638597935e-01 4.679703118000249490e-02
4.113274535000689958e-01 4.090515434014123375e-02
4.111507851907522659e-01 3.542060819591934251e-02
4.109867044037917583e-01 3.034014831006733720e-02
4.108352181678624482e-01 2.566064366043952980e-02
4.106963329721303180e-01 2.137913694434767989e-02
4.105700547659750788e-01 1.749292228068563548e-02
4.104563889587347081e-01 1.399962631051995116e-02
4.103553404194741350e-01 1.089727684554498734e-02
4.102669134767763515e-01 8.184344743067419742e-03
4.101911119185574495e-01 5.859749224064982748e-03
4.101279389919036955e-01 3.922823401630517667e-03
4.100773974029331415e-01 2.373244000937167926e-03
4.100394893166792176e-01 1.210935731362199324e-03
4.100142163569981957e-01 4.359653473493775772e-04
4.100015796064995222e-01 4.844235662155137591e-05
