2.624668365609332012e-03 2.964796159895253404e-46
5.249336731218664023e-03 -1.953359698098106612e-46
7.874005096827996902e-03 -5.755778939909621821e-45
1.049867346243732805e-02 -4.481476584861086246e-44
1.312334182804665919e-02 1.022646631476855412e-43
1.574801019365599380e-02 3.093283005962857947e-42
1.837267855926532495e-02 1.373239811920446464e-41
2.099734692487465609e-02 -8.083275900168286678e-41
2.362201529048398724e-02 -1.748597453633047080e-39
2.624668365609331838e-02 -4.284885802598698019e-39
2.887135202170265300e-02 5.630397158797436652e-38
3.149602038731198761e-02 7.036083726322340080e-37
3.412068875292131875e-02 1.180860986633165695e-36
3.674535711853064990e-02 -3.885260505614503820e-35
3.937002548413998104e-02 -1.768466250671169480e-34
4.199469384974931219e-02 1.182645293776794771e-33
4.461936221535864333e-02 2.742361177048572737e-32
4.724403058096797448e-02 8.132093334358833417e-32
4.986869894657730562e-02 -1.090985740028347922e-30
5.249336731218663676e-02 -1.257935698666123374e-29
5.511803567779597485e-02 1.272613351960383362e-29
5.774270404340530599e-02 1.223524850673132264e-27
6.036737240901463714e-02 1.126218538465975687e-26
6.299204077462397522e-02 3.095699349091149554e-26
6.561670914023330636e-02 -5.648686646593825623e-25
6.824137750584263751e-02 -6.470813242266509177e-24
7.086604587145196865e-02 1.802115796545767309e-22
7.349071423706129980e-02 5.500622827979241313e-21
7.611538260267063094e-02 1.229470084792070825e-19
7.874005096827996208e-02 2.447012341961879444e-18
8.136471933388929323e-02 2.441764703651739624e-17
8.398938769949862437e-02 8.433988839118119989e-16
8.661405606510795552e-02 3.696565481732632062e-15
8.923872443071728666e-02 3.562076041183028760e-14
9.186339279632661781e-02 1.499228901652629553e-13
9.448806116193594895e-02 5.512731261894244489e-13
9.711272952754528009e-02 2.521524850503905177e-12
9.973739789315461124e-02 6.996382422965921584e-12
1.023620662587639424e-01 2.088886554451098888e-11
1.049867346243732735e-01 4.690912903758798924e-11
1.076114029899826185e-01 6.480517774338351501e-11
1.102360713555919497e-01 6.198465093773581975e-11
1.128607397212012808e-01 7.062104674746055795e-11
1.154854080868106120e-01 8.542998091410759884e-11
1.181100764524199431e-01 1.297970540617130755e-10
1.207347448180292743e-01 1.168383836681412693e-10
1.233594131836386054e-01 1.189415983371367262e-10
1.259840815492479504e-01 1.290383376602103971e-10
1.286087499148572677e-01 1.464223663904555694e-10
1.312334182804666127e-01 1.495626848387244060e-10
1.338580866460759300e-01 1.569094874034642443e-10
1.364827550116852750e-01 1.659926680180556231e-10
1.391074233772945923e-01 1.861376247833512989e-10
1.417320917429039373e-01 1.865626332868330858e-10
1.443567601085132546e-01 6.358487490979007564e-10
1.469814284741225996e-01 2.243290793561205703e-10
1.496060968397319169e-01 2.343813530902716889e-10
1.522307652053412619e-01 2.259316453108411893e-10
1.548554335709505791e-01 2.311011575061082584e-10
1.574801019365599242e-01 2.430384272907422221e-10
1.601047703021692414e-01 2.301395744570161956e-10
1.627294386677785865e-01 2.227042139146808242e-10
1.653541070333879037e-01 2.081421965408779889e-10
1.679787753989972487e-01 2.259907744540743679e-10
1.706034437646065938e-01 2.136409997260911154e-10
1.732281121302159110e-01 2.336074755051018706e-10
1.758527804958252561e-01 2.825579164814723826e-10
1.784774488614345733e-01 2.245390295581904044e-10
1.811021172270439183e-01 2.121341408034350302e-10
1.837267855926532356e-01 2.064668593909022300e-10
1.863514539582625806e-01 2.670176644537298866e-10
1.889761223238718979e-01 2.232666130440792638e-10
1.916007906894812429e-01 2.092712252652731723e-10
1.942254590550905602e-01 2.102423955067163761e-10
1.968501274206999052e-01 2.215620431387469900e-10
1.994747957863092225e-01 2.134692739563756528e-10
2.020994641519185675e-01 2.202012973842411548e-10
2.047241325175278848e-01 2.111992985912625241e-10
2.073488008831372298e-01 2.134551349260731577e-10
2.099734692487465471e-01 2.150365344679062333e-10
2.125981376143558921e-01 2.258624518920954292e-10
2.152228059799652371e-01 2.354755275440816736e-10
2.178474743455745544e-01 1.881885435160185474e-10
2.204721427111838994e-01 2.019576309571744579e-10
2.230968110767932167e-01 1.934468521370894767e-10
2.257214794424025617e-01 1.960492889566531065e-10
2.283461478080118789e-01 1.999229543757012001e-10
2.309708161736212240e-01 1.992803534698256883e-10
2.335954845392305412e-01 1.933206006478030281e-10
2.362201529048398863e-01 2.099314874469914503e-10
2.388448212704492035e-01 1.770442106603632056e-10
2.414694896360585485e-01 1.767226848905465345e-10
2.440941580016678658e-01 1.883760767349979084e-10
2.467188263672772108e-01 1.864949289565679408e-10
2.493434947328865281e-01 1.848056236390451479e-10
2.519681630984959009e-01 1.869698094303437522e-10
2.545928314641052181e-01 1.823528911647587818e-10
2.572174998297145354e-01 1.809740150669268674e-10
2.598421681953238527e-01 1.737038105037847046e-10
2.624668365609332255e-01 1.922117844710610803e-10
2.650915049265425427e-01 1.852923657833153563e-10
2.677161732921518600e-01 1.933307300750247009e-10
2.703408416577611773e-01 1.783311392341093658e-10
2.729655100233705500e-01 1.797167268404378728e-10
2.755901783889798673e-01 1.852821439918545480e-10
2.782148467545891846e-01 1.651543697998220288e-10
2.808395151201985018e-01 1.758609880221628076e-10
2.834641834858078746e-01 1.838672187740536620e-10
2.860888518514171919e-01 2.244449809368920409e-10
2.887135202170265091e-01 1.667541034343663329e-10
2.913381885826358264e-01 1.741383488526168642e-10
2.939628569482451992e-01 1.711251591833922604e-10
2.965875253138545165e-01 1.816101793574022668e-10
2.992121936794638337e-01 1.754084164292688766e-10
3.018368620450732065e-01 1.904453504530457000e-10
3.044615304106825238e-01 1.586064980844883732e-10
3.070861987762918410e-01 1.827812667996987856e-10
3.097108671419011583e-01 1.598480121840168337e-10
3.123355355075105311e-01 1.702460124020740961e-10
3.149602038731198483e-01 1.544708170932133909e-10
3.175848722387291656e-01 1.664056335543706851e-10
3.202095406043384829e-01 1.546700046953636916e-10
3.228342089699478556e-01 1.563358460394062570e-10
3.254588773355571729e-01 1.645125486355652381e-10
3.280835457011664902e-01 1.592812371669953594e-10
3.307082140667758074e-01 1.523535469934334088e-10
3.333328824323851802e-01 1.549279332259322003e-10
3.359575507979944975e-01 1.450431731133504596e-10
3.385822191636038148e-01 1.596331105902268107e-10
3.412068875292131875e-01 1.680405112232550519e-10
3.438315558948225048e-01 1.499882106877875781e-10
3.464562242604318221e-01 1.645337471271599141e-10
3.490808926260411393e-01 6.493144998118165469e-09
3.517055609916505121e-01 1.586123132165640459e-10
3.543302293572598294e-01 1.683640083130740462e-10
3.569548977228691466e-01 1.479426005969134956e-10
3.595795660884784639e-01 1.524740796343625374e-10
3.622042344540878367e-01 1.626831921310201438e-10
3.648289028196971540e-01 1.478971371513091405e-10
3.674535711853064712e-01 1.551619173327158484e-10
3.700782395509157885e-01 1.527776675584369133e-10
3.727029079165251613e-01 1.536012791373839591e-10
3.753275762821344785e-01 1.599807787009762154e-10
3.779522446477437958e-01 1.381340894601828511e-10
3.805769130133531686e-01 1.565850501589128965e-10
3.832015813789624858e-01 1.508608305057191859e-10
3.858262497445718031e-01 1.389634559827426688e-10
3.884509181101811204e-01 1.411339430450786191e-10
3.910755864757904932e-01 1.419489825709179185e-10
3.937002548413998104e-01 1.451825715202597448e-10
3.963249232070091277e-01 1.407871429352922952e-10
3.989495915726184450e-01 1.393236014689762727e-10
4.015742599382278177e-01 1.357681080158986246e-10
4.041989283038371350e-01 1.343314496496299834e-10
4.068235966694464523e-01 2.522777965317930364e-09
4.094482650350557695e-01 1.356464037571789436e-10
4.120729334006651423e-01 1.586584299155210616e-10
4.146976017662744596e-01 1.345074180369628032e-10
4.173222701318837768e-01 1.425854346263145185e-10
4.199469384974930941e-01 1.358914288954395623e-10
4.225716068631024669e-01 1.560091209747585215e-10
4.251962752287117842e-01 1.432541721108883958e-10
4.278209435943211014e-01 1.406113354055018447e-10
4.304456119599304742e-01 1.365659174662803817e-10
4.330702803255397915e-01 1.363527013222715067e-10
4.356949486911491087e-01 1.292579214980321441e-10
4.383196170567584260e-01 1.248817369471679230e-10
4.409442854223677988e-01 1.580270071376671591e-10
4.435689537879771160e-01 1.271002146149433218e-10
4.461936221535864333e-01 1.224564603569314666e-10
4.488182905191957506e-01 1.281725146257757033e-10
4.514429588848051234e-01 1.298270784923762989e-10
4.540676272504144406e-01 1.289368846777044816e-10
4.566922956160237579e-01 1.326613722661580034e-10
4.593169639816330752e-01 1.324374002655266652e-10
4.619416323472424479e-01 1.418742753159498707e-10
4.645663007128517652e-01 1.371618485337678378e-10
4.671909690784610825e-01 2.815008992852712699e-10
4.698156374440704552e-01 1.256693049919305140e-10
4.724403058096797725e-01 1.145200817792047161e-10
4.750649741752890898e-01 1.268741857912309321e-10
4.776896425408984070e-01 1.189881083272446324e-10
4.803143109065077798e-01 1.354132259474066307e-10
4.829389792721170971e-01 1.287072659409379593e-10
4.855636476377264144e-01 -1.799483440208885950e-10
4.881883160033357316e-01 1.279127684990268410e-10
4.908129843689451044e-01 1.144521795870098855e-10
4.934376527345544217e-01 1.264163389869807987e-10
4.960623211001637389e-01 1.338542567021701601e-10
4.986869894657730562e-01 1.190991631922758547e-10
5.013116578313824290e-01 1.289973211185878358e-10
5.039363261969918018e-01 2.332261979895459052e-10
5.065609945626010635e-01 1.304795774176696310e-10
5.091856629282104363e-01 1.243908324016964428e-10
5.118103312938196980e-01 1.257786960345339902e-10
5.144349996594290708e-01 1.115150552721806673e-10
5.170596680250384436e-01 1.357094256574395707e-10
5.196843363906477054e-01 1.279423127593590303e-10
5.223090047562570781e-01 1.229045436824850121e-10
5.249336731218664509e-01 1.236667891454509209e-10
5.275583414874757127e-01 1.202784843706771076e-10
5.301830098530850854e-01 1.310470414026008180e-10
5.328076782186943472e-01 1.284525361152718802e-10
5.354323465843037200e-01 1.131524795208612800e-10
5.380570149499130927e-01 1.250105694799791263e-10
5.406816833155223545e-01 1.212754215611663909e-10
5.433063516811317273e-01 1.149524063006723274e-10
5.459310200467411001e-01 1.167151910614279911e-10
5.485556884123503618e-01 1.143713503644073932e-10
5.511803567779597346e-01 1.195708006727701906e-10
5.538050251435691074e-01 1.250393587521080715e-10
5.564296935091783691e-01 1.148798562320652390e-10
5.590543618747877419e-01 1.064635115687581746e-10
5.616790302403970037e-01 1.257555703568548176e-10
5.643036986060063764e-01 1.186620996804205841e-10
5.669283669716157492e-01 1.196222793893962299e-10
5.695530353372250110e-01 1.298110429237235592e-10
5.721777037028343837e-01 1.119371198605065701e-10
5.748023720684437565e-01 1.137634969451831277e-10
5.774270404340530183e-01 1.114086048517457328e-10
5.800517087996623911e-01 1.261729970426374709e-10
5.826763771652716528e-01 1.137097228392152070e-10
5.853010455308810256e-01 1.069713677440839489e-10
5.879257138964903984e-01 1.252611052561214585e-10
5.905503822620996601e-01 1.129106540126272517e-10
5.931750506277090329e-01 1.157237052545262810e-10
5.957997189933184057e-01 1.177310284568334369e-10
5.984243873589276674e-01 1.219028167184869967e-10
6.010490557245370402e-01 1.228809772819810968e-10
6.036737240901464130e-01 1.205677540510126543e-10
6.062983924557556747e-01 1.223697824298878097e-10
6.089230608213650475e-01 1.291274236462380230e-10
6.115477291869743093e-01 1.086500142821412411e-10
6.141723975525836821e-01 1.117069541988601717e-10
6.167970659181930548e-01 1.092409527750115035e-10
6.194217342838023166e-01 1.062466656709349469e-10
6.220464026494116894e-01 1.292640259432662269e-10
6.246710710150210621e-01 1.877175986462736489e-10
6.272957393806303239e-01 3.609978015336746598e-10
6.299204077462396967e-01 5.567826659936717999e-10
6.325450761118490695e-01 6.452516684742992899e-10
6.351697444774583312e-01 1.200795147973316235e-09
6.377944128430677040e-01 3.285496285128156924e-09
6.404190812086769657e-01 6.935704171551485302e-09
6.430437495742863385e-01 1.093518234582052375e-08
6.456684179398957113e-01 1.474707150921049161e-08
6.482930863055049731e-01 2.797837424953645971e-08
6.509177546711143458e-01 6.042320132240540860e-08
6.535424230367237186e-01 1.061246307506197531e-07
6.561670914023329804e-01 1.466847018012863060e-07
6.587917597679423531e-01 2.638736227601059292e-07
6.614164281335516149e-01 6.230339134471696513e-07
6.640410964991609877e-01 1.254721873770443665e-06
6.666657648647703605e-01 1.828461343122736772e-06
6.692904332303796222e-01 1.698773284426098454e-06
6.719151015959889950e-01 3.543088237809668215e-06
6.745397699615983678e-01 1.227300208524424523e-05
6.771644383272076295e-01 2.894022996676791582e-05
6.797891066928170023e-01 5.357695664160142836e-05
6.824137750584263751e-01 8.587970765291706797e-05
6.850384434240356368e-01 1.172411754301451670e-04
6.876631117896450096e-01 1.481068894370956516e-04
6.902877801552542714e-01 1.763905509095951612e-04
6.929124485208636441e-01 2.009974653584569696e-04
6.955371168864730169e-01 2.213362557904058206e-04
6.981617852520822787e-01 2.370201661019745725e-04
7.007864536176916515e-01 2.481022857109205161e-04
7.034111219833010242e-01 2.544189067764888188e-04
7.060357903489102860e-01 2.555172423169629631e-04
7.086604587145196588e-01 2.528325850956503499e-04
7.112851270801289205e-01 2.462408516682962172e-04
7.139097954457382933e-01 2.358014998848376805e-04
7.165344638113476661e-01 2.230625626744507336e-04
7.191591321769569278e-01 2.079046882056574403e-04
7.217838005425663006e-01 1.913835062682815496e-04
7.244084689081756734e-01 1.739660382627037771e-04
7.270331372737849351e-01 1.562544697276567398e-04
7.296578056393943079e-01 1.387252383964427749e-04
7.322824740050036807e-01 1.218037325500104782e-04
7.349071423706129425e-01 1.057662525792591200e-04
7.375318107362223152e-01 9.088419674496669217e-05
7.401564791018315770e-01 7.726305200730973607e-05
7.427811474674409498e-01 6.514599150299553822e-05
7.454058158330503225e-01 5.450815303292618229e-05
7.480304841986595843e-01 4.523962168264388667e-05
7.506551525642689571e-01 3.726818493637144305e-05
7.532798209298783298e-01 3.049232845645523970e-05
7.559044892954875916e-01 2.478932068894009694e-05
7.585291576610969644e-01 2.002625570506255990e-05
7.611538260267063372e-01 1.610392702059720594e-05
7.637784943923155989e-01 1.293382375650521782e-05
7.664031627579249717e-01 1.035901027109621949e-05
7.690278311235342334e-01 8.275580741667591062e-06
7.716524994891436062e-01 6.590578620718354245e-06
7.742771678547529790e-01 5.233815922655883579e-06
7.769018362203622408e-01 4.162776701198347436e-06
7.795265045859716135e-01 3.305626281500873978e-06
7.821511729515809863e-01 2.617648323001327931e-06
7.847758413171902481e-01 2.064489306147314967e-06
7.874005096827996208e-01 1.631085363546646573e-06
7.900251780484088826e-01 1.285664119076866121e-06
7.926498464140182554e-01 1.008885757510201922e-06
7.952745147796276282e-01 7.907617047945644529e-07
7.978991831452368899e-01 6.197498494222029991e-07
8.005238515108462627e-01 4.837354436207626562e-07
8.031485198764556355e-01 3.768052627801134954e-07
8.057731882420648972e-01 2.937224211520718019e-07
8.083978566076742700e-01 2.278312546139363544e-07
8.110225249732836428e-01 1.768019126300230753e-07
8.136471933388929045e-01 1.370399563276354285e-07
8.162718617045022773e-01 1.056946699577108099e-07
8.188965300701115391e-01 8.171243587216805482e-08
8.215211984357209118e-01 6.279246523906318102e-08
8.241458668013302846e-01 4.836095417122836273e-08
8.267705351669395464e-01 3.709632796926525941e-08
8.293952035325489192e-01 2.842749500154379961e-08
8.320198718981582919e-01 2.173797966093589031e-08
8.346445402637675537e-01 1.659560483316733688e-08
8.372692086293769265e-01 1.263872368467930925e-08
8.398938769949861882e-01 9.620943648710286454e-09
8.425185453605955610e-01 7.919773521411827947e-09
8.451432137262049338e-01 5.537121388663127436e-09
8.477678820918141955e-01 4.181421838309723573e-09
8.503925504574235683e-01 3.163463938736477403e-09
8.530172188230329411e-01 2.383974494364997696e-09
8.556418871886422028e-01 1.793468142803000972e-09
8.582665555542515756e-01 1.345894992479472739e-09
8.608912239198609484e-01 1.011680852393681016e-09
8.635158922854702102e-01 7.558244386383418155e-10
8.661405606510795829e-01 5.726533647535808068e-10
8.687652290166888447e-01 4.300807426573388789e-10
8.713898973822982175e-01 3.251073093294764745e-10
8.740145657479075902e-01 2.477816712358291778e-10
8.766392341135168520e-01 2.023279505753572689e-10
8.792639024791262248e-01 1.632221891605111633e-10
8.818885708447355976e-01 1.395430190162966293e-10
8.845132392103448593e-01 1.187929021113134034e-10
8.871379075759542321e-01 1.056177074560889404e-10
8.897625759415636049e-01 9.933642908946504037e-11
8.923872443071728666e-01 9.499048865152467068e-11
8.950119126727822394e-01 9.269799215980572829e-11
8.976365810383915012e-01 9.480514403192742192e-11
9.002612494040008739e-01 9.404410283966083763e-11
9.028859177696102467e-01 9.437444725333729213e-11
9.055105861352195085e-01 9.373432245221873245e-11
9.081352545008288812e-01 1.054714928594062966e-10
9.107599228664382540e-01 1.317047308808160099e-10
9.133845912320475158e-01 9.308964871650750643e-11
9.160092595976568886e-01 9.829975245615069861e-11
9.186339279632661503e-01 1.031102939106271883e-10
9.212585963288755231e-01 1.078902129227252027e-10
9.238832646944848959e-01 9.985571555453244084e-11
9.265079330600941576e-01 1.347571262436667971e-10
9.291326014257035304e-01 1.002734232051986800e-10
9.317572697913129032e-01 9.185533611513215700e-11
9.343819381569221649e-01 1.008286934223857734e-10
9.370066065225315377e-01 1.080321800366655875e-10
9.396312748881409105e-01 1.361396040974228626e-10
9.422559432537501722e-01 1.085413027105505982e-10
9.448806116193595450e-01 1.176975322099416076e-10
9.475052799849688068e-01 1.173103366590799281e-10
9.501299483505781796e-01 1.160148415155117579e-10
9.527546167161875523e-01 1.242186119113823690e-10
9.553792850817968141e-01 1.284488204640858799e-10
9.580039534474061869e-01 1.107249598275240539e-10
9.606286218130155596e-01 1.244327240336596844e-10
9.632532901786248214e-01 1.308199949745804271e-10
9.658779585442341942e-01 1.418588983126543535e-10
9.685026269098435669e-01 1.300865368273751330e-10
9.711272952754528287e-01 1.516999156479980274e-10
9.737519636410622015e-01 1.381400238254424938e-10
9.763766320066714632e-01 1.638539709222252797e-10
9.790013003722808360e-01 1.719288788268972059e-10
9.816259687378902088e-01 1.833494740435715180e-10
9.842506371034994705e-01 1.815336611117757327e-10
9.868753054691088433e-01 2.643646660694947495e-10
9.894999738347182161e-01 2.301412233256566980e-10
9.921246422003274779e-01 2.835500885562081523e-10
9.947493105659368506e-01 2.852156885243820152e-10
9.973739789315461124e-01 3.418755498558039527e-10
