2.846328964307009990e-01 3.141592653589793116e+00 -2.846328964307009990e-01 3.485747655458980741e-17
2.803826644762218434e-01 3.106802037270969485e+00 -2.802129958271959986e-01 9.752717997228819644e-03
2.761602131095747814e-01 3.072011420952145411e+00 -2.754919613344650742e-01 1.920006627111853562e-02
2.719659731944836234e-01 3.037220804633321780e+00 -2.704859891086699997e-01 2.833408321310284042e-02
2.678003727159437575e-01 3.002430188314497705e+00 -2.652114182639588869e-01 3.714758739430923384e-02
2.636638367365496394e-01 2.967639571995674075e+00 -2.596846949461286136e-01 4.563417593617759282e-02
2.595567873531214320e-01 2.936328017308732274e+00 -2.541079322162757559e-01 5.290448606538126347e-02
2.554796436536337367e-01 2.901537400989908644e+00 -2.481537239136893114e-01 6.074189352626541138e-02
2.514328216744509681e-01 2.863267723039202295e+00 -2.417569335812731479e-01 6.908001795422587243e-02
2.474167343578752287e-01 2.824998045088495946e+00 -2.351204033084511313e-01 7.702880232995118481e-02
2.434317915100085161e-01 2.783249305505907323e+00 -2.279687935234907814e-01 8.537720010176182150e-02
2.394783997589361169e-01 2.734542442659554151e+00 -2.199112530156900336e-01 9.481004560788883206e-02
2.355569625132332701e-01 2.682356518181318261e+00 -2.111512241740990115e-01 1.044138071245377386e-01
2.316678799208019834e-01 2.616254347175553274e+00 -2.004284690955682458e-01 1.161827670655418976e-01
2.278115488280379741e-01 2.539714991274140576e+00 -1.877791258302228816e-01 1.289848893547878017e-01
2.239883627393375876e-01 2.452738450477081056e+00 -1.729133829277468559e-01 1.423788911571215732e-01
2.201987117769426960e-01 2.358803786416256543e+00 -1.561097496609154811e-01 1.552971948524228540e-01
2.164429826411332358e-01 2.264869122355432030e+00 -1.384527367012722832e-01 1.663682795322415919e-01
2.127215585707673551e-01 2.184850704822137502e+00 -1.225671638495631766e-01 1.738613005434238024e-01
2.090348193041755009e-01 2.115269472184489796e+00 -1.082732408489071874e-01 1.788084477803099648e-01
2.053831410404114988e-01 2.115269472184489796e+00 -1.063817902213449740e-01 1.756848010868535814e-01
2.017668964008645371e-01 2.073520732601900729e+00 -9.721424605331865920e-02 1.768029152687308481e-01
1.981864543912368326e-01 2.035251054651194824e+00 -8.877472055816912344e-02 1.771917596672847039e-01
1.946421803638892223e-01 2.000460438332371194e+00 -8.108121091901759891e-02 1.769503196174411208e-01
1.911344359805613735e-01 1.972627945277312111e+00 -7.475358016022108643e-02 1.759098487033534663e-01
1.876635791754662219e-01 1.948274513854135304e+00 -6.916854920012042995e-02 1.744515140389930885e-01
1.842299641187663262e-01 1.923921082430958496e+00 -6.371251356403086208e-02 1.728623593919599299e-01
1.808339411804341934e-01 1.903046712639663962e+00 -5.898281751617812096e-02 1.709442643691269637e-01
1.774758568944997950e-01 1.885651404480252147e+00 -5.496048844941414657e-02 1.687513688532297496e-01
1.741560539236902683e-01 1.868256096320840332e+00 -5.104382991643582890e-02 1.665078332864051436e-01
1.708748710244637758e-01 1.850860788161428516e+00 -4.723282156721277103e-02 1.642171797176744108e-01
1.676326430124425726e-01 1.836944541633898975e+00 -4.409027321926142079e-02 1.617304881918925630e-01
1.644297007282482237e-01 1.823028295106369434e+00 -4.103605003695739994e-02 1.592267850549825281e-01
1.612663710037417486e-01 1.809112048578839893e+00 -3.806955336480295077e-02 1.567084921863550750e-01
1.581429766286743255e-01 1.795195802051310352e+00 -3.519012285804420243e-02 1.541780020308124166e-01
1.550598363177481953e-01 1.784758617155663085e+00 -3.292439710205229825e-02 1.515240473137951793e-01
1.520172646780955650e-01 1.770842370628133544e+00 -3.020802814531783204e-02 1.489856496303648969e-01
1.490155721771753705e-01 1.760405185732486277e+00 -2.808567693822102904e-02 1.463449196323973744e-01
1.460550651110928688e-01 1.749968000836839011e+00 -2.602914045441227786e-02 1.437169645233646598e-01
1.431360455733447778e-01 1.739530815941192188e+00 -2.403754404191682514e-02 1.411032388671767668e-01
1.402588114239936290e-01 1.732572692677427195e+00 -2.259171554541598154e-02 1.384274126421006779e-01
1.374236562592733302e-01 1.722135507781779928e+00 -2.071828471098279348e-02 1.358529130283983588e-01
1.346308693816306579e-01 1.715177384518015380e+00 -1.937068343288379096e-02 1.332300552195213039e-01
1.318807357702042049e-01 1.704740199622368113e+00 -1.761184382945106194e-02 1.306994698696878621e-01
1.291735360517449749e-01 1.697782076358603565e+00 -1.635914919384051647e-02 1.281334486141894047e-01
1.265095464719810381e-01 1.690823953094838572e+00 -1.514820690242691878e-02 1.255993518143608545e-01
1.238890388674288717e-01 1.683865829831074024e+00 -1.397824293490034994e-02 1.230979393651583653e-01
1.213122806376546597e-01 1.676907706567309031e+00 -1.284847027806140102e-02 1.206299558361141611e-01
1.187795347179890909e-01 1.669949583303544483e+00 -1.175808920170933955e-02 1.181961302503031080e-01
1.162910595526966961e-01 1.662991460039779490e+00 -1.070628753826857911e-02 1.157971758681392155e-01
1.138471090686040826e-01 1.656033336776014941e+00 -9.692240966071781136e-03 1.134337899760659157e-01
1.114479326491887856e-01 1.652554275144132223e+00 -9.101606669048443315e-03 1.110756609155221369e-01
1.090937751091323321e-01 1.645596151880367675e+00 -8.152588023601756509e-03 1.087887267876564701e-01
1.067848766693385021e-01 1.642117090248485400e+00 -7.609523933102570019e-03 1.065134030570677737e-01
1.045214729324212694e-01 1.635158966984720408e+00 -6.722634236138326676e-03 1.043050549728534171e-01
1.023037948586635881e-01 1.631679905352838134e+00 -6.224773791530986006e-03 1.021142430502610804e-01
1.001320687424499117e-01 1.624721782089073141e+00 -5.397050778907154511e-03 9.998651425833693374e-02
9.800651618917484431e-02 1.621242720457190867e+00 -4.941978584986071385e-03 9.788183724882022763e-02
9.592735409263015989e-02 1.614284597193426318e+00 -4.170399892631957914e-03 9.583665805916014024e-02
9.389479461287314477e-02 1.610805535561543600e+00 -3.755654283621321504e-03 9.381965421112760384e-02
9.190904515457694324e-02 1.607326473929661326e+00 -3.356704266342835658e-03 9.184772788531234133e-02
8.997030834586718095e-02 1.603847412297779051e+00 -2.973074999771692980e-03 8.992117219485160073e-02
8.807878201764540727e-02 1.596889289034014059e+00 -2.297975552568107434e-03 8.804879982186979148e-02
8.623465918340228464e-02 1.593410227402131785e+00 -1.949935805964781322e-03 8.621261041651719081e-02
8.443812801952216285e-02 1.589931165770249510e+00 -1.615611388274495975e-03 8.442267031599565152e-02
8.268937184608123048e-02 1.586452104138367236e+00 -1.294513511178714982e-03 8.267923833145093826e-02
8.098856910814183907e-02 1.582973042506484518e+00 -9.861504116809422481e-04 8.098256499734871050e-02
7.933589335754331895e-02 1.576014919242719969e+00 -4.140198146952931151e-04 7.933481305475249823e-02
7.773151323519257583e-02 1.572535857610837695e+00 -1.352162944489738441e-04 7.773139562870740038e-02
7.617559245385586986e-02 1.569056795978954977e+00 1.325097236677183347e-04 7.617547720145292911e-02
7.466828978145328977e-02 1.565577734347072703e+00 3.896616044847972548e-04 7.466727303659262405e-02
7.320975902485821196e-02 1.562098672715190428e+00 6.367451309774830670e-04 7.320698991295834790e-02
7.180014901420234130e-02 1.555140549451425436e+00 1.124041227166950067e-03 7.179134996488986675e-02
7.043960358768881769e-02 1.551661487819543161e+00 1.347768222851922085e-03 7.042670853027432898e-02
6.912826157691533135e-02 1.548182426187660887e+00 1.563126401024547089e-03 6.911058663114393041e-02
6.786625679270698319e-02 1.544703364555778613e+00 1.770630739679277281e-03 6.784315498145226941e-02
6.665371801146253994e-02 1.537745241292013620e+00 2.202576675628540887e-03 6.661731592266040280e-02
6.549076896201362630e-02 1.534266179660131346e+00 2.391855374094484579e-03 6.544707668876635631e-02
6.437752831299949074e-02 1.527308056396366798e+00 2.798784973316294656e-03 6.431666156109309973e-02
6.331410966075785851e-02 1.520349933132601805e+00 3.192613983614786804e-03 6.323356464794706311e-02
6.230062151773342605e-02 1.513391809868837257e+00 3.574373234863979006e-03 6.219800075142092877e-02
6.133716730140510026e-02 1.506433686605072264e+00 3.945096919125684783e-03 6.121016502885174432e-02
6.042384532373318989e-02 1.495996501709424997e+00 4.515479615894225571e-03 6.025488799711502946e-02
5.956074878112749965e-02 1.489038378445660449e+00 4.864141446447715379e-03 5.936179683396999862e-02
5.874796574493768714e-02 1.478601193550013182e+00 5.408606783470261588e-03 5.849846538012916375e-02
5.798557915246600747e-02 1.475122131918130908e+00 5.539263910273498938e-03 5.772039453242884532e-02
5.727366679850460357e-02 1.468164008654365915e+00 5.867815184965661894e-03 5.697228846993258877e-02
5.661230132739698134e-02 1.468164008654365915e+00 5.800056814127798645e-03 5.631440315351732978e-02
5.600155022562542523e-02 1.468164008654365915e+00 5.737483998564622302e-03 5.570686586983206873e-02
5.544147581492476357e-02 1.468164008654365915e+00 5.680103123277171172e-03 5.514973861266999483e-02
5.493213524592273356e-02 1.471643070286248633e+00 5.437779730282956726e-03 5.466232737710012557e-02
5.447358049230822258e-02 1.478601193550013182e+00 5.015087301061134893e-03 5.424223327827420310e-02
5.406585834552819075e-02 1.482080255181895456e+00 4.790221180557850678e-03 5.385323406890300119e-02
5.370901041001259479e-02 1.489038378445660449e+00 4.386248140416487175e-03 5.352960514027293309e-02
5.340307309892923515e-02 1.495996501709424997e+00 3.990816650485656120e-03 5.325374727539636255e-02
5.314807763046820038e-02 1.502954624973189990e+00 3.602890834870519591e-03 5.302581761223753437e-02
5.294405002465608218e-02 1.506433686605072264e+00 3.405266624262938760e-03 5.283442620329066586e-02
5.279101110070111985e-02 1.513391809868837257e+00 3.028778405782720125e-03 5.270405443989118616e-02
