9.999938625852330398e-01 1.825968704589260462e-08
9.999447642187029306e-01 1.643423852440096222e-07
9.998465725607600385e-01 4.565337531871248587e-07
9.996992977611144360e-01 8.948262523792094865e-07
9.995029550430198917e-01 1.478898286958403662e-06
9.992575647017001295e-01 2.207456404010476818e-06
9.989631521022512839e-01 3.077268458158287473e-06
9.986197476770195536e-01 4.082271941564935863e-06
9.982273869224559393e-01 5.213291659077056329e-06
9.977861103954467348e-01 6.458682347855044303e-06
9.972959637091218799e-01 7.805691062258138848e-06
9.967569975281392880e-01 9.241872882482030433e-06
9.961692675634485905e-01 1.075587631564168205e-05
9.955328345665320766e-01 1.233738103194351099e-05
9.948477643231249390e-01 1.397653903260496878e-05
9.941141276464159349e-01 1.566348680368695275e-05
9.933320003697267975e-01 1.738825879831155382e-05
9.925014633386739504e-01 1.914104095417927908e-05
9.916226024028123032e-01 2.091250694569584624e-05
9.906955084067604611e-01 2.269405300808123460e-05
9.897202771808111255e-01 2.447791211997116934e-05
9.886970095310250173e-01 2.625721190539914503e-05
9.876258112288109903e-01 2.802602446376011483e-05
9.865067929999934426e-01 2.977941478738001479e-05
9.853400705133660287e-01 3.151347757087883360e-05
9.841257643687361112e-01 3.322535660439628194e-05
9.828640000844582891e-01 3.491324752701696594e-05
9.815549080844605534e-01 3.657638657386423159e-05
9.801986236847627376e-01 3.821502760236739884e-05
9.787952870794888183e-01 3.983040955248817874e-05
9.773450433263765058e-01 4.142471672392224500e-05
9.758480423317820174e-01 4.300103442109839459e-05
9.743044388351862484e-01 4.456330250169159685e-05
9.727143923931986791e-01 4.611626919105883134e-05
9.710780673630647897e-01 4.766544720689202706e-05
9.693956328856776494e-01 4.921707377937342546e-05
9.676672628680941246e-01 5.077807556794420294e-05
9.658931359655588134e-01 5.235603879757302188e-05
9.640734355630365959e-01 5.395918420895319528e-05
9.622083497562576859e-01 5.559634569411257143e-05
9.602980713322739614e-01 5.727695083352266048e-05
9.583427977495322381e-01 5.901100102796754125e-05
9.563427311174629297e-01 6.080904859078487885e-05
9.542980781755888708e-01 6.268216808632610156e-05
9.522090502721559657e-01 6.464191940137021500e-05
9.500758633422861088e-01 6.670030052784710979e-05
9.478987378856574830e-01 6.886968879509823625e-05
9.456778989437115701e-01 7.116277026645187963e-05
9.434135760763924239e-01 7.359245812242771188e-05
9.411060033384168744e-01 7.617180198371793309e-05
9.387554192550817689e-01 7.891389116274389486e-05
9.363620667976084722e-01 8.183175565683258154e-05
9.339261933580272901e-01 8.493826921442029342e-05
9.314480507236065909e-01 8.824605895843104140e-05
9.289278950508252919e-01 9.176742582293056377e-05
9.263659868388952612e-01 9.551427948383492698e-05
9.237625909028348570e-01 9.949809061435899496e-05
9.211179763460956016e-01 1.037298622716163819e-04
9.184324165327462097e-01 1.082201211361969974e-04
9.157061890592155251e-01 1.129789282881171118e-04
9.129395757255991395e-01 1.180159082977779204e-04
9.101328625065296940e-01 1.233402946991218440e-04
9.072863395216176352e-01 1.289609894223490494e-04
9.044003010054625369e-01 1.348866334965592424e-04
9.014750452772386513e-01 1.411256862663306296e-04
8.985108747098587978e-01 1.476865104648209480e-04
8.955080956987200302e-01 1.545774607078386940e-04
8.924670186300316388e-01 1.618069732757995965e-04
8.893879578487322579e-01 1.693836553961994707e-04
8.862712316259969692e-01 1.773163725967239358e-04
8.831171621263387284e-01 1.856143330459064612e-04
8.799260753743078922e-01 1.942871681188412412e-04
8.766983012207913983e-01 2.033450087104944149e-04
8.734341733089181492e-01 2.127985570644508469e-04
8.701340290395710442e-01 2.226591540906655987e-04
8.667982095365112105e-01 2.329388423132161361e-04
8.634270596111176532e-01 2.436504247225620653e-04
8.600209277267443220e-01 2.548075199094785486e-04
8.565801659627021447e-01 2.664246139343843644e-04
8.531051299778650288e-01 2.785171094404006336e-04
8.495961789739063796e-01 2.911013725548290449e-04
8.460536756581709117e-01 3.041947781447522283e-04
8.424779862061820834e-01 3.178157540016909367e-04
8.388694802237918191e-01 3.319838245295274955e-04
8.352285307089760691e-01 3.467196545021271358e-04
8.315555140132794287e-01 3.620450934433456927e-04
8.278508098029128126e-01 3.779832211643329712e-04
8.241148010195086249e-01 3.945583949724841208e-04
8.203478738405379778e-01 4.117962990449185201e-04
8.165504176393926228e-01 4.297239964363843779e-04
8.127228249451368125e-01 4.483699841698402986e-04
8.088654914019333120e-01 4.677642518366230775e-04
8.049788157281467793e-01 4.879383441142741743e-04
8.010631996751299555e-01 5.089254275933308841e-04
7.971190479856959943e-01 5.307603622901010433e-04
7.931467683522814838e-01 5.534797782119309359e-04
7.891467713748054891e-01 5.771221573340412029e-04
7.851194705182263922e-01 6.017279213434512195e-04
7.810652820698043008e-01 6.273395255057143344e-04
7.769846250960702472e-01 6.540015590143987648e-04
7.728779213995102815e-01 6.817608521917065297e-04
7.687455954749633502e-01 7.106665909211360137e-04
7.645880744657438388e-01 7.407704387092876180e-04
7.604057881194894453e-01 7.721266667947307991e-04
7.561991687437397136e-01 8.047922927465001389e-04
7.519686511612495572e-01 8.388272280232660647e-04
7.477146726650441000e-01 8.742944349969829481e-04
7.434376729732157241e-01 9.112600939812539854e-04
7.391380941834738705e-01 9.497937808454760518e-04
7.348163807274458170e-01 9.899686558407056695e-04
7.304729793247379810e-01 1.031861664311627211e-03
7.261083389367600782e-01 1.075553750022289427e-03
7.217229107203168015e-01 1.121130081880528312e-03
7.173171479809751228e-01 1.168680294907775349e-03
7.128915061262061093e-01 1.218298746367552001e-03
7.084464426183118002e-01 1.270084788036636046e-03
7.039824169271394760e-01 1.324143055679109175e-03
6.994998904825870945e-01 1.380583776864385218e-03
6.949993266269074432e-01 1.439523098356201066e-03
6.904811905668141181e-01 1.501083434391972974e-03
6.859459493253945439e-01 1.565393837270390599e-03
6.813940716938363673e-01 1.632590391771086228e-03
6.768260281829688862e-01 1.702816635045479102e-03
6.722422909746290642e-01 1.776224003743049132e-03
6.676433338728541278e-01 1.852972310275609064e-03
6.630296322549047439e-01 1.933230250274770067e-03
6.584016630221285471e-01 2.017175943466414326e-03
6.537599045506639062e-01 2.104997510372911846e-03
6.491048366419917004e-01 2.196893687458516438e-03
6.444369404733406581e-01 2.293074483555175482e-03
6.397566985479493651e-01 2.393761880642929132e-03
6.350645946451916046e-01 2.499190582306617080e-03
6.303611137705708023e-01 2.609608813444381972e-03
6.256467421055851297e-01 2.725279175059214676e-03
6.209219669574743694e-01 2.846479558217587889e-03
6.161872767088477643e-01 2.973504121510606776e-03
6.114431607672017321e-01 3.106664336605544519e-03
6.066901095143325540e-01 3.246290106740178094e-03
6.019286142556460328e-01 3.392730963307583926e-03
5.971591671693742276e-01 3.546357346028625006e-03
5.923822612557001488e-01 3.707561972644032432e-03
5.875983902857980778e-01 3.876761304608917352e-03
5.828080487507949492e-01 4.054397115966896191e-03
5.780117318106563484e-01 4.240938173439435209e-03
5.732099352430026773e-01 4.436882036789820821e-03
5.684031553918638124e-01 4.642756989696098131e-03
5.635918891163733679e-01 4.859124112653909026e-03
5.587766337394097782e-01 5.086579510771301049e-03
5.539578869961906404e-01 5.325756710643822500e-03
5.491361469828226483e-01 5.577329241740937825e-03
5.443119121048163311e-01 5.842013418838350354e-03
5.394856810255672652e-01 6.120571342976222073e-03
5.346579526148100836e-01 6.413814139235447277e-03
5.298292258970543900e-01 6.722605450388841226e-03
5.250000000000000222e-01 7.047865206343094900e-03
5.201707741029456544e-01 7.390573690425112155e-03
5.153420473851899608e-01 7.751775925195249217e-03
5.105143189744327792e-01 8.132586402785631913e-03
5.056880878951837133e-01 8.534194187911634324e-03
5.008638530171773962e-01 8.957868425751197225e-03
4.960421130038094595e-01 9.404964291772991217e-03
4.912233662605903217e-01 9.876929426142974644e-03
4.864081108836267320e-01 1.037531090124229650e-02
4.815968446081361209e-01 1.090176277668136913e-02
4.767900647569974226e-01 1.145805430152060413e-02
4.719882681893436960e-01 1.204607882769086549e-02
4.671919512492049287e-01 1.266786350131852631e-02
4.624016097142020221e-01 1.332557979927664719e-02
4.576177387443000621e-01 1.402155497629352723e-02
4.528408328306259278e-01 1.475828448290335965e-02
4.480713857443541226e-01 1.553844540612157529e-02
4.433098904856674904e-01 1.636491097304757641e-02
4.385568392327982568e-01 1.724076614348436440e-02
4.338127232911523357e-01 1.816932430330128051e-02
4.290780330425257305e-01 1.915414505995263750e-02
4.243532578944148592e-01 2.019905314256888879e-02
4.196388862294292976e-01 2.130815843235800075e-02
4.149354053548084398e-01 2.248587720981706436e-02
4.102433014520508459e-01 2.373695482232499043e-02
4.055630595266594418e-01 2.506649017015089020e-02
4.008951633580084550e-01 2.647996270100260938e-02
3.962400954493360827e-01 2.798326300751049003e-02
3.915983369778714418e-01 2.958272864083668491e-02
3.869703677450952450e-01 3.128518736925692267e-02
3.823566661271458611e-01 3.309801077716691825e-02
3.777577090253709247e-01 3.502918173614786440e-02
3.731739718170312692e-01 3.708737976400722225e-02
3.686059283061637326e-01 3.928208845874248123e-02
3.640540506746055005e-01 4.162372885797285815e-02
3.595188094331859818e-01 4.412382151968655825e-02
3.550006733730926567e-01 4.679517814669600234e-02
3.505001095174130610e-01 4.965212053410977822e-02
3.460175830728605684e-01 5.271072045618314245e-02
3.415535573816882442e-01 5.598904893659989446e-02
3.371084938737940462e-01 5.950741749747168186e-02
3.326828520190249772e-01 6.328858806237595835e-02
3.282770892796831874e-01 6.735792309310671688e-02
3.238916610632401327e-01 7.174344441533921091e-02
3.195270206752618969e-01 7.647576931544242118e-02
3.151836192725542274e-01 8.158789707831429205e-02
3.108619058165262850e-01 8.711482905175997604e-02
3.065623270267843203e-01 9.309302081402290319e-02
3.022853273349561110e-01 9.955968551870504613e-02
2.980313488387503207e-01 1.065519915881117247e-01
2.938008312562603863e-01 1.141062235802425967e-01
2.895942118805105436e-01 1.222569999901162163e-01
2.854119255342563166e-01 1.310366639252968923e-01
2.812544045250368607e-01 1.404749805862452738e-01
2.771220786004896519e-01 1.505992885521122981e-01
2.730153749039297417e-01 1.614352597329538341e-01
2.689347179301960211e-01 1.730084250808020252e-01
2.648805294817737077e-01 1.853466184443529341e-01
2.608532286251946664e-01 1.984834763273199965e-01
2.568532316477185051e-01 2.124631015150537927e-01
2.528809520143039391e-01 2.273459458153991863e-01
2.489368003248699779e-01 2.432158817535962358e-01
2.450211842718531541e-01 2.601883048996386782e-01
2.411345085980665659e-01 2.784189308295756393e-01
2.372771750548631764e-01 2.981127261474515455e-01
2.334495823606075326e-01 3.195321617459119246e-01
2.296521261594620111e-01 3.430037444066502683e-01
2.258851989804914751e-01 3.689216436900734641e-01
2.221491901970873428e-01 3.977472750173945415e-01
2.184444859867205602e-01 4.300040022050245492e-01
2.147714692910238643e-01 4.662666971735117682e-01
2.111305197762082253e-01 5.071466530470709611e-01
2.075220137938180165e-01 5.532730995958119458e-01
2.039463243418290217e-01 6.052730868806270870e-01
2.004038210260936648e-01 6.637516168873381917e-01
1.968948700221351822e-01 7.292735944920494262e-01
1.934198340372977887e-01 8.023485748518583982e-01
1.899790722732556669e-01 8.834186222819958578e-01
1.865729403888825022e-01 9.728490603838193529e-01
1.832017904634886674e-01 1.070921585186050295e+00
1.798659709604290557e-01 1.177829131138302010e+00
1.765658266910818952e-01 1.293671958559996282e+00
1.733016987792087016e-01 1.418454588558004881e+00
1.700739246256921522e-01 1.552083381151914354e+00
1.668828378736613161e-01 1.694364695170569979e+00
1.637287683740031585e-01 1.845003669269605018e+00
1.606120421512677310e-01 2.003603722519889274e+00
1.575329813699684056e-01 2.169666898095137686e+00
1.544919043012800697e-01 2.342595174109728617e+00
1.514891252901411911e-01 2.521692850084065185e+00
1.485249547227615319e-01 2.706170092326803722e+00
1.455996989945373965e-01 2.895147691248464383e+00
1.427136604783822427e-01 3.087663051242723000e+00
1.398671374934703504e-01 3.282677401211944179e+00
1.370604242744009604e-01 3.479084182330163255e+00
1.342938109407843805e-01 3.675718540116076571e+00
1.315675834672538347e-01 3.871367821004770171e+00
1.288820236539044706e-01 4.064782949899696796e+00
1.262374090971651597e-01 4.254690545066141638e+00
1.236340131611048249e-01 4.439805610451642792e+00
1.210721049491748219e-01 4.618844633149192802e+00
1.185519492763934812e-01 4.790538905101298539e+00
1.160738066419726155e-01 4.953647882926506263e+00
1.136379332023916139e-01 5.106972397442761213e+00
1.112445807449183310e-01 5.249367524541876939e+00
1.088939966615831562e-01 5.379754931092381121e+00
1.065864239236075928e-01 5.497134513282129653e+00
1.043221010562884465e-01 5.600595150327158045e+00
1.021012621143425753e-01 5.689324404185303941e+00
9.992413665771389397e-02 5.762617006547523069e+00
9.779094972784413420e-02 5.819881988858943700e+00
9.570192182441114581e-02 5.860648330412792539e+00
9.365726888253717020e-02 5.884569024472505738e+00
9.165720225046772307e-02 5.891423493358209917e+00
8.970192866772602747e-02 5.881118320381216513e+00
8.779165024374234461e-02 5.853686308669652227e+00
8.592656443696336521e-02 5.809283922864319827e+00
8.410686403444123105e-02 5.748187217317160425e+00
8.233273713190578103e-02 5.670786401227731588e+00
8.060436711432235335e-02 5.577579234245130912e+00
7.892193263693532412e-02 5.469163482534029619e+00
7.728560760680139308e-02 5.346228692448153907e+00
7.569556116481372665e-02 5.209547554482817588e+00
7.415195766821791601e-02 5.059967132415085445e+00
7.265495667362362187e-02 4.898400220585595655e+00
7.120471292051114287e-02 4.725817066097564023e+00
6.980137631523736230e-02 4.543237653139937215e+00
6.844509191553949101e-02 4.351724695352134020e+00
6.713599991554182467e-02 4.152377421598852258e+00
6.587423563126404424e-02 3.946326173846347540e+00
6.465992948663402962e-02 3.734727766691964490e+00
6.349320700000653239e-02 3.518761490544952242e+00
6.237418877118897781e-02 3.299625578807174442e+00
6.130299046897508264e-02 3.078533908057062618e+00
6.027972281918884956e-02 2.856712663613912184e+00
5.930449159323945840e-02 2.635396685696933528e+00
5.837739759718767879e-02 2.415825218179495693e+00
5.749853666132601071e-02 2.199236811878229947e+00
5.666799963027324694e-02 1.986863173100667845e+00
5.588587235358406791e-02 1.779921772738678687e+00
5.515223567687498746e-02 1.579607044957001660e+00
5.446716543346800943e-02 1.387080079861512827e+00
5.383073243655145390e-02 1.203456973100173855e+00
5.324300247186069396e-02 1.029796493682005210e+00
5.270403629087816455e-02 8.670883358199831248e-01
5.221388960455322636e-02 7.162436121777913112e-01
5.177261307754408431e-02 5.780890936706855054e-01
5.138025232298045614e-02 4.533658894263186689e-01
5.103684789774873970e-02 3.427320064771655073e-01
5.074243529829985944e-02 2.467670106386681272e-01
5.049704495698016660e-02 1.659763501227976001e-01
5.030070223888558761e-02 1.007931170144707317e-01
5.015342743923999203e-02 5.157606008883460630e-02
5.005523578129703055e-02 1.860413106683564757e-02
5.000613741476690743e-02 2.069185579069760320e-03
