1.204770102988221403e+00 1.108795700396660380e-02
1.204376768058877278e+00 1.089704877146269874e-02
1.203590407655356742e+00 1.052578613202990142e-02
1.202411640444532193e+00 9.993943688310993195e-03
1.200841393818246061e+00 9.328182286729271369e-03
1.198880903163688227e+00 8.559265558083034575e-03
1.196531710891457934e+00 7.719420255377717512e-03
1.193795665222077584e+00 6.840284001448858689e-03
1.190674918731909226e+00 5.951606839406812198e-03
1.187171926659621679e+00 5.080576662411100640e-03
1.183289444974538362e+00 4.251439199922871746e-03
1.179030528208385276e+00 3.485057504968718488e-03
1.174398527052147756e+00 2.798207146000015501e-03
1.169397085719922957e+00 2.202657201534908345e-03
1.164030139081844384e+00 1.704322216294369653e-03
1.158301909568334009e+00 1.302872537324769372e-03
1.152216903848116925e+00 9.921071903488819406e-04
1.145779909282611309e+00 7.611590401215871183e-04
1.138995990159486604e+00 5.963211678450658880e-04
1.131870483708347530e+00 4.830797533138236747e-04
1.124408995901684971e+00 4.078949500691246175e-04
1.116617397044391335e+00 3.593927208096668819e-04
1.108501817155314928e+00 3.288502610718221984e-04
1.100068641144485548e+00 3.100758274175700489e-04
1.091324503789802280e+00 2.989188475110011707e-04
1.082276284517141862e+00 2.926679809068159863e-04
1.072931101987988578e+00 2.895268702191025265e-04
1.063296308498847598e+00 2.882529576652384691e-04
1.053379484196845350e+00 2.879550784615421714e-04
1.043188431116071069e+00 2.879978827436898998e-04
1.032731167039345976e+00 2.879553372855863996e-04
1.022015919190256472e+00 2.875744783817461305e-04
1.011051117760408902e+00 2.867345170615726718e-04
9.998453892769978424e-01 2.854028355256968907e-04
9.884075498159116124e-01 2.835952735847151423e-04
9.767465980657080715e-01 2.813465259724202126e-04
9.648717082479211227e-01 2.786922527780734643e-04
9.527922228992676823e-01 2.756610484853067684e-04
9.405176455214324660e-01 2.722729251272539897e-04
9.280576331042151850e-01 2.685411121961764650e-04
9.154219885279192281e-01 2.644749072452938130e-04
9.026206528509631566e-01 2.600823247755500080e-04
8.896636974887811578e-01 2.553720454444701480e-04
8.765613162901643163e-01 2.503546045368736810e-04
8.633238175172777140e-01 2.450429525158388301e-04
8.499616157356649770e-01 2.394525699586844668e-04
8.364852236206162805e-01 2.336013004952316996e-04
8.229052436863508735e-01 2.275090249812006542e-04
8.092323599445186977e-01 2.211972617131993332e-04
7.954773294985827414e-01 2.146887500692156565e-04
7.816509740806987239e-01 2.080070590338799598e-04
7.677641715377464537e-01 2.011762539412408513e-04
7.538278472732139468e-01 1.942206495658861535e-04
7.398529656516674713e-01 1.871646714263412823e-04
7.258505213725663374e-01 1.800328375965699835e-04
7.118315308202148861e-01 1.728498601516604942e-04
6.978070233966525704e-01 1.656408497970779685e-04
6.837880328443012301e-01 1.584315914360816431e-04
6.697855885652000962e-01 1.512488450019520492e-04
6.558107069436535097e-01 1.441206173475799261e-04
6.418743826791210028e-01 1.370763493681332462e-04
6.279875801361687326e-01 1.301469689854395590e-04
6.141612247182847151e-01 1.233647750842636643e-04
6.004061942723487588e-01 1.167631384833094890e-04
5.867333105305166940e-01 1.103760305658811267e-04
5.731533305962512870e-01 1.042374141053942606e-04
5.596769384812024795e-01 9.838054931679597885e-05
5.463147366995897425e-01 9.283727707062750119e-05
5.330772379267031402e-01 8.763733846795185517e-05
5.199748567280862988e-01 8.280777734165677758e-05
5.070179013659044109e-01 7.837245635045216562e-05
4.942165656889483394e-01 7.435170920002831410e-05
4.815809211126523826e-01 7.076216361663557799e-05
4.691209086954348795e-01 6.761680991004485723e-05
4.568463313175999962e-01 6.492545356281160943e-05
4.447668459689464449e-01 6.269575251706723657e-05
4.328919561511594960e-01 6.093505377714967657e-05
4.212310044009558441e-01 5.965314882952443517e-05
4.097931649398697251e-01 5.886581038565879897e-05
3.985874364564586658e-01 5.859854245350182587e-05
3.876226350266110954e-01 5.888943612222340260e-05
3.769073871775219242e-01 5.978953468323063312e-05
3.664501231007967208e-01 6.135891470085657988e-05
3.562590700200221061e-01 6.365704507691580965e-05
3.463422457180201919e-01 6.672707171500761670e-05
3.367074522288791005e-01 7.057546918925086785e-05
3.273622696997258164e-01 7.515069866173844544e-05
3.183140504270653981e-01 8.032652996242246022e-05
3.095699130723819081e-01 8.589678464184732378e-05
3.011367370615525285e-01 9.158776656764267140e-05
2.930211571724764541e-01 9.709223943016010393e-05
2.852295583151827074e-01 1.021247065930822490e-04
2.777680705085200374e-01 1.064927528850343960e-04
2.706425640573810742e-01 1.101745212912743943e-04
2.638586449342561480e-01 1.133892424107104096e-04
2.574216503687507540e-01 1.166469277638478372e-04
2.513366446485335581e-01 1.207649990720858552e-04
2.456084151350233225e-01 1.268431740591388927e-04
2.402414684969446934e-01 1.361924050393736635e-04
2.352400271647198393e-01 1.502182426662348211e-04
2.306080260084824307e-01 1.702634266450343305e-04
2.263491092423293438e-01 1.974192258374118155e-04
2.224666275572458607e-01 2.323208063074191595e-04
2.189636354849583133e-01 2.749489887930396995e-04
2.158428889947898999e-01 3.244682201442288666e-04
2.131068433254095507e-01 3.791359109216277412e-04
2.107576510531793679e-01 4.363178974408464940e-04
2.087971603986214231e-01 4.926353751816345142e-04
2.072269137723353472e-01 5.442490142541609073e-04
2.060481465615107421e-01 5.872584309626877443e-04
2.052617861579903169e-01 6.181658618283334718e-04
2.048684512286462478e-01 6.343302656642319393e-04
