1.298701298701298690e+00 4.718906807466826336e+00 8.464650563337986280e-03 -1.298673713039299349e+00
1.298625146279494436e+00 4.849263349109556032e+00 1.771940091480579960e-01 -1.286479519336190647e+00
1.298016066078585773e+00 4.849263349109556032e+00 1.771109017455863022e-01 -1.285876135668203579e+00
1.296798647747171351e+00 4.849263349109556032e+00 1.769447881942110834e-01 -1.284670103462284940e+00
1.294974374521959515e+00 4.836227694945282707e+00 1.599583748894541357e-01 -1.285057177315960919e+00
1.292545468998867575e+00 4.836227694945282707e+00 1.596583505894541843e-01 -1.282646872883007161e+00
1.289514890425130789e+00 4.823192040781010270e+00 1.425900073435907578e-01 -1.281607093626549565e+00
1.285886331093916368e+00 4.810156386616736945e+00 1.255175888281920282e-01 -1.279745674495104346e+00
1.281664211845832790e+00 4.797120732452464509e+00 1.084677552746736579e-01 -1.277066129059914124e+00
1.276853676682816463e+00 4.784085078288191184e+00 9.146701740991189378e-02 -1.273573357284361940e+00
1.271460586500957168e+00 4.771049424123917859e+00 7.454167478993595219e-02 -1.269273635487978336e+00
1.265491511949899506e+00 4.758013769959645423e+00 5.771775465838723668e-02 -1.264174603294353938e+00
1.258953725427518711e+00 4.731942461631098773e+00 2.461535942314459560e-02 -1.258713059775061760e+00
1.251855192219623492e+00 4.705871153302553012e+00 -8.159317903690812418e-03 -1.251828601613885983e+00
1.244204560795482584e+00 4.679799844974007250e+00 -4.054037402526238648e-02 -1.243543914455043309e+00
1.236011152270996449e+00 4.653728536645461489e+00 -7.246338764056516057e-02 -1.233885175366788323e+00
1.227284949052354746e+00 4.627657228316914839e+00 -1.038656164974624263e-01 -1.222881956641785894e+00
1.218036582674010715e+00 4.588550265824095753e+00 -1.504548322760166090e-01 -1.208708591918241204e+00
1.208277320845794645e+00 4.562478957495549992e+00 -1.804552090823061117e-01 -1.194725910652879586e+00
1.198019053724945104e+00 4.523371995002730905e+00 -2.250999683499778636e-01 -1.176681629556972419e+00
1.187274279429784363e+00 4.484265032509911819e+00 -2.685026416613359168e-01 -1.156514827408796409e+00
1.176056088812684752e+00 4.445158070017092733e+00 -3.105513106854159711e-01 -1.134312923079412005e+00
1.164378149510884031e+00 4.419086761688546972e+00 -3.366391783238228963e-01 -1.114652653823536399e+00
1.152254689294572421e+00 4.379979799195727885e+00 -3.760052172736062515e-01 -1.089179023661565049e+00
1.139700478732547984e+00 4.340872836702908799e+00 -4.137438213652137042e-01 -1.061947847827429348e+00
1.126730813196552328e+00 4.314801528374363038e+00 -4.362646581504189269e-01 -1.038843334413549480e+00
1.113361494226217330e+00 4.275694565881543951e+00 -4.708922463922739499e-01 -1.008877747357564081e+00
1.099608810277322712e+00 4.249623257552998190e+00 -4.908924658712696676e-01 -9.839533132168076790e-01
1.085489516876821714e+00 4.223551949224452429e+00 -5.097452741594821202e-01 -9.583565342405454546e-01
1.071020816208812176e+00 4.184444986731633342e+00 -5.395356654329775958e-01 -9.251955763396104704e-01
1.056220336156325823e+00 4.158373678403086693e+00 -5.556840141729461058e-01 -8.982297450556973040e-01
1.041106108824467302e+00 4.132302370074540931e+00 -5.706264905106073204e-01 -8.707969557590169440e-01
1.025696548571072064e+00 4.106231061745995170e+00 -5.843537709277982772e-01 -8.429614938732798990e-01
1.010010429571648327e+00 4.080159753417449409e+00 -5.968601782909477294e-01 -8.147876995966518709e-01
9.940668629459357142e-01 4.054088445088902759e+00 -6.081436678620060210e-01 -7.863397530625804155e-01
9.778852734739489350e-01 4.028017136760356998e+00 -6.182058004430743825e-01 -7.576814610215547585e-01
9.614853759298769287e-01 4.001945828431811236e+00 -6.270517027783220065e-01 -7.288760458197427461e-01
9.448871510626671855e-01 3.975874520103265031e+00 -6.346900153836669833e-01 -6.999859374413206492e-01
9.281108212525590595e-01 3.949803211774719269e+00 -6.411328280209901420e-01 -6.710725693692949356e-01
9.111768258732311221e-01 3.923731903446173064e+00 -6.463956030790921625e-01 -6.421961790048531515e-01
8.941057963895712168e-01 3.910696249281900183e+00 -6.424457716940221719e-01 -6.218429106855700716e-01
8.769185312214141659e-01 3.884624940953353978e+00 -6.457808113955387785e-01 -5.932564825038509904e-01
8.596359704038724070e-01 3.858553632624808216e+00 -6.479988711031836601e-01 -5.648641116774962834e-01
8.422791700751277588e-01 3.845517978460535335e+00 -6.420757601663535930e-01 -5.451356881999610549e-01
8.248692768227706695e-01 3.819446670131989130e+00 -6.425074300798062632e-01 -5.172944288684768743e-01
8.074275019199405046e-01 3.806411015967716249e+00 -6.354687409591717184e-01 -4.981150972621093964e-01
7.899750954826569860e-01 3.780339707639170044e+00 -6.342262771193345472e-01 -4.709752444600269761e-01
7.725333205798269320e-01 3.767304053474897163e+00 -6.261743152478049801e-01 -4.524527139160910982e-01
7.551234273274696207e-01 3.741232745146350958e+00 -6.233836737340225920e-01 -4.261504262823844758e-01
7.377666269987249725e-01 3.728197090982078077e+00 -6.144305234823743689e-01 -4.083806162469654222e-01
7.204840661811832137e-01 3.702125782653532315e+00 -6.102296862752860651e-01 -3.830365773778497407e-01
7.032968010130262737e-01 3.689090128489258991e+00 -6.004958296007544272e-01 -3.661026481019470369e-01
6.862257715293662574e-01 3.676054474324986110e+00 -5.905267090048748058e-01 -3.495483020455769085e-01
6.692917761500382090e-01 3.649983165996439904e+00 -5.846458375893091031e-01 -3.257924588009489253e-01
6.525154463399303051e-01 3.636947511832167024e+00 -5.740831455048327481e-01 -3.101692276153057426e-01
6.359172214727205619e-01 3.623911857667894143e+00 -5.633727884199851710e-01 -2.949606987947304693e-01
6.195173239286485556e-01 3.610876203503621262e+00 -5.525428732716191060e-01 -2.801751021137627307e-01
6.033357344566618874e-01 3.584804895175075057e+00 -5.450406980805361234e-01 -2.587366342600934677e-01
5.873921678309490524e-01 3.571769241010802176e+00 -5.338761134919883800e-01 -2.449609239691738494e-01
5.717060488315253153e-01 3.558733586846529295e+00 -5.226828389491293692e-01 -2.316256810861716253e-01
5.562964885781302993e-01 3.545697932682255971e+00 -5.114893465058475419e-01 -2.187337002278771370e-01
5.411822612462715565e-01 3.532662278517983090e+00 -5.003240135264094279e-01 -2.062865031369065516e-01
5.263817811937853142e-01 3.519626624353710209e+00 -4.892150589316451859e-01 -1.942843423625510990e-01
5.119130805257758876e-01 3.493555316025164004e+00 -4.805317394985322843e-01 -1.764773338077845477e-01
4.977937871252745006e-01 3.480519661860891123e+00 -4.694752700946002166e-01 -1.655041548424852071e-01
4.840411031763801053e-01 3.467484007696618242e+00 -4.585639544135456935e-01 -1.549673813317456184e-01
4.706717842060449408e-01 3.467484007696618242e+00 -4.458983197502452978e-01 -1.506871490592670559e-01
4.577021186700495070e-01 3.454448353532344917e+00 -4.354845859190448198e-01 -1.408701702347597562e-01
4.451479081080249589e-01 3.441412699368072037e+00 -4.252897058017767185e-01 -1.314736712501362870e-01
4.330244478917135154e-01 3.428377045203799156e+00 -4.153390496428535084e-01 -1.224893722479410418e-01
4.213465085899126827e-01 3.428377045203799156e+00 -4.041380557151161845e-01 -1.191860403894478004e-01
4.101283179728133499e-01 3.428377045203799156e+00 -3.933780336140463296e-01 -1.160127573724347300e-01
3.993835436776522196e-01 3.415341391039526275e+00 -3.845121861645319772e-01 -1.079703369055200063e-01
3.891252765568028460e-01 3.415341391039526275e+00 -3.746358936148290741e-01 -1.051970915511774296e-01
3.793660147285866091e-01 3.415341391039526275e+00 -3.652400255067824730e-01 -1.025587485242244884e-01
3.701176483502425785e-01 3.428377045203799156e+00 -3.550014625508614574e-01 -1.046949626632685121e-01
3.613914451316009302e-01 3.428377045203799156e+00 -3.466316511707719927e-01 -1.022265866637991488e-01
3.531980366071149069e-01 3.428377045203799156e+00 -3.387728743131043774e-01 -9.990892198777097388e-02
3.455474051829737769e-01 3.428377045203799156e+00 -3.314347066869079983e-01 -9.774479235258289045e-02
3.384488719750787245e-01 3.441412699368072037e+00 -3.233505506136052365e-01 -9.996029391254099283e-02
3.319110854526978183e-01 3.441412699368072037e+00 -3.171044170115948080e-01 -9.802936987517925360e-02
3.259420109016403222e-01 3.454448353532344917e+00 -3.101203072067184041e-01 -1.003174437902783211e-01
3.205489207197809165e-01 3.454448353532344917e+00 -3.049890055393905675e-01 -9.865757484709429537e-02
3.157383855567644781e-01 3.454448353532344917e+00 -3.004119808150951254e-01 -9.717700292117988081e-02
3.115162663086810113e-01 3.467484007696618242e+00 -2.951198359090564383e-01 -9.973297663216852682e-02
3.078877069774667019e-01 3.467484007696618242e+00 -2.916822631392508303e-01 -9.857128120201771870e-02
3.048571284037299156e-01 3.480519661860891123e+00 -2.875144013430346313e-01 -1.013574751013692488e-01
3.024282228806378092e-01 3.480519661860891123e+00 -2.852236715147795088e-01 -1.005499239302043990e-01
3.006039496554259727e-01 3.480519661860891123e+00 -2.835031776330084741e-01 -9.994339808325870822e-02
