1.886744988955487923e+00 1.968058516478977601e-03
1.886365332023838937e+00 1.951514177749674901e-03
1.885606306466680593e+00 1.918244754844900500e-03
1.884468488677357056e+00 1.867903149869836995e-03
1.882952742698710935e+00 1.800037008021311254e-03
1.881060219566942582e+00 1.714241829227634070e-03
1.878792356437528399e+00 1.610434813433282101e-03
1.876150875493865611e+00 1.489233048356733294e-03
1.873137782639470394e+00 1.352361351725504248e-03
1.869755365974722583e+00 1.202967864664851753e-03
1.866006194059314893e+00 1.045713409114589409e-03
1.861893113961724078e+00 8.865375505389408916e-04
1.857419249097188141e+00 7.320859640779324440e-04
1.852587996855827868e+00 5.888865799735213021e-04
1.847403026022716777e+00 4.624503779018713004e-04
1.841868273991856819e+00 3.565122033902278550e-04
1.835987943776177911e+00 2.725990879883146562e-04
1.829766500815827479e+00 2.100247331015098705e-04
1.823208669587179198e+00 1.662892101068688265e-04
1.816319430015131076e+00 1.377545637556776075e-04
1.809104013691420931e+00 1.204065273611115927e-04
1.801567899901829195e+00 1.105165018304530710e-04
1.793716811465285943e+00 1.050773764255061326e-04
1.785556710388042756e+00 1.019733382471228641e-04
1.777093793336209426e+00 9.992362701003257037e-05
1.768334486930091654e+00 9.828816453170968618e-05
1.759285442863906868e+00 9.683113864926330293e-05
1.749953532854580995e+00 9.551543739609224192e-05
1.740345843423462213e+00 9.436380090441787703e-05
1.730469670514917624e+00 9.338877900706972859e-05
1.720332513955895148e+00 9.257315762741856013e-05
1.709942071760658822e+00 9.187695319655089137e-05
1.699306234285027806e+00 9.125182659075988033e-05
1.688433078234548024e+00 9.065240784389858530e-05
1.677330860531157652e+00 9.004157524380898125e-05
1.666008012042995423e+00 8.939101543379168074e-05
1.654473131182118806e+00 8.867958330829956641e-05
1.642734977374988858e+00 8.789138393214035493e-05
1.630802464410687547e+00 8.701442148165947381e-05
1.618684653671908613e+00 8.603986368830858315e-05
1.606390747253873652e+00 8.496164675917079799e-05
1.593930080976387886e+00 8.377616012914324071e-05
1.581312117294351394e+00 8.248189209807256321e-05
1.568546438112103480e+00 8.107904146833492447e-05
1.555642737507058060e+00 7.956915535089429531e-05
1.542610814368159167e+00 7.795484979798562148e-05
1.529460564954741253e+00 7.623963900779883666e-05
1.516201975381448852e+00 7.442786647125445741e-05
1.502845114034922380e+00 7.252471047594570672e-05
1.489400123928005693e+00 7.053622888957002091e-05
1.475877214997284970e+00 6.846941072896755849e-05
1.462286656349806924e+00 6.633220995212415518e-05
1.448638768464862281e+00 6.413354633427356102e-05
1.434943915356759581e+00 6.188326677179583311e-05
1.421212496704537198e+00 5.959206683816698077e-05
1.407454939954595030e+00 5.727137668713661630e-05
1.393681692402236827e+00 5.493321781460809675e-05
1.379903213258140360e+00 5.259003826200095178e-05
1.366129965705781935e+00 5.025453406344839650e-05
1.352372408955839767e+00 4.793946447279906519e-05
1.338640990303617606e+00 4.565746793962361381e-05
1.324946137195514684e+00 4.342088498795802591e-05
1.311298249310570041e+00 4.124159307244406746e-05
1.297707690663091995e+00 3.913085715528935972e-05
1.284184781732371494e+00 3.709919834165935869e-05
1.270739791625454584e+00 3.515628185547947394e-05
1.257382930278928113e+00 3.331082565148779656e-05
1.244124340705635934e+00 3.157053290403495058e-05
1.230974091292217798e+00 2.994205611323783452e-05
1.217942168153319127e+00 2.843100737836344285e-05
1.205038467548273706e+00 2.704203657772319042e-05
1.192272788366025571e+00 2.577900261755780050e-05
1.179654824683989078e+00 2.464525628344857688e-05
1.167194158406503313e+00 2.364402960470688578e-05
1.154900251988468129e+00 2.277888131709829438e-05
1.142782441249689640e+00 2.205408276919131421e-05
1.130849928285388106e+00 2.147475571613290929e-05
1.119111774478258381e+00 2.104651751988032783e-05
1.107576893617381542e+00 2.077438451764475317e-05
1.096254045129219534e+00 2.066076565294153891e-05
1.085151827425829163e+00 2.070256730683556453e-05
1.074278671375349381e+00 2.088771859805512983e-05
1.063642833899718143e+00 2.119176547694138631e-05
1.053252391704482038e+00 2.157548239959279149e-05
1.043115235145459119e+00 2.198459892815017629e-05
1.033239062236914751e+00 2.235262992327678781e-05
1.023631372805796191e+00 2.260737471576043360e-05
1.014299462796470097e+00 2.268093796560114388e-05
1.005250418730285311e+00 2.252224510473266512e-05
9.964911123241675384e-01 2.211018175793276399e-05
9.880281952723342087e-01 2.146491680012294350e-05
9.798680941950910217e-01 2.065487668991674021e-05
9.720170057585478807e-01 1.979732709286492629e-05
9.644808919689560334e-01 1.905154270086516785e-05
9.572654756452458891e-01 1.860491239004073699e-05
9.503762360731977665e-01 1.865372889473069446e-05
9.438184048445494856e-01 1.938151212621709794e-05
9.375969618841990538e-01 2.093823561501353795e-05
9.317166316685201455e-01 2.342362947033953320e-05
9.261818796376602991e-01 2.687686671660207449e-05
9.209969088045490970e-01 3.127362240633601464e-05
9.161656565631888238e-01 3.653005948398175689e-05
9.116917916986528869e-01 4.251209539643664270e-05
9.075787116010622935e-01 4.904761440834822715e-05
9.038295396856543817e-01 5.593923550673245008e-05
9.004471230209065702e-01 6.297576792703215719e-05
8.974340301665113540e-01 6.994137480697488530e-05
8.947925492228485655e-01 7.662242580179312948e-05
8.925246860934343829e-01 8.281276520881691687e-05
8.906321629616660296e-01 8.831845811774354611e-05
8.891164169830199082e-01 9.296295104140397687e-05
8.879785991936963718e-01 9.659309004753590354e-05
8.872195736365380281e-01 9.908578089048595888e-05
8.868399167048890419e-01 1.003544918455127042e-04
