2.127659574468085069e+00 2.237594751858701915e-09 1.010823615268204571e-08 1.234583090454075590e-08
2.127656919341068154e+00 2.169909713426169024e-09 1.010710972476713188e-08 1.227701943819326409e-08
2.127635678494123272e+00 1.682257332193760984e-09 1.001740893123905745e-08 1.169966626343281844e-08
2.127593197702585925e+00 9.574173550560341380e-10 9.470523237663248317e-09 1.042794059271928370e-08
2.127529478771121862e+00 3.385351607699665450e-10 8.034639163244884227e-09 8.373174324014839140e-09
2.127444524406632897e+00 3.745788823451928237e-11 5.703243297069828136e-09 5.740701185304358669e-09
2.127338338218144109e+00 1.521711075623879126e-11 3.127084062440642111e-09 3.142301173196882499e-09
2.127210924716647966e+00 7.972489585711157316e-11 1.184020641775413906e-09 1.263745537632524393e-09
2.127062289314914700e+00 9.195548181715919709e-11 2.514416126584010645e-10 3.433970944755599514e-10
2.126892438327262269e+00 5.179137488917274062e-11 2.950816584704886786e-11 8.129954073622167310e-11
2.126701378969285905e+00 1.465392066679218224e-11 3.602111595702178918e-11 5.067503662381396497e-11
2.126489119357554358e+00 1.338718666778125026e-12 3.958995209796702002e-11 4.092867076474519675e-11
2.126255668509262620e+00 3.775327520977227052e-14 2.773324941409963529e-11 2.777100268930940977e-11
2.126001036341851336e+00 2.211981803444846330e-13 2.185660700281225453e-11 2.207780518315672468e-11
2.125725233672584036e+00 9.070077273786447537e-14 2.115761953795725701e-11 2.124832031069513255e-11
2.125428272218086612e+00 1.309276301576191936e-14 2.124483003843330457e-11 2.125792280144910003e-11
2.125110164593852602e+00 1.651951376179707268e-15 2.127461297029601698e-11 2.127626492167219229e-11
2.124770924313704512e+00 1.371812961873101467e-15 2.128738395024544199e-11 2.128875576320730428e-11
2.124410565789219163e+00 2.247665473358896887e-15 2.128835974215431128e-11 2.129060740762764892e-11
2.124029104329120621e+00 2.714803210880693062e-15 2.128681271000566089e-11 2.128952751321655312e-11
2.123626556138621613e+00 2.744947538088569332e-15 2.128752212440969210e-11 2.129026707194778578e-11
2.123202938318743627e+00 2.712953371013280612e-15 2.128944269618744353e-11 2.129215564955846360e-11
2.122758268865584164e+00 2.719806800083457636e-15 2.129149449499528745e-11 2.129421430179537417e-11
2.122292566669554681e+00 2.742285235744864462e-15 2.129351909012783911e-11 2.129626137536358906e-11
2.121805851514579455e+00 2.765190617538751767e-15 2.129560240532470501e-11 2.129836759594226033e-11
2.121298144077251813e+00 2.788356805922314867e-15 2.129777467704909673e-11 2.130056303385503106e-11
2.120769465925957942e+00 2.813061046608097500e-15 2.130003191781037065e-11 2.130284497885696727e-11
2.120219839519960736e+00 2.839487199895524868e-15 2.130237106014360320e-11 2.130521054734349792e-11
2.119649288208445448e+00 2.867643521278685890e-15 2.130479181260700516e-11 2.130765945612827722e-11
2.119057836229526703e+00 2.897603913260580710e-15 2.130729398752871793e-11 2.131019159144197586e-11
2.118445508709219549e+00 2.929455673265536328e-15 2.130987726492865893e-11 2.131280672060191872e-11
2.117812331660372305e+00 2.963286003905498099e-15 2.131254134491634864e-11 2.131550463092027628e-11
2.117158331981561670e+00 2.999184891800212004e-15 2.131528595114402777e-11 2.131828513603583503e-11
2.116483537455949637e+00 3.037245569397971540e-15 2.131811081793384314e-11 2.132114806350325737e-11
2.115787976750102217e+00 3.077564389734275218e-15 2.132101568440042893e-11 2.132409324879010590e-11
2.115071679412773520e+00 3.120240827715384510e-15 2.132400028783762033e-11 2.132712052866532454e-11
2.114334675873649871e+00 3.165377496156716834e-15 2.132706435771414007e-11 2.133022973521031512e-11
2.113576997442055738e+00 3.213080161457227755e-15 2.133020761095731187e-11 2.133342069111879056e-11
2.112798676305625456e+00 3.263457754885750056e-15 2.133342974692651649e-11 2.133669320468138815e-11
2.111999745528934547e+00 3.316622380844116083e-15 2.133673044205221155e-11 2.134004706443307429e-11
2.111180239052096397e+00 3.372689330716493672e-15 2.134010934587806294e-11 2.134348203520876606e-11
2.110340191689318523e+00 3.431777099208811613e-15 2.134356607847113607e-11 2.134699785557036974e-11
2.109479639127425976e+00 3.494007396715218518e-15 2.134710022755487164e-11 2.135059423495160863e-11
2.108598617924343444e+00 3.559505160245997018e-15 2.135071134560858010e-11 2.135427085076882008e-11
2.107697165507542714e+00 3.628398569012358584e-15 2.135439894853936763e-11 2.135802734710840731e-11
2.106775320172451949e+00 3.700819061247431493e-15 2.135816251550485129e-11 2.136186333456609167e-11
2.105833121080831649e+00 3.776901347748972837e-15 2.136200148831485217e-11 2.136577838966261296e-11
2.104870608259107101e+00 3.856783425550800534e-15 2.136591527087510676e-11 2.136977205430065307e-11
2.103887822596670176e+00 3.940606595499344784e-15 2.136990323001867390e-11 2.137384383661416623e-11
2.102884805844142946e+00 4.028515479815149634e-15 2.137396469703783777e-11 2.137799321251765928e-11
2.101861600611601766e+00 4.120658037029268698e-15 2.137809896857207010e-11 2.138221962660911098e-11
2.100818250366769391e+00 4.217185577746276663e-15 2.138230530749080960e-11 2.138652249306854864e-11
2.099754799433166674e+00 4.318252783523398129e-15 2.138658294484489089e-11 2.139090119762835358e-11
2.098671292988230519e+00 4.424017725834101354e-15 2.139093108205964587e-11 2.139535509978545874e-11
2.097567777061394523e+00 4.534641883048682655e-15 2.139534889231667339e-11 2.139988353419973304e-11
2.096444298532133210e+00 4.650290158192698414e-15 2.139983552186499160e-11 2.140448581202319602e-11
2.095300905127971625e+00 4.771130899032807345e-15 2.140439009206043886e-11 2.140916122295948106e-11
2.094137645422455396e+00 4.897335918107585761e-15 2.140901170130291775e-11 2.141390903722107719e-11
2.092954568833090612e+00 5.029080511793980111e-15 2.141369942615221978e-11 2.141872850666398178e-11
2.091751725619241054e+00 5.166543480216964259e-15 2.141845232237453480e-11 2.142361886585475063e-11
2.090529166879995682e+00 5.309907148921848078e-15 2.142326942645396857e-11 2.142857933360290816e-11
2.089286944551996150e+00 5.459357390486418837e-15 2.142814975682901612e-11 2.143360911421950279e-11
2.088025111407231016e+00 5.615083645465295264e-15 2.143309231443871751e-11 2.143870739808415534e-11
2.086743721050795308e+00 5.777278944180848480e-15 2.143809608325466420e-11 2.144387336219881448e-11
2.085442827918609687e+00 5.946139929827137732e-15 2.144316003108751303e-11 2.144910617101732517e-11
2.084122487275112512e+00 6.121866881806665800e-15 2.144828311008224775e-11 2.145440497696404503e-11
2.082782755210908832e+00 6.304663738898646337e-15 2.145346425675745065e-11 2.145976892049634825e-11
2.081423688640387404e+00 6.494738123305594464e-15 2.145870239211343063e-11 2.146519713023673204e-11
2.080045345299304849e+00 6.692301365659811201e-15 2.146399642187039949e-11 2.147068872323603466e-11
2.078647783742332944e+00 6.897568529981973789e-15 2.146934523643875804e-11 2.147624280496876305e-11
2.077231063340568618e+00 7.110758438689976447e-15 2.147474771068316225e-11 2.148185846912186134e-11
2.075795244279013740e+00 7.332093698543425644e-15 2.148020270379836535e-11 2.148753479749694194e-11
2.074340387554018506e+00 7.561800727651304504e-15 2.148570905919098271e-11 2.149327085991863331e-11
2.072866554970688391e+00 7.800109782770985643e-15 2.149126560419574305e-11 2.149906571397851905e-11
2.071373809140261812e+00 8.047254986664673855e-15 2.149687114982091390e-11 2.150491840480754696e-11
2.069862213477446033e+00 8.303474356133094575e-15 2.150252449057818999e-11 2.151082796493431941e-11
2.068331832197726428e+00 8.569009830812026606e-15 2.150822440416379570e-11 2.151679341399461721e-11
2.066782730314637107e+00 8.844107302474258036e-15 2.151396965108938158e-11 2.152281375839185172e-11
2.065214973636999574e+00 9.129016644670818595e-15 2.151975897456275850e-11 2.152888799120739323e-11
2.063628628766127626e+00 9.423991743019731151e-15 2.152559110038448712e-11 2.153501509212752062e-11
2.062023763092995399e+00 9.729290526298025533e-15 2.153146473652314325e-11 2.154119402704945399e-11
2.060400444795376984e+00 1.004517499811099819e-14 2.153737857275196911e-11 2.154742374775009461e-11
2.058758742834950972e+00 1.037191126894654008e-14 2.154333128071514148e-11 2.155370319198409113e-11
2.057098726954365908e+00 1.070976958861112810e-14 2.154932151389768297e-11 2.156003128348627905e-11
2.055420467674284435e+00 1.105902437938216215e-14 2.155534790711634854e-11 2.156640693149575467e-11
2.053724036290381250e+00 1.141995427017551735e-14 2.156140907620984634e-11 2.157282903048001675e-11
2.052009504870318413e+00 1.179284213132175435e-14 2.156750361830235938e-11 2.157929646043367569e-11
2.050276946250681132e+00 1.217797510945799263e-14 2.157363011180647620e-11 2.158580808691594485e-11
2.048526434033885124e+00 1.257564466309886663e-14 2.157978711580561974e-11 2.159236276046872217e-11
2.046758042585049786e+00 1.298614659923588372e-14 2.158597316980681731e-11 2.159895931640602752e-11
2.044971847028838496e+00 1.340978111072490928e-14 2.159218679418478991e-11 2.160559657529553490e-11
2.043167923246266504e+00 1.384685281371981922e-14 2.159842649017448180e-11 2.161227334298820873e-11
2.041346347871478617e+00 1.429767078586572606e-14 2.160469073914004604e-11 2.161898840992586649e-11
2.039507198288493584e+00 1.476254860580082900e-14 2.161097800240087489e-11 2.162574055100670366e-11
2.037650552627916056e+00 1.524180439329961750e-14 2.161728672181712734e-11 2.163252852621042582e-11
2.035776489763616581e+00 1.573576084929062371e-14 2.162361531972052058e-11 2.163935108056981429e-11
2.033885089309384053e+00 1.624474529665857730e-14 2.162996219808329460e-11 2.164620694337998346e-11
2.031976431615539980e+00 1.676908972280085119e-14 2.163632573844313910e-11 2.165309482816585258e-11
2.030050597765526099e+00 1.730913082279455193e-14 2.164270430258321348e-11 2.166001343340605159e-11
2.028107669572461358e+00 1.786521004227883756e-14 2.164909623235689767e-11 2.166696144239920217e-11
2.026147729575665135e+00 1.843767362119009196e-14 2.165549984878656591e-11 2.167393752240775351e-11
2.024170861037150271e+00 1.902687263947627228e-14 2.166191345211506903e-11 2.168094032475454273e-11
2.022177147938086783e+00 1.963316306330889832e-14 2.166833532253061936e-11 2.168796848559391461e-11
2.020166674975234056e+00 2.025690579077582617e-14 2.167476371985512779e-11 2.169502062564587028e-11
2.018139527557342827e+00 2.089846669887290666e-14 2.168119688262558416e-11 2.170209534932446438e-11
2.016095791801526094e+00 2.155821669280821159e-14 2.168763302828006626e-11 2.170919124497288276e-11
2.014035554529602035e+00 2.223653175559843830e-14 2.169407035386045240e-11 2.171630688561601195e-11
2.011958903264404519e+00 2.293379299676611059e-14 2.170050703556237697e-11 2.172344082855914678e-11
2.009865926226065191e+00 2.365038670265188720e-14 2.170694122787696274e-11 2.173059161457965073e-11
2.007756712328265802e+00 2.438670438943238543e-14 2.171337106391077492e-11 2.173775776830022759e-11
2.005631351174461674e+00 2.514314285608212196e-14 2.171979465598334931e-11 2.174493779883944094e-11
2.003489933054074523e+00 2.592010423650637654e-14 2.172621009503993609e-11 2.175213019927643451e-11
2.001332548938655975e+00 2.671799605375057114e-14 2.173261544992764890e-11 2.175933344598135212e-11
1.999159290478024431e+00 2.753723127697449296e-14 2.173900876783507905e-11 2.176654599911204675e-11
1.996970249996370850e+00 2.837822837784503863e-14 2.174538807471812225e-11 2.177376630309599073e-11
1.994765520488336996e+00 2.924141138614889795e-14 2.175175137461071102e-11 2.178099278599683316e-11
1.992545195615063713e+00 3.012720994827263988e-14 2.175809664909903798e-11 2.178822385904728515e-11
1.990309369700214104e+00 3.103605938837883778e-14 2.176442185783339972e-11 2.179545791722172598e-11
1.988058137725964292e+00 3.196840076843335145e-14 2.177072493872490098e-11 2.180269333949335924e-11
1.985791595328969761e+00 3.292468094787828426e-14 2.177700380720742862e-11 2.180992848815532705e-11
1.983509838796302160e+00 3.390535264685620601e-14 2.178325635595405790e-11 2.181716170860090292e-11
1.981212965061359021e+00 3.491087451154596070e-14 2.178948045539963998e-11 2.182439132991122295e-11
1.978901071699744829e+00 3.594171117783095497e-14 2.179567395368373942e-11 2.183161566486154142e-11
1.976574256925127671e+00 3.699833333550235730e-14 2.180183467593400816e-11 2.183883300926949002e-11
1.974232619585065462e+00 3.808121779675605443e-14 2.180796042423253931e-11 2.184604164202927653e-11
1.971876259156806865e+00 3.919084756594231906e-14 2.181404897807667784e-11 2.185323982564258947e-11
1.969505275743065997e+00 4.032771190714939783e-14 2.182009809407943256e-11 2.186042580598653508e-11
1.967119770067769391e+00 4.149230641361690969e-14 2.182610550534158142e-11 2.186759781175519998e-11
1.964719843471777194e+00 4.268513308173068953e-14 2.183206892163080135e-11 2.187475405471250347e-11
1.962305597908577504e+00 4.390670038505605255e-14 2.183798602972759131e-11 2.188189273011268314e-11
1.959877135939955828e+00 4.515752334630346680e-14 2.184385449294769502e-11 2.188901201629398767e-11
1.957434560731638351e+00 4.643812361275779212e-14 2.184967195064183122e-11 2.189611007425461104e-11
1.954977976048908328e+00 4.774902953612433234e-14 2.185543601850467142e-11 2.190318504804069838e-11
1.952507486252198055e+00 4.909077625082981187e-14 2.186114428878165127e-11 2.191023506503244386e-11
1.950023196292656635e+00 5.046390575097327055e-14 2.186679432970853302e-11 2.191725823545951471e-11
1.947525211707689996e+00 5.186896697249287518e-14 2.187238368513956525e-11 2.192425265211209374e-11
1.945013638616478024e+00 5.330651587896371901e-14 2.187790987488461391e-11 2.193121639076355574e-11
1.942488583715466621e+00 5.477711554441003515e-14 2.188337039480650786e-11 2.193814751035088011e-11
1.939950154273834437e+00 5.628133623614373891e-14 2.188876271628257019e-11 2.194504405251878706e-11
1.937398458128937184e+00 5.781975550430818698e-14 2.189408428590905622e-11 2.195190404141336573e-11
1.934833603681724634e+00 5.939295827344127529e-14 2.189933252576313388e-11 2.195872548403662133e-11
1.932255699892136969e+00 6.100153693021064932e-14 2.190450483345963608e-11 2.196550637038984548e-11
1.929664856274475371e+00 6.264609141338505741e-14 2.190959858171868430e-11 2.197224467313210052e-11
1.927061182892749969e+00 6.432722931111707513e-14 2.191461111806684383e-11 2.197893834737801912e-11
1.924444790356003576e+00 6.604556595824248417e-14 2.191953976497286531e-11 2.198558533093112728e-11
1.921815789813613229e+00 6.780172452980098222e-14 2.192438181995518596e-11 2.199218354448494303e-11
1.919174292950568406e+00 6.959633613917063097e-14 2.192913455527815718e-11 2.199873089141737028e-11
1.916520411982725935e+00 7.143003994321038047e-14 2.193379521754956622e-11 2.200522525749276518e-11
1.913854259652043588e+00 7.330348324530140868e-14 2.193836102773357709e-11 2.201166451097889494e-11
1.911175949221790127e+00 7.521732159590429390e-14 2.194282918139981849e-11 2.201804650299572695e-11
1.908485594471733160e+00 7.717221889990902435e-14 2.194719684852270533e-11 2.202436906742257450e-11
1.905783309693307004e+00 7.916884752956643204e-14 2.195146117291172774e-11 2.203063002044124429e-11
1.903069209684755680e+00 8.120788843387545766e-14 2.195561927214921218e-11 2.203682716058306618e-11
1.900343409746257262e+00 8.329003124763770555e-14 2.195966823801119486e-11 2.204295826925880253e-11
1.897606025675025343e+00 8.541597440850698393e-14 2.196360513630333943e-11 2.204902111071182850e-11
1.894857173760389868e+00 8.758642527745924514e-14 2.196742700612655573e-11 2.205501343140401827e-11
1.892096970778855969e+00 8.980210025569951247e-14 2.197113085981369784e-11 2.206093296006936963e-11
1.889325533989144823e+00 9.206372490390330519e-14 2.197471368349530390e-11 2.206677740839921003e-11
1.886542981127211194e+00 9.437203406917287078e-14 2.197817243690402287e-11 2.207254447097323039e-11
1.883749430401241209e+00 9.672777201321666908e-14 2.198150405252555559e-11 2.207823182453874903e-11
1.880945000486631935e+00 9.913169253824744543e-14 2.198470543558754926e-11 2.208383712812586756e-11
1.878129810520949627e+00 1.015845591176384730e-13 2.198777346469879481e-11 2.208935802381643537e-11
1.875303980098867562e+00 1.040871450328288861e-13 2.199070499159166995e-11 2.209479213662451881e-11
1.872467629267085654e+00 1.066402335100275575e-13 2.199349684023840982e-11 2.210013707374847483e-11
1.869620878519232088e+00 1.092446178569951675e-13 2.199614580689937105e-11 2.210539042475640099e-11
1.866763848790742752e+00 1.119011016057867291e-13 2.199864866076023864e-11 2.211054976236601168e-11
1.863896661453724679e+00 1.146104986597411136e-13 2.200100214362686750e-11 2.211561264228659494e-11
1.861019438311799501e+00 1.173736334402855407e-13 2.200320296907495686e-11 2.212057660251517866e-11
1.858132301594928482e+00 1.201913410364011173e-13 2.200524782252835456e-11 2.212543916356472907e-11
1.855235373954221778e+00 1.230644673598642010e-13 2.200713336183976697e-11 2.213019782919962738e-11
1.852328778456725944e+00 1.259938693029164839e-13 2.200885621697182586e-11 2.213485008627473467e-11
1.849412638580196777e+00 1.289804148970780916e-13 2.201041298921440111e-11 2.213939340411150384e-11
1.846487078207853738e+00 1.320249834765933271e-13 2.201180025126001631e-11 2.214382523473671496e-11
1.843552221623117049e+00 1.351284658465836810e-13 2.201301454771349863e-11 2.214814301356004276e-11
1.840608193504328138e+00 1.382917644528528803e-13 2.201405239479475280e-11 2.215234415924760144e-11
1.837655118919451880e+00 1.415157935549065516e-13 2.201491027962680093e-11 2.215642607318166970e-11
1.834693123320765284e+00 1.448014794043168528e-13 2.201558466027113806e-11 2.216038613967544749e-11
1.831722332539527098e+00 1.481497604264776910e-13 2.201607196617046759e-11 2.216422172659699903e-11
1.828742872780631412e+00 1.515615874045964192e-13 2.201636859790122248e-11 2.216793018530583450e-11
1.825754870617248837e+00 1.550379236687123056e-13 2.201647092652522040e-11 2.217150885019392180e-11
1.822758452985445476e+00 1.585797452898294969e-13 2.201637529357336892e-11 2.217495503886322982e-11
1.819753747178794789e+00 1.621880412768054166e-13 2.201607801142861783e-11 2.217826605270539467e-11
1.816740880842966810e+00 1.658638137769665498e-13 2.201557536313094487e-11 2.218143917690792679e-11
1.813719981970306261e+00 1.696080782827094736e-13 2.201486360178402807e-11 2.218447168006674140e-11
1.810691178894396014e+00 1.734218638424261321e-13 2.201393895048641532e-11 2.218736081432880520e-11
1.807654600284604118e+00 1.773062132747210225e-13 2.201279760266037713e-11 2.219010381593510934e-11
1.804610375140619283e+00 1.812621833878809574e-13 2.201143572190801272e-11 2.219269790529590729e-11
1.801558632786968150e+00 1.852908452054309455e-13 2.200984944147679766e-11 2.219514028668221205e-11
1.798499502867524358e+00 1.893932841957486551e-13 2.200803486414694836e-11 2.219742814834273880e-11
1.795433115339998498e+00 1.935706005063313643e-13 2.200598806249107601e-11 2.219955866299744413e-11
1.792359600470418535e+00 1.978239092043473175e-13 2.200370507876597777e-11 2.220152898797029179e-11
1.789279088827595565e+00 2.021543405227106743e-13 2.200118192445780377e-11 2.220333626498048973e-11
1.786191711277577587e+00 2.065630401110238428e-13 2.199841458013871252e-11 2.220497762024967461e-11
1.783097598978088616e+00 2.110511692925437324e-13 2.199539899563676605e-11 2.220645016492930894e-11
1.779996883372958694e+00 2.156199053278003371e-13 2.199213108995645595e-11 2.220775099528422468e-11
1.776889696186538137e+00 2.202704416837893730e-13 2.198860675092266675e-11 2.220887719260647043e-11
1.773776169418102899e+00 2.250039883093033636e-13 2.198482183500791471e-11 2.220982582331722595e-11
1.770656435336246393e+00 2.298217719173126684e-13 2.198077216739403418e-11 2.221059393931137451e-11
1.767530626473260646e+00 2.347250362740139889e-13 2.197645354191937696e-11 2.221117857819350793e-11
1.764398875619506368e+00 2.397150424943895387e-13 2.197186172083555015e-11 2.221157676332996135e-11
1.761261315817770789e+00 2.447930693451799923e-13 2.196699243461165219e-11 2.221178550395681204e-11
1.758118080357617075e+00 2.499604135555581044e-13 2.196184138188227360e-11 2.221180179543782726e-11
1.754969302769720851e+00 2.552183901350657567e-13 2.195640422940840944e-11 2.221162261954348585e-11
1.751815116820198082e+00 2.605683326992371095e-13 2.195067661194234132e-11 2.221124494464163043e-11
1.748655656504921829e+00 2.660115938034896218e-13 2.194465413202199898e-11 2.221066572582548977e-11
1.745491056043831701e+00 2.715495452856327649e-13 2.193833235980913021e-11 2.220988190509478286e-11
1.742321449875229078e+00 2.771835786167502226e-13 2.193170683305430714e-11 2.220889041167106863e-11
1.739146972650067902e+00 2.829151052608629088e-13 2.192477305706568090e-11 2.220768816232655663e-11
1.735967759226234364e+00 2.887455570438553071e-13 2.191752650449833480e-11 2.220627206154222141e-11
1.732783944662816822e+00 2.946763865322013563e-13 2.190996261509155117e-11 2.220463900162376929e-11
1.729595664214369499e+00 3.007090674212223001e-13 2.190207679563746892e-11 2.220278586305866375e-11
1.726403053325165748e+00 3.068450949332264266e-13 2.189386442003153834e-11 2.220070951496476108e-11
1.723206247623444209e+00 3.130859862264366891e-13 2.188532082904506260e-11 2.219840681527149197e-11
1.720005382915646752e+00 3.194332808150748649e-13 2.187644132999828690e-11 2.219587461081340726e-11
1.716800595180650646e+00 3.258885410001488275e-13 2.186722119674406815e-11 2.219310973774420123e-11
1.713592020563990737e+00 3.324533523117401233e-13 2.185765566974163295e-11 2.219010902205335051e-11
1.710379795372074963e+00 3.391293239636357442e-13 2.184773995581078541e-11 2.218686927977444402e-11
1.707164056066395430e+00 3.459180893203163660e-13 2.183746922781520683e-11 2.218338731713548109e-11
1.703944939257730606e+00 3.528213063763920282e-13 2.182683862464057097e-11 2.217965993101690974e-11
1.700722581700341074e+00 3.598406582496929090e-13 2.181584325121075485e-11 2.217568390946048820e-11
1.697497120286161287e+00 3.669778536881312627e-13 2.180447817826023157e-11 2.217145603194836465e-11
1.694268692038984003e+00 3.742346275904256511e-13 2.179273844209285351e-11 2.216697306968327174e-11
1.691037434108637161e+00 3.816127415417707690e-13 2.178061904449391910e-11 2.216223178603569522e-11
1.687803483765160317e+00 3.891139843651615013e-13 2.176811495264627221e-11 2.215722893701145077e-11
1.684566978392971759e+00 3.967401726880870706e-13 2.175522109899100939e-11 2.215196127167908752e-11
1.681328055485031392e+00 4.044931515255094441e-13 2.174193238106400189e-11 2.214642553258947221e-11
1.678086852637002302e+00 4.123747948805208591e-13 2.172824366127985287e-11 2.214061845616041846e-11
1.674843507541402321e+00 4.203870063624413077e-13 2.171414976677330490e-11 2.213453677313577852e-11
1.671598157981757149e+00 4.285317198226613280e-13 2.169964548937559423e-11 2.212817720919823218e-11
1.668350941826744815e+00 4.368109000100691955e-13 2.168472558547625670e-11 2.212153648548631671e-11
1.665101997024341252e+00 4.452265432465292664e-13 2.166938477568644584e-11 2.211461131893296986e-11
1.661851461595956980e+00 4.537806781222879833e-13 2.165361774466106320e-11 2.210739842278340636e-11
1.658599473630577137e+00 4.624753662124869707e-13 2.163741914113207173e-11 2.209989450734453386e-11
1.655346171278892609e+00 4.713127028164106229e-13 2.162078357773973158e-11 2.209209628055612756e-11
1.652091692747431617e+00 4.802948177194943348e-13 2.160370563066611383e-11 2.208400044838562482e-11
1.648836176292689082e+00 4.894238759790139599e-13 2.158617983946508904e-11 2.207560371544409684e-11
1.645579760215253096e+00 4.987020787351589681e-13 2.156820070703401892e-11 2.206690278576914275e-11
1.642322582853928736e+00 5.081316640477642076e-13 2.154976269941826059e-11 2.205789436346602571e-11
1.639064782579863433e+00 5.177149077594002736e-13 2.153086024552429650e-11 2.204857515328367819e-11
1.635806497790665226e+00 5.274541243868511567e-13 2.151148773690802783e-11 2.203894186129487707e-11
1.632547866904526357e+00 5.373516680420250615e-13 2.149163952758570886e-11 2.202899119562775240e-11
1.629289028354341973e+00 5.474099333827000709e-13 2.147130993387340602e-11 2.201871986725608741e-11
1.626030120581828609e+00 5.576313565948012246e-13 2.145049323422528734e-11 2.200812459082013370e-11
1.622771282031644002e+00 5.680184164082482861e-13 2.142918366890489893e-11 2.199720208531313884e-11
1.619512651145505355e+00 5.785736351467129677e-13 2.140737543964187212e-11 2.198594907478862456e-11
1.616254366356307148e+00 5.892995798127362079e-13 2.138506270954647822e-11 2.197436228935921383e-11
1.612996566082241401e+00 6.001988632106543275e-13 2.136223960299304463e-11 2.196243846620366503e-11
1.609739388720917486e+00 6.112741451086434982e-13 2.133890020517096692e-11 2.195017435027959800e-11
1.606482972643481277e+00 6.225281334408207756e-13 2.131503856169429579e-11 2.193756669513509385e-11
1.603227456188738742e+00 6.339635855519181755e-13 2.129064867851391050e-11 2.192461226406580757e-11
1.599972977657277751e+00 6.455833094864979827e-13 2.126572452171432327e-11 2.191130783120081711e-11
1.596719675305593222e+00 6.573901653240322562e-13 2.124026001706717296e-11 2.189765018239122208e-11
1.593467687340213379e+00 6.693870665621088575e-13 2.121424904967594781e-11 2.188363611623809666e-11
1.590217151911829330e+00 6.815769815507657626e-13 2.118768546370972375e-11 2.186926244526046861e-11
1.586968207109425544e+00 6.939629349793040880e-13 2.116056306207677696e-11 2.185452599705608307e-11
1.583720990954413210e+00 7.065480094180581390e-13 2.113287560612125750e-11 2.183942361553926223e-11
1.580475641394768038e+00 7.193353469184524098e-13 2.110461681524258919e-11 2.182395216216106129e-11
1.577232296299168057e+00 7.323281506736559242e-13 2.107578036636197693e-11 2.180810851703563326e-11
1.573991093451138967e+00 7.455296867418768277e-13 2.104635989356326815e-11 2.179188958030511893e-11
1.570752170543198822e+00 7.589432858363103493e-13 2.101634898788029308e-11 2.177529227371659243e-11
1.567515665171010042e+00 7.725723451849465681e-13 2.098574119677125283e-11 2.175831354195615487e-11
1.564281714827533420e+00 7.864203304630401206e-13 2.095453002345774395e-11 2.174095035392077630e-11
1.561050456897186578e+00 8.004907778020486756e-13 2.092270892656146133e-11 2.172319970436349648e-11
1.557822028650008850e+00 8.147872958793192628e-13 2.089027131973468113e-11 2.170505861561398646e-11
1.554596567235829507e+00 8.293135680913763877e-13 2.085721057102798459e-11 2.168652413911937925e-11
1.551374209678439975e+00 8.440733548153853589e-13 2.082352000230842371e-11 2.166759335712380190e-11
1.548155092869774929e+00 8.590704957644079204e-13 2.078919288872579589e-11 2.164826338449023107e-11
1.544939353564095619e+00 8.743089124401214090e-13 2.075422245804580063e-11 2.162853137048588164e-11
1.541727128372179623e+00 8.897926106876583666e-13 2.071860189006589494e-11 2.160839450075356876e-11
1.538518553755519491e+00 9.055256833590234022e-13 2.068232431604427054e-11 2.158784999940328890e-11
1.535313766020523607e+00 9.215123130905973652e-13 2.064538281784707908e-11 2.156689513093767665e-11
1.532112901312726372e+00 9.377567751994763324e-13 2.060777042714095203e-11 2.154552720234042573e-11
1.528916095611004611e+00 9.542634407060363179e-13 2.056948012481194827e-11 2.152374356551800337e-11
1.525723484721800638e+00 9.710367794902605189e-13 2.053050484014626082e-11 2.150154161963651952e-11
1.522535204273353537e+00 9.880813635877228613e-13 2.049083744981583488e-11 2.147891881340356925e-11
1.519351389709936218e+00 1.005401870633475518e-12 2.045047077705690964e-11 2.145587264769037587e-11
1.516172176286102680e+00 1.023003087462688165e-12 2.040939759076915397e-11 2.143240067823183769e-11
1.512997699060941503e+00 1.040889913875907281e-12 2.036761060441318005e-11 2.140850051828907703e-11
1.509828092892338658e+00 1.059067366578354983e-12 2.032510247504186967e-11 2.138416984162021092e-11
1.506663492431248308e+00 1.077540583304379997e-12 2.028186580224528594e-11 2.135940638554966937e-11
1.503504032115972500e+00 1.096314827136708657e-12 2.023789312681023357e-11 2.133420795394694062e-11
1.500349846166449730e+00 1.115395491031774947e-12 2.019317692952234629e-11 2.130857242055412487e-11
1.497201068578553285e+00 1.134788102564780490e-12 2.014770963002811567e-11 2.128249773259291999e-11
1.494057833118399570e+00 1.154498328906935007e-12 2.010148358536025111e-11 2.125598191426720147e-11
1.490920273316663991e+00 1.174531982048134958e-12 2.005449108844050549e-11 2.122902307048864389e-11
1.487788522462909713e+00 1.194895024281546426e-12 2.000672436666514791e-11 2.120161939094670483e-11
1.484662713599924189e+00 1.215593573966042326e-12 1.995817558021479453e-11 2.117376915418084796e-11
1.481542979518067682e+00 1.236633911583085426e-12 1.990883682032464795e-11 2.114547073190774771e-11
1.478429452749632445e+00 1.258022486108450118e-12 1.985870010763333159e-11 2.111672259374179261e-11
1.475322265563211666e+00 1.279765921718964855e-12 1.980775739018423068e-11 2.108752331190318726e-11
1.472221549958081743e+00 1.301871024854777873e-12 1.975600054130540577e-11 2.105787156616018849e-11
1.469127437658592772e+00 1.324344791662123968e-12 1.970342135766859399e-11 2.102776614933071271e-11
1.466040060108574794e+00 1.347194415842805039e-12 1.965001155704793090e-11 2.099720597289073997e-11
1.462959548465752047e+00 1.370427296936757638e-12 1.959576277580960917e-11 2.096619007274636418e-11
1.459886033596172084e+00 1.394051049068903311e-12 1.954066656651978215e-11 2.093471761558868566e-11
1.456819646068646001e+00 1.418073510193957619e-12 1.948471439527379149e-11 2.090278790546774830e-11
1.453760516149202209e+00 1.442502751872312144e-12 1.942789763869224140e-11 2.087040039056456708e-11
1.450708773795551298e+00 1.467347089617548782e-12 1.937020758105297282e-11 2.083755467067053715e-11
1.447664548651566463e+00 1.492615093859474759e-12 1.931163541121115009e-11 2.080425050507060405e-11
1.444627970041774789e+00 1.518315601566793395e-12 1.925217221908994075e-11 2.077048782065674223e-11
1.441599166965864320e+00 1.544457728579904773e-12 1.919180899220161686e-11 2.073626672078150507e-11
1.438578268093203771e+00 1.571050882711944958e-12 1.913053661195526951e-11 2.070158749466721729e-11
1.435565401757375570e+00 1.598104777676986235e-12 1.906834584945863781e-11 2.066645062713561253e-11
1.432560695950724883e+00 1.625629447911938747e-12 1.900522736123295144e-11 2.063085680914487039e-11
1.429564278318921966e+00 1.653635264368907462e-12 1.894117168469032386e-11 2.059480694905923172e-11
1.426576276155538947e+00 1.682132951358775331e-12 1.887616923313732939e-11 2.055830218449612814e-11
1.423596816396643483e+00 1.711133604534445243e-12 1.881021029076440512e-11 2.052134389529884269e-11
1.420626025615405297e+00 1.740648710114990426e-12 1.874328500737994158e-11 2.048393371749493706e-11
1.417664030016718479e+00 1.770690165460991446e-12 1.867538339239118669e-11 2.044607355785217470e-11
1.414710955431842443e+00 1.801270301124173823e-12 1.860649530846122124e-11 2.040776560958538174e-11
1.411766927313053310e+00 1.832401904509204295e-12 1.853661046486217820e-11 2.036901236937139703e-11
1.408832070728316621e+00 1.864098245298860659e-12 1.846571841016444594e-11 2.032981665546332599e-11
1.405906510355973804e+00 1.896373102811345471e-12 1.839380852463867506e-11 2.029018162745002417e-11
1.402990370479444415e+00 1.929240795480492356e-12 1.832087001229321502e-11 2.025011080777369849e-11
1.400083774981948581e+00 1.962716212667342693e-12 1.824689189206404606e-11 2.020960810473137018e-11
1.397186847341242100e+00 1.996814849039655651e-12 1.817186298845435820e-11 2.016867783749402516e-11
1.394299710624371080e+00 2.031552841786109231e-12 1.809577192154831631e-11 2.012732476333445947e-11
1.391422487482445902e+00 2.066947010956697955e-12 1.801860709596074463e-11 2.008555410691744420e-11
1.388555300145427607e+00 2.103014903254816309e-12 1.794035668910997076e-11 2.004337159236480686e-11
1.385698270416938271e+00 2.139774839650213033e-12 1.786100863878017314e-11 2.000078347843038213e-11
1.382851519669084928e+00 2.177245967219515264e-12 1.778055062948225845e-11 1.995779659670178785e-11
1.380015168837303019e+00 2.215448315666638076e-12 1.769897007794442866e-11 1.991441839361107683e-11
1.377189338415220732e+00 2.254402859030108802e-12 1.761625411759762668e-11 1.987065697662773669e-11
1.374374148449538424e+00 2.294131583134636861e-12 1.753238958139815837e-11 1.982652116453278876e-11
1.371569718534929150e+00 2.334657559399197835e-12 1.744736298325192369e-11 1.978202054265112071e-11
1.368776167808959165e+00 2.376005025680989815e-12 1.736116049802064060e-11 1.973716552370163566e-11
1.365993614947025536e+00 2.418199474896217141e-12 1.727376793960656713e-11 1.969196741450280285e-11
1.363222178157314390e+00 2.461267752224823413e-12 1.718517073736925254e-11 1.964643848959408121e-11
1.360461975175780713e+00 2.505238161775195192e-12 1.709535391068543280e-11 1.960059207246064173e-11
1.357713123261145016e+00 2.550140583644993632e-12 1.700430204099473319e-11 1.955444262463971875e-11
1.354975739189913320e+00 2.596006602374275352e-12 1.691199924145245375e-11 1.950800584382673475e-11
1.352249939251414679e+00 2.642869647842577078e-12 1.681842912389136165e-11 1.946129877173390722e-11
1.349535839242863577e+00 2.690765149699351635e-12 1.672357476249079430e-11 1.941433991219016896e-11
1.346833554464437199e+00 2.739730706440478413e-12 1.662741865435977767e-11 1.936714936080025891e-11
1.344143199714380454e+00 2.789806270243859379e-12 1.652994267667705707e-11 1.931974894692091039e-11
1.341464889284126549e+00 2.841034348636184096e-12 1.643112803972254117e-11 1.927216238835872809e-11
1.338798736953444424e+00 2.893460223987147835e-12 1.633095523591167044e-11 1.922441545989882878e-11
1.336144855985601954e+00 2.947132191701588630e-12 1.622940398430930162e-11 1.917653617601087288e-11
1.333503359122557130e+00 3.002101817773898949e-12 1.612645316988997103e-11 1.912855498766388936e-11
1.330874358580166783e+00 3.058424216087227272e-12 1.602208077762656660e-11 1.908050499371378700e-11
1.328257966043420391e+00 3.116158345452194292e-12 1.591626382086788636e-11 1.903242216632006207e-11
1.325654292661694988e+00 3.175367325857478223e-12 1.580897826343785415e-11 1.898434558929533601e-11
1.323063449044033391e+00 3.236118772739924308e-12 1.570019893563532515e-11 1.893631770837524744e-11
1.320485545254445725e+00 3.298485147241947235e-12 1.558989944359382192e-11 1.888838459083577602e-11
1.317920690807233175e+00 3.362544119367811509e-12 1.547805207155537300e-11 1.884059619092318047e-11
1.315368994662335922e+00 3.428378939661163408e-12 1.536462767728545076e-11 1.879300661694660851e-11
1.312830565220703960e+00 3.496078813469300888e-12 1.524959558022087548e-11 1.874567439369015698e-11
1.310305510319692557e+00 3.565739270001918766e-12 1.513292344241104407e-11 1.869866271241294466e-11
1.307793937228480363e+00 3.637462516225074167e-12 1.501457714296203958e-11 1.865203965918712465e-11
1.305295952643513724e+00 3.711357763127607913e-12 1.489452064607138020e-11 1.860587840919898811e-11
1.302811662683972305e+00 3.787541509058088849e-12 1.477271586349272470e-11 1.856025737255082405e-11
1.300341172887262253e+00 3.866137761678813866e-12 1.464912251285611208e-11 1.851526027453493322e-11
1.297884588204532230e+00 3.947278176648061117e-12 1.452369797279054408e-11 1.847097614943861085e-11
1.295442012996214531e+00 4.031102087500884991e-12 1.439639713697065600e-11 1.842749922447152645e-11
1.293013551027593078e+00 4.117756397458405130e-12 1.426717226985613352e-11 1.838492866731454350e-11
1.290599305464393165e+00 4.207395300175295786e-12 1.413597286667955343e-11 1.834336816685484760e-11
1.288199378868400968e+00 4.300179792927825730e-12 1.400274552173793341e-11 1.830292531466575995e-11
1.285813873193104362e+00 4.396276942684633757e-12 1.386743380965332032e-11 1.826371075233796942e-11
1.283442889779363494e+00 4.495858863134303682e-12 1.372997818443945737e-11 1.822583704757376348e-11
1.281086529351104897e+00 4.599101359384105186e-12 1.359031590301241231e-11 1.818941726239650538e-11
1.278744892011042689e+00 4.706182197023902408e-12 1.344838098029524461e-11 1.815456317731914459e-11
1.276418077236425530e+00 4.817278953884724951e-12 1.330410418359430015e-11 1.812138313747903803e-11
1.274106183874811560e+00 4.932566416454508779e-12 1.315741307572031753e-11 1.808997949217481339e-11
1.271809310139868199e+00 5.052213488863568396e-12 1.300823211651339370e-11 1.806044560537694433e-11
1.269527553607200598e+00 5.176379590878823954e-12 1.285648283320925158e-11 1.803286242408806745e-11
1.267261011210206068e+00 5.305210532627237820e-12 1.270208407147464253e-11 1.800729460410185934e-11
1.265009779235956255e+00 5.438833867867299101e-12 1.254495233839521532e-11 1.798378620626252008e-11
1.262773953321106646e+00 5.577353744481447583e-12 1.238500224923654049e-11 1.796235599371798484e-11
1.260553628447833585e+00 5.720845290270072280e-12 1.222214709011623325e-11 1.794299238038628130e-11
1.258348898939799509e+00 5.869348593697177998e-12 1.205629950706288282e-11 1.792564810076005112e-11
1.256159858458145928e+00 6.022862362438851437e-12 1.188737233168098897e-11 1.791023469411983394e-11
1.253986599997514606e+00 6.181337366688257866e-12 1.171527955218464042e-11 1.789661691887291041e-11
1.251829215882096058e+00 6.344669798244197019e-12 1.153993743541907645e-11 1.788460723366327266e-11
1.249687797761708685e+00 6.512694699400454885e-12 1.136126580387924333e-11 1.787396050327971356e-11
1.247562436607904779e+00 6.685179636445717705e-12 1.117918946809064137e-11 1.786436910453636392e-11
1.245453222710105612e+00 6.861818809984343888e-12 1.099363981018697631e-11 1.785545862017133151e-11
1.243360245671766062e+00 7.042227807127962272e-12 1.080455651130758256e-11 1.784678431843553271e-11
1.241283594406568325e+00 7.225939207774582273e-12 1.061188940972858709e-11 1.783782861750317098e-11
1.239223357134644266e+00 7.412399257699706296e-12 1.041560047144287016e-11 1.782799972914254899e-11
1.237179621378827532e+00 7.600965814224745571e-12 1.021566585053137333e-11 1.781663166475613183e-11
1.235152473960936303e+00 7.790907755282832889e-12 1.001207801007221354e-11 1.780298576535504320e-11
1.233142000998083576e+00 7.981406019610444279e-12 9.804847869832087901e-12 1.778625388944253218e-11
1.231148287899020088e+00 8.171556414749741352e-12 9.594006942448812467e-12 1.776556335719854897e-11
1.229171419360505224e+00 8.360374291066669414e-12 9.379609414282623819e-12 1.773998370534930131e-11
1.227211479363709001e+00 8.546801134950355655e-12 9.161734125044589334e-12 1.770853525999494822e-11
1.225268551170644482e+00 8.729713083984994269e-12 8.940486397265696270e-12 1.767019948125066954e-11
1.223342717320630602e+00 8.907931312716389257e-12 8.715999664560934053e-12 1.762393097727732654e-11
1.221434059626786306e+00 9.080234181494672759e-12 8.488436849230609269e-12 1.756867103072527395e-11
1.219542659172553556e+00 9.245370984829168682e-12 8.257991439722492192e-12 1.750336242455168349e-11
1.217668596308254525e+00 9.402077081898795147e-12 8.024888221598515720e-12 1.742696530349730117e-11
1.215811950647676776e+00 9.549090142378976750e-12 7.789383621299685227e-12 1.733847376367867005e-11
1.213972801064691742e+00 9.685167197531939851e-12 7.551765626100170955e-12 1.723693282363211404e-11
1.212151225689904077e+00 9.809102151362204815e-12 7.312353252137670473e-12 1.712145540349986721e-11
1.210347301907331863e+00 9.919743381116578383e-12 7.071495541117773523e-12 1.699123892223435837e-11
1.208561106351120351e+00 1.001601104178305523e-11 6.829570074626617206e-12 1.684558111640967082e-11
1.206792714902285013e+00 1.009691368644868913e-11 6.586981007306654009e-12 1.668389469375533910e-11
1.205042202685489450e+00 1.016156382399954359e-11 6.344156630016010684e-12 1.650572045401556719e-11
1.203309644065851947e+00 1.020919205780310331e-11 6.101546485048360235e-12 1.631073854285145789e-11
1.201595112645789110e+00 1.023915948321834500e-11 5.859618067883222077e-12 1.609877755110154122e-11
1.199898681261885702e+00 1.025096806692035099e-11 5.618853158493495613e-12 1.586982122541385387e-11
1.198220421981804229e+00 1.024426878513952303e-11 5.379743835904642895e-12 1.562401262104417239e-11
1.196560406101219609e+00 1.021886735788997840e-11 5.142788237874365803e-12 1.536165559576434905e-11
1.194918704140792931e+00 1.017472747811679712e-11 4.908486132302330257e-12 1.508321361041911042e-11
1.193295385843174961e+00 1.011197149391712565e-11 4.677334373492526669e-12 1.478930586740965394e-11
1.191690520170042733e+00 1.003087855467836687e-11 4.449822317915945914e-12 1.448070087259431117e-11
1.190104175299170564e+00 9.931880276074474134e-12 4.226427274893225279e-12 1.415830755096771234e-11
1.188536418621533253e+00 9.815554015191188510e-12 4.007610068466199870e-12 1.382316408365738596e-11
1.186987316738444154e+00 9.682613879862235387e-12 3.793810782619977312e-12 1.347642466248222724e-11
1.185456935458724326e+00 9.533899632350888929e-12 3.585444759850811554e-12 1.311934439220169846e-11
1.183945339795908547e+00 9.370363693926006890e-12 3.382898919047315729e-12 1.275326261297331091e-11
1.182452593965481524e+00 9.193056518549374590e-12 3.186528452273001919e-12 1.237958497082237166e-11
1.180978761382151854e+00 9.003110680280995257e-12 2.996653955352519356e-12 1.199976463563352269e-11
1.179523904657156619e+00 8.801724102493504983e-12 2.813559038393807657e-12 1.161528314088730699e-11
1.178088085595601742e+00 8.590142932810351284e-12 2.637488453747130009e-12 1.122763138655746756e-11
1.176671365193837415e+00 8.369644616188041817e-12 2.468646769517491878e-12 1.083829138570553289e-11
1.175273803636865289e+00 8.141521719951618992e-12 2.307197603796348584e-12 1.044871932374796515e-11
1.173895460295783177e+00 7.907067004272901658e-12 2.153263423101404423e-12 1.006033042737430366e-11
1.172536393725261750e+00 7.667560105613480032e-12 2.006925893875959316e-12 9.674485999489437732e-12
1.171196661661057625e+00 7.424256019241448718e-12 1.868226761772326788e-12 9.292482781013781161e-12
1.169876321017560450e+00 7.178375354183714441e-12 1.737169221983736096e-12 8.915544576167446700e-12
1.168575427885375273e+00 6.931096124736276409e-12 1.613719731327418694e-12 8.544815856063695911e-12
1.167294037528939343e+00 6.683546675609617803e-12 1.497810205069519738e-12 8.181356880679137743e-12
1.166032204384174431e+00 6.436799247172846682e-12 1.389340536026113108e-12 7.826139783198958376e-12
1.164789982056174678e+00 6.191863695444991772e-12 1.288181370230298526e-12 7.480045065675284038e-12
1.163567423316929084e+00 5.949680992915326009e-12 1.194177076605369146e-12 7.143858069520691721e-12
1.162364580103079748e+00 5.711116335889608503e-12 1.107148851683775741e-12 6.818265187573383436e-12
1.161181503513714741e+00 5.476951939486897838e-12 1.026897906466862078e-12 6.503849845953755877e-12
1.160018243808198957e+00 5.247879868211695026e-12 9.532086916426115704e-13 6.201088559854311039e-12
1.158874850404037149e+00 5.024495480203571555e-12 8.858521251086740050e-13 5.910347605312241117e-12
1.157751371874776058e+00 4.807292213845311797e-12 8.245887947728168384e-13 5.631881008618131665e-12
1.156647855947940062e+00 4.596658486069963311e-12 7.691721180399885866e-13 5.365830604109948969e-12
1.155564349503003907e+00 4.392877390510264805e-12 7.193514450198972132e-13 5.112228835530160706e-12
1.154500898569401190e+00 4.196129688774455542e-12 6.748750979782123026e-13 4.871004786752667845e-12
1.153457548324568593e+00 4.006500306139891192e-12 6.354933442975596007e-13 4.641993650437452711e-12
1.152434343092027635e+00 3.823988214035386081e-12 6.009613034226148194e-13 4.424949517457995145e-12
1.151431326339500183e+00 3.648519252586987028e-12 5.710417915324416505e-13 4.219561044119431304e-12
1.150448540677063480e+00 3.479961162564435180e-12 5.455081118141858728e-13 4.025469274378617519e-12
1.149486027855338710e+00 3.318139894274601716e-12 5.241468029596559816e-13 3.842286697234256890e-12
1.148543828763718189e+00 3.162856164926129139e-12 5.067603656603184135e-13 3.669616530586446139e-12
1.147621983428627646e+00 3.013901252897590488e-12 4.931699977294632406e-13 3.507071250627054839e-12
1.146720531011826694e+00 2.871071138672051974e-12 4.832183816073984787e-13 3.354289520279447020e-12
1.145839509808744161e+00 2.734178306652279177e-12 4.767725857614336428e-13 3.210950892413710396e-12
1.144978957246851614e+00 2.603060779330018745e-12 4.737271656308958040e-13 3.076787944960915761e-12
1.144138909884074184e+00 2.477588232121881623e-12 4.740075774971230955e-13 2.951595809619001084e-12
1.143319403407235813e+00 2.357665302661408488e-12 4.775740531747390517e-13 2.835239355836147742e-12
1.142520472630545125e+00 2.243232438584612829e-12 4.844261371676652231e-13 2.727658575752276032e-12
1.141742151494114621e+00 2.134264810156291360e-12 4.946081765144816781e-13 2.628872986670772836e-12
1.140984473062520488e+00 2.030769925103697466e-12 5.082160957573744821e-13 2.538986020861071746e-12
1.140247469523396617e+00 1.932784575494819589e-12 5.254055739604462683e-13 2.458190149455266564e-12
1.139531172186068142e+00 1.840371754964440328e-12 5.464019289342655451e-13 2.386773683898706075e-12
1.138835611480220722e+00 1.753618780132746834e-12 5.715151893264655027e-13 2.325133969459210721e-12
1.138160816954608467e+00 1.672638834699260519e-12 6.011684709094015146e-13 2.273807305608661831e-12
1.137506817275798054e+00 1.597575634392244927e-12 6.359352888746671659e-13 2.233510923266913608e-12
1.136873640226951032e+00 1.528600226916652097e-12 6.765329776958634528e-13 2.205133204612515146e-12
1.136261312706643656e+00 1.465882064277150885e-12 7.236966020677938019e-13 2.189578666344944788e-12
1.135669860727724689e+00 1.409552586004766500e-12 7.780370654893866135e-13 2.187589651494151700e-12
1.135099309416209401e+00 1.359776822819873481e-12 8.404157648778571358e-13 2.200192587697732131e-12
1.134549683010212417e+00 1.317108599972680046e-12 9.135436382582049803e-13 2.230652238230885633e-12
1.134021004858918769e+00 1.283123648998475297e-12 1.004527664373793729e-12 2.287651313372269834e-12
1.133513297421590904e+00 1.260842039036328723e-12 1.125859053868645841e-12 2.386701092904973555e-12
1.133026582266615456e+00 1.254037914478540681e-12 1.290809691524289470e-12 2.544847606002828939e-12
1.132560880070586418e+00 1.264848300306771356e-12 1.501361464580243941e-12 2.766209764887015095e-12
1.132116210617426733e+00 1.290383030024561542e-12 1.733260946838690759e-12 3.023643976863250685e-12
1.131692592797548746e+00 1.320555991856352841e-12 1.929402660066775689e-12 3.249958651923129539e-12
1.131290044607050183e+00 1.339713591515112484e-12 2.012833178609973543e-12 3.352546770125085421e-12
1.130908583146950752e+00 1.333029816808551488e-12 1.921160577169058401e-12 3.254190393977608677e-12
1.130548224622466069e+00 1.295812536514127089e-12 1.649682982867051864e-12 2.945495519381179155e-12
1.130208984342317535e+00 1.241720104267923331e-12 1.280946049950929824e-12 2.522666154218854165e-12
1.129890876718083526e+00 1.205974787348537592e-12 9.812811160028308733e-13 2.187255903351367658e-12
1.129593915263586323e+00 1.241937423578258467e-12 9.595897257393643605e-13 2.201527149317623838e-12
1.129318112594318801e+00 1.412328397736587251e-12 1.401968016943554268e-12 2.814296414680138894e-12
1.129063480426907740e+00 1.778152680965966639e-12 2.407620990770599399e-12 4.185773671736564422e-12
1.128830029578616223e+00 2.388266792336121189e-12 3.951222933449405067e-12 6.339489725785524641e-12
1.128617769966884232e+00 3.271141524751944575e-12 5.885579187878898385e-12 9.156720712630843767e-12
1.128426710608908090e+00 4.429016966622104643e-12 7.982238906235925104e-12 1.241125587285803944e-11
1.128256859621255437e+00 5.834226455505193374e-12 9.993880893325110008e-12 1.582810734883030500e-11
1.128108224219522393e+00 7.427945212589267382e-12 1.171607851917366920e-11 1.914402373176295435e-11
1.127980810718026472e+00 9.122234980704313477e-12 1.302896930484503956e-11 2.215120428554935142e-11
1.127874624529537462e+00 1.080623748780167452e-11 1.390911006060457048e-11 2.471534754840622400e-11
1.127789670165048497e+00 1.235653296471971954e-11 1.441352482611224947e-11 2.677005779083193992e-11
1.127725951233584212e+00 1.365047888837743989e-11 1.464654257025289870e-11 2.829702145863032728e-11
1.127659574468085291e+00 1.512842666766113495e-11 1.473509814260851259e-11 2.986352481026964754e-11
