9.999949370605664134e-01 7.691071530851295046e-12 7.785275983087267928e-12 1.547634751393856459e-11
9.999544342863003754e-01 5.667653475483438510e-10 6.294556990336732259e-10 1.196221046582017077e-09
9.998734326907675607e-01 3.584946518460868259e-09 4.798916436205599768e-09 8.383862954666467613e-09
9.997519401795809113e-01 1.010478886744947744e-08 1.777835933832530850e-08 2.788314820577478595e-08
9.995899686101954451e-01 1.787953858862264067e-08 4.499998629246083093e-08 6.287952488108347160e-08
9.993875337907507372e-01 2.235466504945157323e-08 8.807444589222505141e-08 1.104291109416766280e-07
9.991446554785282652e-01 2.057501737472504593e-08 1.412802985100405989e-07 1.618553158847656382e-07
9.988613573780231736e-01 1.393736552725201291e-08 1.923898601271885740e-07 2.063272256544405919e-07
9.985376671386306802e-01 6.703559329115329997e-09 2.288825480406215035e-07 2.355861073697368368e-07
9.981736163519473459e-01 2.106612508661643525e-09 2.451168899571961514e-07 2.472235024658578085e-07
9.977692405486884297e-01 4.004700929147381869e-10 2.444658604807284490e-07 2.448663305736431867e-07
9.973245791952193295e-01 1.413678507083932228e-10 2.353557856017738105e-07 2.354971534524822014e-07
9.968396756897041078e-01 1.702147792376992142e-10 2.255854609201408563e-07 2.257556756993785467e-07
9.963145773578704345e-01 1.585473374398973562e-10 2.192274995485880535e-07 2.193860468860279466e-07
9.957493354483893944e-01 1.367463154310494443e-10 2.167555317412906031e-07 2.168922780567216508e-07
9.951440051278751531e-01 1.311989156529617679e-10 2.167521734439318998e-07 2.168833723595848587e-07
9.944986454754998206e-01 1.324905243403316158e-10 2.176043892742474862e-07 2.177368797985878216e-07
9.938133194772277301e-01 1.338300301329978691e-10 2.183882652201254846e-07 2.185220952502584817e-07
9.930880940196680218e-01 1.347773408219022322e-10 2.188947659077708181e-07 2.190295432485927150e-07
9.923230398835471977e-01 1.357400993618048969e-10 2.192474686916936508e-07 2.193832087910554646e-07
9.915182317367999820e-01 1.368235111017428953e-10 2.195830562792023150e-07 2.197198797903040498e-07
9.906737481272827051e-01 1.380284344833151967e-10 2.199528684378987575e-07 2.200908968723820776e-07
9.897896714751069913e-01 1.393372780175349360e-10 2.203552578202970366e-07 2.204945950983145617e-07
9.888660880645957496e-01 1.407423282130564416e-10 2.207799435610366144e-07 2.209206858892496705e-07
9.879030880358612432e-01 1.422474598389225319e-10 2.212230762750967197e-07 2.213653237349356319e-07
9.869007653760089038e-01 1.438597047105611405e-10 2.216849087146038193e-07 2.218287684193143691e-07
9.858592179099633368e-01 1.455856464139314071e-10 2.221661374335488903e-07 2.223117230799628088e-07
9.847785472909209581e-01 1.474314703356182815e-10 2.226670273800675844e-07 2.228144588504032050e-07
9.836588589904292634e-01 1.494036246008004274e-10 2.231876812561717020e-07 2.233370848807724900e-07
9.825002622880923964e-01 1.515089385823662445e-10 2.237282199747355291e-07 2.238797289133178907e-07
9.813028702609059017e-01 1.537546361707526189e-10 2.242887897386833578e-07 2.244425443748541201e-07
9.800667997722209979e-01 1.561482632168965122e-10 2.248695447022376030e-07 2.250256929654544933e-07
9.787921714603383672e-01 1.586977421441802245e-10 2.254706438668718848e-07 2.256293416090160615e-07
9.774791097267337969e-01 1.614113930079962882e-10 2.260922522487598105e-07 2.262536636417678043e-07
9.761277427239180016e-01 1.642979002848333303e-10 2.267345411877001992e-07 2.268988390879850419e-07
9.747382023429281839e-01 1.673663879306412628e-10 2.273976883289167790e-07 2.275650547168474216e-07
9.733106242004558872e-01 1.706263651832192116e-10 2.280818776106996055e-07 2.282525039758828278e-07
9.718451476256110277e-01 1.740878223193663820e-10 2.287872993097708496e-07 2.289613871320902177e-07
9.703419156463238826e-01 1.777611791922550797e-10 2.295141500559424907e-07 2.296919112351347425e-07
9.688010749753855899e-01 1.816573314131035492e-10 2.302626328900975486e-07 2.304442902215106451e-07
9.672227759961293803e-01 1.857876750153583087e-10 2.310329572783897704e-07 2.312187449534051168e-07
9.656071727477532063e-01 1.901640944982540939e-10 2.318253391888641127e-07 2.320155032833623538e-07
9.639544229102861017e-01 1.947990216824063105e-10 2.326400011232602355e-07 2.328348001449426327e-07
9.622646877891983808e-01 1.997054390774835960e-10 2.334771721987173262e-07 2.336768776377948046e-07
9.605381322996591198e-01 2.048968807992709894e-10 2.343370882017381191e-07 2.345419850825373871e-07
9.587749249504402549e-01 2.103874838507691777e-10 2.352199916995369082e-07 2.354303791833876718e-07
9.569752378274709592e-01 2.161920210474610149e-10 2.361261321014481123e-07 2.363423241224955726e-07
9.551392465770417450e-01 2.223258671545989401e-10 2.370557657758361453e-07 2.372780916429907321e-07
9.532671303886618430e-01 2.288051070196939124e-10 2.380091561581430968e-07 2.382379612651628003e-07
9.513590719775709692e-01 2.356464903462319404e-10 2.389865738621289875e-07 2.392222203524752383e-07
9.494152575669063676e-01 2.428674922677056674e-10 2.399882968010926659e-07 2.402311642933603470e-07
9.474358768695277933e-01 2.504863590064334530e-10 2.410146103361035264e-07 2.412650966951099526e-07
9.454211230695018786e-01 2.585221041548857722e-10 2.420658073950479410e-07 2.423243294992028335e-07
9.433711928032476601e-01 2.669945654985248938e-10 2.431421886438578952e-07 2.434091832093564035e-07
9.412862861403453740e-01 2.759244194975160645e-10 2.442440626228321006e-07 2.445199870423295990e-07
9.391666065640098537e-01 2.853332437944483807e-10 2.453717459169183633e-07 2.456570791607128379e-07
9.370123609512309715e-01 2.952435287733168089e-10 2.465255633185045810e-07 2.468208068472778934e-07
9.348237595525827892e-01 3.056787276018289741e-10 2.477058480070965604e-07 2.480115267346983645e-07
9.326010159717035286e-01 3.166633105173280928e-10 2.489129417071565713e-07 2.492296050176738839e-07
9.303443471444483581e-01 3.282227619911760088e-10 2.501471948863086860e-07 2.504754176482998555e-07
9.280539733177164408e-01 3.403836874055865397e-10 2.514089669331192422e-07 2.517493506205248350e-07
9.257301180279556840e-01 3.531738085513325330e-10 2.526986263574662457e-07 2.530518001660175817e-07
9.233730080793456363e-01 3.666220518736217353e-10 2.540165509652111160e-07 2.543831730170847615e-07
9.209828735216619711e-01 3.807585549050760729e-10 2.553631280776018726e-07 2.557438866325069247e-07
9.185599476278238917e-01 3.956147808555368142e-10 2.567387547108515838e-07 2.571343694917071191e-07
9.161044668711272321e-01 4.112234895377338252e-10 2.581438378027241273e-07 2.585550612922618737e-07
9.136166709021651400e-01 4.276189177414559896e-10 2.595787943994479977e-07 2.600064133171894551e-07
9.110968025254386760e-01 4.448366837718684571e-10 2.610440518826878904e-07 2.614888885664597790e-07
9.085451076756589917e-01 4.629140114814602455e-10 2.625400481804867689e-07 2.630029621919682223e-07
9.059618353937449742e-01 4.818896750430644469e-10 2.640672319853787018e-07 2.645491216604217530e-07
9.033472378025174665e-01 5.018041527350334493e-10 2.656260629860372865e-07 2.661278671387723258e-07
9.007015700820919513e-01 5.226996368172498296e-10 2.672170120882903142e-07 2.677397117251075816e-07
8.980250904449740279e-01 5.446201618949620261e-10 2.688405616539046053e-07 2.693851818157995549e-07
8.953180601108580161e-01 5.676116524843060437e-10 2.704972057384962292e-07 2.710648173909805586e-07
8.925807432811322384e-01 5.917220248080980519e-10 2.721874503255197563e-07 2.727791723503278495e-07
8.898134071130937572e-01 6.170012900455286383e-10 2.739118135916253105e-07 2.745288148816708208e-07
8.870163216938737882e-01 6.435015751159885956e-10 2.756708261450134284e-07 2.763143277201294026e-07
8.841897600140786739e-01 6.712773513399180951e-10 2.774650312993036811e-07 2.781363086506436225e-07
8.813339979411450864e-01 7.003854130363282791e-10 2.792949853306537493e-07 2.799953707436900629e-07
8.784493141924172299e-01 7.308850292854387186e-10 2.811612577556581213e-07 2.818921427849435590e-07
8.755359903079433792e-01 7.628380862135103276e-10 2.830644316084893328e-07 2.838272696947028207e-07
8.725943106229990809e-01 7.963091767505135879e-10 2.850051037286676167e-07 2.858014129054181524e-07
8.696245622403354636e-01 8.313657062581343604e-10 2.869838850465282118e-07 2.878152507527863643e-07
8.666270350021592073e-01 8.680780615889515115e-10 2.890014008972819626e-07 2.898694789588708895e-07
8.636020214618447266e-01 9.065197351781551067e-10 2.910582913132546560e-07 2.919648110484328246e-07
8.605498168553809002e-01 9.467674639019028553e-10 2.931552113530230083e-07 2.941019788169248915e-07
8.574707190725561201e-01 9.889013731976381630e-10 2.952928314089663451e-07 2.962817327821639742e-07
8.543650286278863248e-01 1.033005130699651853e-09 2.974718375555685092e-07 2.985048426862681794e-07
8.512330486312836841e-01 1.079166151346729157e-09 2.996929318663514892e-07 3.007720980176982237e-07
8.480750847584744845e-01 1.127475733139715929e-09 3.019568327805018788e-07 3.030843085136415683e-07
8.448914452211659931e-01 1.178029239006140261e-09 3.042642754403295439e-07 3.054423046793356775e-07
8.416824407369640770e-01 1.230926295291362114e-09 3.066160120715341175e-07 3.078469383668254622e-07
8.384483844990495705e-01 1.286271039968548345e-09 3.090128123363710459e-07 3.102990833763395721e-07
8.351895921456098382e-01 1.344172227823837662e-09 3.114554637283126148e-07 3.127996359561364500e-07
8.319063817290339724e-01 1.404743585861820657e-09 3.139447719535541824e-07 3.153495155394160074e-07
8.285990736848704019e-01 1.468103916130056406e-09 3.164815613294476252e-07 3.179496652455776823e-07
8.252679908005539078e-01 1.534377455487664707e-09 3.190666751915871198e-07 3.206010526470747827e-07
8.219134581839017129e-01 1.603694038579812652e-09 3.217009763085098031e-07 3.233046703470896334e-07
8.185358032313835297e-01 1.676189448301373662e-09 3.243853473059407475e-07 3.260615367542421383e-07
8.151353555961681208e-01 1.752005630116813830e-09 3.271206910988282562e-07 3.288726967289450585e-07
8.117124471559501453e-01 1.831291072332027702e-09 3.299079313398598797e-07 3.317392224121919225e-07
8.082674119805592916e-01 1.914201006229823284e-09 3.327480128591239191e-07 3.346622138653537283e-07
8.048005862993553583e-01 2.000897894732420946e-09 3.356419021464977072e-07 3.376428000412301133e-07
8.013123084684130593e-01 2.091551628218851325e-09 3.385905877932242544e-07 3.406821394214431298e-07
7.978029189374994390e-01 2.186339989668051052e-09 3.415950810022057121e-07 3.437814209918737693e-07
7.942727602168460077e-01 2.285448963073106796e-09 3.446564160553719595e-07 3.469418650184450398e-07
7.907221768437204812e-01 2.389073262816956077e-09 3.477756508228457140e-07 3.501647240856626561e-07
7.871515153488009009e-01 2.497416629897560636e-09 3.509538672716093742e-07 3.534512839015069336e-07
7.835611242223544659e-01 2.610692342921932681e-09 3.541921719803702907e-07 3.568028643232922317e-07
7.799513538802257395e-01 2.729123705040624953e-09 3.574916966729985056e-07 3.602208203780391049e-07
7.763225566296362290e-01 2.852944523975080692e-09 3.608535987518187486e-07 3.637065432757938471e-07
7.726750866348005564e-01 2.982399628585490304e-09 3.642790618430629687e-07 3.672614614716484594e-07
7.690092998823602199e-01 3.117745445587654944e-09 3.677692963576846007e-07 3.708870418032722813e-07
7.653255541466397194e-01 3.259250578082058075e-09 3.713255400522998358e-07 3.745847906303818988e-07
7.616242089547290428e-01 3.407196437738699388e-09 3.749490586103654070e-07 3.783562550481040882e-07
7.579056255513935136e-01 3.561877846005593879e-09 3.786411462135748933e-07 3.822030240595804884e-07
7.541701668638181033e-01 3.723603763409875517e-09 3.824031261487804838e-07 3.861267299121903448e-07
7.504181974661854326e-01 3.892698020341999353e-09 3.862363514036744037e-07 3.901290494240163865e-07
7.466500835440942341e-01 4.069500044579969010e-09 3.901422052624684876e-07 3.942117053070484624e-07
7.428661928588208285e-01 4.254365687075318166e-09 3.941221019538496611e-07 3.983764676409249958e-07
7.390668947114253928e-01 4.447668074467356911e-09 3.981774872384871810e-07 4.026251553129545338e-07
7.352525599067092354e-01 4.649798476837886279e-09 4.023098390736914484e-07 4.069596375505293215e-07
7.314235607170251896e-01 4.861167306410375168e-09 4.065206682326089101e-07 4.113818355390192704e-07
7.275802708459440105e-01 5.082205060292278776e-09 4.108115189554608521e-07 4.158937240157531284e-07
7.237230653917818834e-01 5.313363425583232434e-09 4.151839696017502985e-07 4.204973330273335417e-07
7.198523208109910421e-01 5.555116421396612077e-09 4.196396333065119048e-07 4.251947497279085425e-07
7.159684148814191573e-01 5.807961394150057012e-09 4.241801586349506885e-07 4.299881200291007274e-07
7.120717266654379429e-01 6.072420550007007642e-09 4.288072302611335311e-07 4.348796508111405495e-07
7.081626364729478595e-01 6.349042061663225606e-09 4.335225696174300905e-07 4.398716116790933144e-07
7.042415258242603615e-01 6.638401504765593696e-09 4.383279355767748647e-07 4.449663370815404675e-07
7.003087774128622378e-01 6.941103394834029390e-09 4.432251251141570955e-07 4.501662285089911398e-07
6.963647750680654891e-01 7.257782690247302936e-09 4.482159739811016691e-07 4.554737566713489513e-07
6.924099037175460714e-01 7.589106482602560535e-09 4.533023573716009139e-07 4.608914638542034579e-07
6.884445493497759472e-01 7.935775656209720472e-09 4.584861905853727912e-07 4.664219662415825332e-07
6.844690989763506650e-01 8.298526875293319611e-09 4.637694296932861669e-07 4.720679565685795097e-07
6.804839405942186836e-01 8.678134450677150592e-09 4.691540721858556417e-07 4.778322066365328121e-07
6.764894631478123310e-01 9.075412426271277072e-09 4.746421576154034331e-07 4.837175700416746754e-07
6.724860564910888350e-01 9.491216794769103409e-09 4.802357682526595704e-07 4.897269850474286573e-07
6.684741113494802045e-01 9.926447902409651090e-09 4.859370296801268437e-07 4.958634775825364881e-07
6.644540192817597335e-01 1.038205268573363104e-08 4.917481114252313145e-07 5.021301641109649918e-07
6.604261726418261258e-01 1.085902766781912761e-08 4.976712275380058271e-07 5.085302552058249166e-07
6.563909645404107929e-01 1.135842142979638589e-08 5.037086371719063236e-07 5.150670586017027591e-07
6.523487888067108775e-01 1.188133763200137200e-08 5.098626451294830682e-07 5.217439827614844236e-07
6.483000399499521116e-01 1.242893832820076274e-08 5.161356023751882635e-07 5.285645407033889915e-07
6.442451131208851711e-01 1.300244705629206245e-08 5.225299065424563480e-07 5.355323535987483641e-07
6.401844040732204144e-01 1.360315257902898470e-08 5.290480023803436222e-07 5.426511549593725539e-07
6.361183091250022237e-01 1.423241251091276598e-08 5.356923821766795447e-07 5.499247946875922991e-07
6.320472251199293900e-01 1.489165745479477998e-08 5.424655861289584258e-07 5.573572435837532570e-07
6.279715493886240951e-01 1.558239508705967456e-08 5.493702026721928467e-07 5.649525977592524716e-07
6.238916797098525979e-01 1.630621492637917147e-08 5.564088687578093162e-07 5.727150836841884413e-07
6.198080142717032892e-01 1.706479292263416239e-08 5.635842700556441348e-07 5.806490629782782542e-07
6.157209516327238896e-01 1.785989682309822383e-08 5.708991411026635341e-07 5.887590379257617348e-07
6.116308906830226766e-01 1.869339147862118761e-08 5.783562653781197454e-07 5.970496568567408834e-07
6.075382306053381809e-01 1.956724476217533452e-08 5.859584752786104322e-07 6.055257200407857833e-07
6.034433708360791293e-01 2.048353380000394096e-08 5.937086520291261487e-07 6.141921858291300665e-07
5.993467110263401842e-01 2.144445168773627322e-08 6.016097254730992481e-07 6.230541771608354849e-07
5.952486510028965894e-01 2.245231446296870304e-08 6.096646737484388732e-07 6.321169882114076225e-07
5.911495907291824947e-01 2.350956882231386037e-08 6.178765228612596144e-07 6.413860916835734383e-07
5.870499302662542940e-01 2.461880013777424601e-08 6.262483461102250012e-07 6.508671462479992042e-07
5.829500697337458570e-01 2.578274128050376514e-08 6.347832633599206063e-07 6.605660046404243549e-07
5.788504092708176563e-01 2.700428168805038370e-08 6.434844401527537643e-07 6.704887218408041149e-07
5.747513489971034506e-01 2.828647760037923519e-08 6.523550866555477177e-07 6.806415642559269760e-07
5.706532889736600778e-01 2.963256247324319457e-08 6.613984563729969313e-07 6.910310188462401258e-07
5.665566291639209107e-01 3.104595860177734204e-08 6.706178446900623036e-07 7.016638032918396721e-07
5.624617693946618591e-01 3.253028937576149417e-08 6.800165871321302356e-07 7.125468765078917099e-07
5.583691093169774744e-01 3.408939230471782069e-08 6.895980573851236203e-07 7.236874496898414741e-07
5.542790483672762614e-01 3.572733349321298803e-08 6.993656650271256937e-07 7.350929985203386619e-07
5.501919857282967508e-01 3.744842258148867522e-08 7.093228529275501232e-07 7.467712755090388249e-07
5.461083202901474420e-01 3.925722932336220833e-08 7.194730943104083228e-07 7.587303236337705112e-07
5.420284506113760559e-01 4.115860140413225039e-08 7.298198894131190656e-07 7.709784908172512829e-07
5.379527748800705389e-01 4.315768289779738502e-08 7.403667617383304114e-07 7.835244446361278229e-07
5.338816908749978163e-01 4.525993545700297366e-08 7.511172538158161896e-07 7.963771892728192096e-07
5.298155959267796256e-01 4.747115984902792468e-08 7.620749224380600902e-07 8.095460822870879686e-07
5.257548868791148688e-01 4.979752031258306941e-08 7.732433333431980843e-07 8.230408536557811273e-07
5.216999600500480394e-01 5.224557033276719539e-08 7.846260552215200156e-07 8.368716255542872109e-07
5.176512111932891624e-01 5.482228024750979294e-08 7.962266530540228204e-07 8.510489333015326464e-07
5.136090354595892471e-01 5.753506857046394531e-08 8.080486806486936336e-07 8.655837492191575392e-07
5.095738273581740252e-01 6.039183436802166327e-08 8.200956723549459421e-07 8.804875067229675789e-07
5.055459807182403065e-01 6.340099358415422149e-08 8.323711338332270137e-07 8.957721274173812749e-07
5.015258886505198355e-01 6.657151845773021955e-08 8.448785318192629694e-07 9.114500502769931625e-07
4.975139435089112050e-01 6.991297973758778243e-08 8.576212827818088338e-07 9.275342625193965766e-07
4.935105368521875979e-01 7.343559352580728508e-08 8.706027403673335859e-07 9.440383338931408842e-07
4.895160594057814674e-01 7.715027121578322125e-08 8.838261814746935796e-07 9.609764526904768141e-07
4.855309010236492639e-01 8.106867401732689754e-08 8.972947908523882285e-07 9.783634648697150598e-07
4.815554506502240928e-01 8.520327123265139209e-08 9.110116440002596529e-07 9.962149152329110715e-07
4.775900962824538576e-01 8.956740385029241276e-08 9.249796881386328715e-07 1.014547091988925390e-06
4.736352249319345509e-01 9.417535236472075455e-08 9.392017210052085531e-07 1.033377073369929228e-06
4.696912225871378022e-01 9.904240966042785251e-08 9.536803671877843540e-07 1.052722776848212154e-06
4.657584741757396785e-01 1.041849614083345664e-07 9.684180516144229393e-07 1.072603013022757585e-06
4.618373635270521804e-01 1.096205721097176155e-07 9.834169699542520891e-07 1.093037542063969599e-06
4.579282733345620970e-01 1.153680816201879490e-07 9.986790555205333044e-07 1.114047137140721227e-06
4.540315851185808826e-01 1.214477113543031091e-07 1.014205942494940963e-06 1.135653653849244019e-06
4.501476791890088869e-01 1.278811848305318830e-07 1.029998925236515637e-06 1.157880110067047546e-06
4.462769346082181565e-01 1.346918625748612518e-07 1.046058913595856297e-06 1.180750776170717523e-06
4.424197291540559185e-01 1.419048962974911984e-07 1.062386384255208418e-06 1.204291280552699563e-06
4.385764392829747393e-01 1.495474016054825842e-07 1.078981328184290643e-06 1.228528729789773201e-06
4.347474400932906935e-01 1.576486507527641213e-07 1.095843194289603043e-06 1.253491845042367217e-06
4.309331052885746471e-01 1.662402847422090031e-07 1.112970829364348823e-06 1.279211114106557852e-06
4.271338071411791004e-01 1.753565395508691165e-07 1.130362414086346367e-06 1.305718953637215563e-06
4.233499164559056949e-01 1.850344842593238450e-07 1.148015394588163161e-06 1.333049878847487033e-06
4.195818025338147184e-01 1.953142598080916243e-07 1.165926408513201174e-06 1.361240668321292851e-06
4.158298331361819922e-01 2.062393121716178929e-07 1.184091203898620199e-06 1.390330516070238092e-06
4.120943744486066374e-01 2.178566103185044039e-07 1.202504548386931541e-06 1.420361158705436051e-06
4.083757910452709972e-01 2.302168396894448507e-07 1.221160125759580542e-06 1.451376965449025472e-06
4.046744458533602096e-01 2.433745716289664320e-07 1.240050416163493575e-06 1.483424987792460060e-06
4.009907001176397645e-01 2.573884059216876139e-07 1.259166556379448068e-06 1.516554962301135788e-06
3.973249133651994280e-01 2.723211042325251294e-07 1.278498176867919795e-06 1.550819281100444977e-06
3.936774433703638110e-01 2.882397320784397238e-07 1.298033213413759917e-06 1.586272945492199588e-06
3.900486461197743560e-01 3.052158470873257078e-07 1.317757693143597348e-06 1.622973540230923109e-06
3.864388757776455741e-01 3.233257759525342333e-07 1.337655497255754980e-06 1.660981273208289213e-06
3.828484846511991391e-01 3.426510408021778163e-07 1.357708106035281580e-06 1.700359146837459450e-06
3.792778231562796143e-01 3.632789834828532206e-07 1.377894335431305432e-06 1.741173318914158547e-06
3.757272397831541433e-01 3.853036576098742771e-07 1.398190077710694435e-06 1.783493735320568712e-06
3.721970810625004900e-01 4.088270201823783482e-07 1.418568061664377635e-06 1.827395081846755877e-06
3.686876915315869252e-01 4.339604597684230225e-07 1.438997649176519499e-06 1.872958108944942521e-06
3.651994137006446817e-01 4.608266432652775667e-07 1.459444684476249405e-06 1.920271327741526866e-06
3.617325880194407484e-01 4.895616441307906012e-07 1.479871409385390414e-06 1.969433053516181121e-06
3.582875528440498947e-01 5.203172481682808953e-07 1.500236452115680070e-06 2.020553700283960965e-06
3.548646444038319747e-01 5.532633021063988056e-07 1.520494888404992897e-06 2.073758190511391597e-06
3.514641967686166213e-01 5.885898978132818097e-07 1.540598362816576083e-06 2.129188260629857998e-06
3.480865418160983271e-01 6.265091685552764349e-07 1.560495245091661181e-06 2.187004413646937722e-06
3.447320091994461322e-01 6.672564191104393725e-07 1.580130783377911250e-06 2.247387202488350729e-06
3.414009263151296936e-01 7.110903158148853747e-07 1.599447204066626990e-06 2.310537519881512259e-06
3.380936182709661786e-01 7.582918692714765472e-07 1.618383698814997087e-06 2.376675568086473528e-06
3.348104078543900908e-01 8.091619678258597863e-07 1.636876235260394264e-06 2.446038203086253945e-06
3.315516155009504695e-01 8.640172881478752629e-07 1.654857130073120491e-06 2.518874418220995860e-06
3.283175592630359629e-01 9.231844908393928894e-07 1.672254333151211372e-06 2.595438823990604262e-06
3.251085547788341579e-01 9.869926869001308768e-07 1.688990390200725762e-06 2.675983077100856851e-06
3.219249152415254445e-01 1.055764299518454788e-06 1.704981077647857015e-06 2.760745377166311803e-06
3.187669513687164113e-01 1.129804521143050055e-06 1.720133737486427452e-06 2.849938258629477718e-06
3.156349713721138261e-01 1.209389693629481008e-06 1.734345378323092173e-06 2.943735071952573393e-06
3.125292809274439754e-01 1.294755005448309784e-06 1.747500649485103309e-06 3.042255654933413304e-06
3.094501831446193618e-01 1.386081972651902590e-06 1.759469833839033351e-06 3.145551806490935942e-06
3.063979785381553134e-01 1.483486193762666201e-06 1.770107038366276437e-06 3.253593232128942639e-06
3.033729649978409437e-01 1.587005874055712675e-06 1.779248785005221204e-06 3.366254659060934091e-06
3.003754377596646319e-01 1.696591579355735240e-06 1.786713214936595724e-06 3.483304794292330965e-06
2.974056893770009591e-01 1.812097630460518115e-06 1.792300114197311632e-06 3.604397744657829535e-06
2.944640096920566052e-01 1.933275442939480499e-06 1.795791946071023534e-06 3.729067389010503822e-06
2.915506858075828100e-01 2.059769064912960665e-06 1.796956035854157747e-06 3.856725100767118624e-06
2.886660020588549536e-01 2.191113013450436195e-06 1.795547997838736836e-06 3.986661011289173243e-06
2.858102399859214215e-01 2.326732467621153221e-06 1.791316425460750855e-06 4.118048893081904288e-06
2.829836783061262517e-01 2.465945738269474294e-06 1.784008787853691042e-06 4.249954526123165760e-06
2.801865928869063938e-01 2.607968919055129003e-06 1.773378394692025083e-06 4.381347313747154086e-06
2.774192567188678571e-01 2.751922544018184002e-06 1.759192212317509184e-06 4.511114756335693186e-06
2.746819398891420239e-01 2.896840078630147894e-06 1.741239243756853479e-06 4.638079322387001585e-06
2.719749095550259010e-01 3.041678082099312006e-06 1.719339129128525979e-06 4.761017211227837986e-06
2.692984299179080887e-01 3.185327865943551915e-06 1.693350585940775947e-06 4.878678451884328073e-06
2.666527621974826290e-01 3.326628553812253108e-06 1.663179293652330748e-06 4.989807847464583433e-06
2.640381646062550658e-01 3.464381380821272590e-06 1.628784834936751329e-06 5.093166215758023919e-06
2.614548923243411038e-01 3.597365163077404420e-06 1.590186336328311688e-06 5.187551499405716532e-06
2.589031974745613640e-01 3.724352758823033771e-06 1.547466500700900952e-06 5.271819259523934511e-06
2.563833290978348445e-01 3.844128366822711191e-06 1.500773790174920875e-06 5.344902156997632066e-06
2.538955331288728634e-01 3.955505424422186478e-06 1.450322596670574941e-06 5.405828021092761842e-06
2.514400523721762593e-01 4.057344850279051568e-06 1.396391325279192291e-06 5.453736175558244282e-06
2.490171264783381244e-01 4.148573316992847712e-06 1.339318409730130969e-06 5.487891726722978470e-06
2.466269919206544037e-01 4.228201246410817004e-06 1.279496376529427963e-06 5.507697622940245391e-06
2.442698819720442449e-01 4.295340186042692221e-06 1.217364170496553401e-06 5.512704356539245622e-06
2.419460266822835159e-01 4.349219242920938194e-06 1.153398044014329617e-06 5.502617286935267387e-06
2.396556528555516541e-01 4.389200177602921813e-06 1.088101387789182355e-06 5.477301565392103956e-06
2.373989840282964559e-01 4.414790790147356954e-06 1.021993934284825984e-06 5.436784724432182726e-06
2.351762404474173063e-01 4.425656104229706701e-06 9.556007883890241342e-07 5.381256892618730835e-06
2.329876390487691518e-01 4.421626877267036589e-06 8.894417284320825946e-07 5.311068605699119183e-06
2.308333934359902417e-01 4.402704908019174093e-06 8.240211738730823963e-07 5.226726081892256383e-06
2.287137138596547492e-01 4.369064696013605959e-06 7.598191384835359381e-07 5.128883834497142003e-06
2.266288071967524353e-01 4.321051091262688367e-06 6.972833901141483532e-07 5.018334481376836402e-06
2.245788769304982169e-01 4.259172824326630637e-06 6.368229331998340836e-07 4.895995757526464826e-06
2.225641231304723300e-01 4.184091983797000114e-06 5.788028334101881732e-07 4.762894817207188393e-06
2.205847424330936446e-01 4.096609873765139694e-06 5.235403272393193223e-07 4.620150201004459122e-06
2.186409280224290430e-01 3.997649867812829129e-06 4.713021120530553147e-07 4.468951979865884814e-06
2.167328696113382247e-01 3.888238120897018583e-06 4.223026959858122002e-07 4.310540816882830571e-06
2.148607534229583227e-01 3.769483083991046563e-06 3.767036991456156602e-07 4.146186783136662223e-06
2.130247621725290530e-01 3.642554775432234587e-06 3.346140287098757643e-07 3.977168804142110668e-06
2.112250750495597573e-01 3.508664650651658716e-06 2.960908894944856008e-07 3.804755540146144158e-06
2.094618677003409757e-01 3.369046702224845382e-06 2.611416259598402522e-07 3.630188328184685793e-06
2.077353122108017425e-01 3.224940195386976363e-06 2.297264111975652308e-07 3.454666606584541594e-06
2.060455770897140493e-01 3.077574210221888136e-06 2.017617968097032572e-07 3.279336007031591314e-06
2.043928272522468337e-01 2.928153857679663459e-06 1.771251131304522647e-07 3.105278970810115750e-06
2.027772240038706042e-01 2.777847993624101745e-06 1.556596651499393185e-07 2.933507658774041143e-06
2.011989250246144223e-01 2.627778086874882102e-06 1.371806134362250797e-07 2.764958700311107049e-06
1.996580843536761574e-01 2.479007945196325109e-06 1.214813708867133371e-07 2.600489316083038579e-06
1.981548523743890677e-01 2.332534125652766918e-06 1.083402958005195631e-07 2.440874421453286361e-06
1.966893757995442360e-01 2.189276909968443193e-06 9.752742828433491935e-08 2.286804338252778060e-06
1.952617976570718561e-01 2.050072016694256785e-06 8.881100648115655836e-08 2.138883023175413224e-06
1.938722572760820106e-01 1.915663219004609785e-06 8.196351370898697070e-08 1.997626732713596597e-06
1.925208902732662430e-01 1.786696314252496658e-06 7.676704556621230880e-08 1.863463359818709006e-06
1.912078285396617283e-01 1.663714768056935064e-06 7.301784278303776350e-08 1.736732610839972881e-06
1.899332002277789033e-01 1.547157478620533480e-06 7.052990439151742781e-08 1.617687383012051014e-06
1.886971297390939994e-01 1.437358924389696211e-06 6.913766673657037426e-08 1.506496591126266691e-06
1.874997377119076158e-01 1.334551851336681872e-06 6.869779294121529240e-08 1.403249644277897165e-06
1.863411410095707488e-01 1.238872520671254511e-06 6.909018131134484016e-08 1.307962701982599430e-06
1.852214527090789986e-01 1.150368393882452944e-06 7.021844835139282027e-08 1.220586842233845818e-06
1.841407820900367032e-01 1.069008231273608745e-06 7.201027765178599637e-08 1.141018508925394688e-06
1.830992346239911084e-01 9.946938075076726523e-07 7.441745384690218595e-08 1.069111261354574918e-06
1.820969119641387690e-01 9.272708934362462946e-07 7.741375449584632617e-08 1.004684647932092621e-06
1.811339119354043459e-01 8.665371108440763004e-07 8.098931362110590924e-08 9.475264244651821964e-07
1.802103285248929654e-01 8.122518080145290814e-07 8.514905938912354051e-08 8.974008674036526483e-07
1.793262518727173072e-01 7.641663028444957382e-07 8.993799799222429091e-08 8.541043008367200423e-07
1.784817682632000579e-01 7.220888414258895494e-07 9.551248723507524889e-08 8.176013286609647586e-07
1.776769601164528423e-01 6.859494501922165396e-07 1.022241243017434595e-07 7.881735744939599593e-07
1.769119059803319627e-01 6.557524307253808637e-07 1.106004024252184674e-07 7.663528331505993708e-07
1.761866805227723376e-01 6.312851433371325535e-07 1.210860503670926965e-07 7.523711937042253030e-07
1.755013545245002193e-01 6.115785429723333462e-07 1.335393714603011141e-07 7.451179144326344073e-07
1.748559948721248591e-01 5.943521543743084685e-07 1.467164061473237709e-07 7.410685605216321865e-07
1.742506645516106178e-01 5.758434103482470962e-07 1.581296513920296435e-07 7.339730617402767132e-07
1.736854226421296332e-01 5.513352495291797938e-07 1.645534037402695899e-07 7.158886532694493572e-07
1.731603243102958489e-01 5.163543606528132438e-07 1.630839707399150995e-07 6.794383313927283433e-07
1.726754208047806827e-01 4.681256027001057433e-07 1.522915081571094049e-07 6.204171108572151747e-07
1.722307594513115547e-01 4.066882511541287678e-07 1.328922405250317777e-07 5.395804916791604926e-07
1.718263836480526108e-01 3.352097406643743207e-07 1.076056070247374331e-07 4.428153476891117538e-07
1.714623328613693320e-01 2.593692840160726314e-07 8.027952874280070902e-08 3.396488127588733668e-07
1.711386426219768109e-01 1.860303596553276439e-07 5.470590472589243536e-08 2.407362643812200660e-07
1.708553445214716915e-01 1.216293168425790544e-07 3.363069077293116219e-08 1.552600076155102033e-07
1.706124662092492472e-01 7.074410851688860404e-08 1.828921920015702824e-08 8.903332771704562566e-08
1.704100313898045393e-01 3.521398700904388926e-08 8.508071288855301688e-09 4.372205829789918929e-08
1.702480598204190454e-01 1.401365439868237371e-08 3.179854250291223871e-09 1.719350864897359924e-08
1.701265673092324793e-01 3.884053866698913788e-09 8.361142726824771575e-10 4.720168139381390739e-09
1.700455657136996646e-01 5.248289807966208816e-10 1.087653212844823244e-10 6.335943020811031930e-10
1.700050629394335711e-01 6.615731249280817387e-12 1.344013606576837020e-12 7.959744855857654205e-12
