9.999949370605664134e-01 1.620349140605457964e-07
9.999544342863003754e-01 1.458352262745968502e-06
9.998734326907675607e-01 4.051169756566944821e-06
9.997519401795809113e-01 7.940406434098817905e-06
9.995899686101954451e-01 1.312349068522140064e-05
9.993875337907507372e-01 1.958996247179806637e-05
9.991446554785282652e-01 2.731319767407026594e-05
9.988613573780231736e-01 3.624212788704444962e-05
9.985376671386306802e-01 4.629740670276985120e-05
9.981736163519473459e-01 5.737530784480936906e-05
9.977692405486884297e-01 6.935875729111846781e-05
9.973245791952193295e-01 8.213067464762512006e-05
9.968396756897041078e-01 9.558343139505766600e-05
9.963145773578704345e-01 1.096209949248147866e-04
9.957493354483893944e-01 1.241551492448469019e-04
9.951440051278751531e-01 1.391003375818982465e-04
9.944986454754998206e-01 1.543711020322495551e-04
9.938133194772277301e-01 1.698830466807235630e-04
9.930880940196680218e-01 1.855556551212996104e-04
9.923230398835471977e-01 2.013148789823435256e-04
9.915182317367999820e-01 2.170945893774106508e-04
9.906737481272827051e-01 2.328371496250589590e-04
9.897896714751069913e-01 2.484936755691177042e-04
9.888660880645957496e-01 2.640242658660852965e-04
9.879030880358612432e-01 2.793981928763905154e-04
9.869007653760089038e-01 2.945939765318380350e-04
9.858592179099633368e-01 3.095993169510924078e-04
9.847785472909209581e-01 3.244109055164840806e-04
9.836588589904292634e-01 3.390341408570152811e-04
9.825002622880923964e-01 3.534827700609821178e-04
9.813028702609059017e-01 3.677784718113574270e-04
9.800667997722209979e-01 3.819503966798109477e-04
9.787921714603383672e-01 3.960346777321920053e-04
9.774791097267337969e-01 4.100739214776557922e-04
9.761277427239180016e-01 4.241166856460411262e-04
9.747382023429281839e-01 4.382169467575509447e-04
9.733106242004558872e-01 4.524335573094243816e-04
9.718451476256110277e-01 4.668296899634633013e-04
9.703419156463238826e-01 4.814722646923901722e-04
9.688010749753855899e-01 4.964313546252758450e-04
9.672227759961293803e-01 5.117795674273225431e-04
9.656071727477532063e-01 5.275914013774648994e-04
9.639544229102861017e-01 5.439425786757413894e-04
9.622646877891983808e-01 5.609093625448231075e-04
9.605381322996591198e-01 5.785678689356584447e-04
9.587749249504402549e-01 5.969933875690237304e-04
9.569752378274709592e-01 6.162597301432228697e-04
9.551392465770417450e-01 6.364386253627395866e-04
9.532671303886618430e-01 6.575991807204971916e-04
9.513590719775709692e-01 6.798074295716296156e-04
9.494152575669063676e-01 7.031259790837068781e-04
9.474358768695277933e-01 7.276137703992734563e-04
9.454211230695018786e-01 7.533259572373172995e-04
9.433711928032476601e-01 7.803139036723316614e-04
9.412862861403453740e-01 8.086252964794639082e-04
9.391666065640098537e-01 8.383043626566948243e-04
9.370123609512309715e-01 8.693921788741934250e-04
9.348237595525827892e-01 9.019270568601087026e-04
9.326010159717035286e-01 9.359449871855447583e-04
9.303443471444483581e-01 9.714801235044752447e-04
9.280539733177164408e-01 1.008565289903671277e-03
9.257301180279556840e-01 1.047232495416294948e-03
9.233730080793456363e-01 1.087513441732289006e-03
9.209828735216619711e-01 1.129440012470843586e-03
9.185599476278238917e-01 1.173044734869419480e-03
9.161044668711272321e-01 1.218361207215768469e-03
9.136166709021651400e-01 1.265424487683630911e-03
9.110968025254386760e-01 1.314271442332493002e-03
9.085451076756589917e-01 1.364941051849290644e-03
9.059618353937449742e-01 1.417474678114435645e-03
9.033472378025174665e-01 1.471916292868313781e-03
9.007015700820919513e-01 1.528312671647788805e-03
8.980250904449740279e-01 1.586713556785575123e-03
8.953180601108580161e-01 1.647171793644336456e-03
8.925807432811322384e-01 1.709743444435943890e-03
8.898134071130937572e-01 1.774487883980431762e-03
8.870163216938737882e-01 1.841467881633528179e-03
8.841897600140786739e-01 1.910749673379458745e-03
8.813339979411450864e-01 1.982403027783375630e-03
8.784493141924172299e-01 2.056501309145226421e-03
8.755359903079433792e-01 2.133121540819943925e-03
8.725943106229990809e-01 2.212344471282154997e-03
8.696245622403354636e-01 2.294254645135726002e-03
8.666270350021592073e-01 2.378940480907006019e-03
8.636020214618447266e-01 2.466494357126839451e-03
8.605498168553809002e-01 2.557012707905789543e-03
8.574707190725561201e-01 2.650596128941048665e-03
8.543650286278863248e-01 2.747349494669087434e-03
8.512330486312836841e-01 2.847382087087800377e-03
8.480750847584744845e-01 2.950807736622919515e-03
8.448914452211659931e-01 3.057744975298039205e-03
8.416824407369640770e-01 3.168317202383154427e-03
8.384483844990495705e-01 3.282652862644949883e-03
8.351895921456098382e-01 3.400885637293250482e-03
8.319063817290339724e-01 3.523154647711901604e-03
8.285990736848704019e-01 3.649604672075626791e-03
8.252679908005539078e-01 3.780386374982163972e-03
8.219134581839017129e-01 3.915656550268328297e-03
8.185358032313835297e-01 4.055578377229094970e-03
8.151353555961681208e-01 4.200321690513174333e-03
8.117124471559501453e-01 4.350063264030225134e-03
8.082674119805592916e-01 4.504987109268753995e-03
8.048005862993553583e-01 4.665284788488723543e-03
8.013123084684130593e-01 4.831155743318969048e-03
7.978029189374994390e-01 5.002807639356597787e-03
7.942727602168460077e-01 5.180456727430619163e-03
7.907221768437204812e-01 5.364328222257232388e-03
7.871515153488009009e-01 5.554656699279281878e-03
7.835611242223544659e-01 5.751686510545540518e-03
7.799513538802257395e-01 5.955672220550727383e-03
7.763225566296362290e-01 6.166879063018660713e-03
7.726750866348005564e-01 6.385583419677483101e-03
7.690092998823602199e-01 6.612073322138959167e-03
7.653255541466397194e-01 6.846648978061275516e-03
7.616242089547290428e-01 7.089623322842287384e-03
7.579056255513935136e-01 7.341322598160390095e-03
7.541701668638181033e-01 7.602086958755222001e-03
7.504181974661854326e-01 7.872271108915500012e-03
7.466500835440942341e-01 8.152244970223668230e-03
7.428661928588208285e-01 8.442394382192554281e-03
7.390668947114253928e-01 8.743121837518331996e-03
7.352525599067092354e-01 9.054847253768595963e-03
7.314235607170251896e-01 9.378008783422417394e-03
7.275802708459440105e-01 9.713063664282243007e-03
7.237230653917818834e-01 1.006048911238548865e-02
7.198523208109910421e-01 1.042078325965640172e-02
7.159684148814191573e-01 1.079446613866459626e-02
7.120717266654379429e-01 1.118208071698618619e-02
7.081626364729478595e-01 1.158419398381298551e-02
7.042415258242603615e-01 1.200139809161220907e-02
7.003087774128622378e-01 1.243431155581031095e-02
6.963647750680654891e-01 1.288358051565239616e-02
6.924099037175460714e-01 1.334988005956819559e-02
6.884445493497759472e-01 1.383391561854849239e-02
6.844690989763506650e-01 1.433642443120574164e-02
6.804839405942186836e-01 1.485817708435613164e-02
6.764894631478123310e-01 1.539997913313758370e-02
6.724860564910888350e-01 1.596267280488528409e-02
6.684741113494802045e-01 1.654713879125304862e-02
6.644540192817597335e-01 1.715429813341017365e-02
6.604261726418261258e-01 1.778511420556315101e-02
6.563909645404107929e-01 1.844059480252577612e-02
6.523487888067108775e-01 1.912179433752529689e-02
6.483000399499521116e-01 1.982981615681788864e-02
6.442451131208851711e-01 2.056581497790363131e-02
6.401844040732204144e-01 2.133099945815071508e-02
6.361183091250022237e-01 2.212663490049201001e-02
6.320472251199293900e-01 2.295404610268909906e-02
6.279715493886240951e-01 2.381462035671520067e-02
6.238916797098525979e-01 2.470981060536596441e-02
6.198080142717032892e-01 2.564113876451070556e-02
6.157209516327238896e-01 2.661019922148750300e-02
6.116308906830226766e-01 2.761866252277006897e-02
6.075382306053381809e-01 2.866827926659353334e-02
6.034433708360791293e-01 2.976088421782847188e-02
5.993467110263401842e-01 3.089840066212288724e-02
5.952486510028965894e-01 3.208284501359037061e-02
5.911495907291824947e-01 3.331633168525865996e-02
5.870499302662542940e-01 3.460107822532390576e-02
5.829500697337458570e-01 3.593941071729936376e-02
5.788504092708176563e-01 3.733376944141403309e-02
5.747513489971034506e-01 3.878671480094307566e-02
5.706532889736600778e-01 4.030093353195967482e-02
5.665566291639209107e-01 4.187924523702533236e-02
5.624617693946618591e-01 4.352460930788248916e-02
5.583691093169774744e-01 4.524013232131664924e-02
5.542790483672762614e-01 4.702907599639508801e-02
5.501919857282967508e-01 4.889486578192108607e-02
5.461083202901474420e-01 5.084110009692578008e-02
5.420284506113760559e-01 5.287156017975121886e-02
5.379527748800705389e-01 5.499022042871389709e-02
5.338816908749978163e-01 5.720125906474803068e-02
5.298155959267796256e-01 5.950906894319669266e-02
5.257548868791148688e-01 6.191826841258856601e-02
5.216999600500480394e-01 6.443371227154268133e-02
5.176512111932891624e-01 6.706050309390264308e-02
5.136090354595892471e-01 6.980400342931900037e-02
5.095738273581740252e-01 7.266984956771564697e-02
5.055459807182403065e-01 7.566396759560505003e-02
5.015258886505198355e-01 7.879259229725467384e-02
4.975139435089112050e-01 8.206228903443191225e-02
4.935105368521875979e-01 8.547997811498841969e-02
4.895160594057814674e-01 8.905296045696159402e-02
4.855309010236492639e-01 9.278894277067102625e-02
4.815554506502240928e-01 9.669606025527160975e-02
4.775900962824538576e-01 1.007828951545478025e-01
4.736352249319345509e-01 1.050584905559025783e-01
4.696912225871378022e-01 1.095323604905177467e-01
4.657584741757396785e-01 1.142144994285306386e-01
4.618373635270521804e-01 1.191153961778149278e-01
4.579282733345620970e-01 1.242460583691410575e-01
4.540315851185808826e-01 1.296180535270619882e-01
4.501476791890088869e-01 1.352435707532746723e-01
4.462769346082181565e-01 1.411355032283850008e-01
4.424197291540559185e-01 1.473075465203840806e-01
4.385764392829747393e-01 1.537743020716124676e-01
4.347474400932906935e-01 1.605513706602050283e-01
4.309331052885746471e-01 1.676554187217811354e-01
4.271338071411791004e-01 1.751042026003060692e-01
4.233499164559056949e-01 1.829165428617692546e-01
4.195818025338147184e-01 1.911122524956494206e-01
4.158298331361819922e-01 1.997120376025639243e-01
4.120943744486066374e-01 2.087374042086759252e-01
4.083757910452709972e-01 2.182106164322600017e-01
4.046744458533602096e-01 2.281547554008758194e-01
4.009907001176397645e-01 2.385939218081586377e-01
3.973249133651994280e-01 2.495536061765221414e-01
3.936774433703638110e-01 2.610612205426535715e-01
3.900486461197743560e-01 2.731467470035013889e-01
3.864388757776455741e-01 2.858434186353594475e-01
3.828484846511991391e-01 2.991883150144788450e-01
3.792778231562796143e-01 3.132227370084363360e-01
3.757272397831541433e-01 3.279922319266089237e-01
3.721970810625004900e-01 3.435461760543868093e-01
3.686876915315869252e-01 3.599368880067760346e-01
3.651994137006446817e-01 3.772183381632046029e-01
3.617325880194407484e-01 3.954446251316977023e-01
3.582875528440498947e-01 4.146684926449337727e-01
3.548646444038319747e-01 4.349402394453628640e-01
3.514641967686166213e-01 4.563074113088774753e-01
3.480865418160983271e-01 4.788156439627708760e-01
3.447320091994461322e-01 5.025109417492824582e-01
3.414009263151296936e-01 5.274435319978605374e-01
3.380936182709661786e-01 5.536732398970775071e-01
3.348104078543900908e-01 5.812760999684516428e-01
3.315516155009504695e-01 6.103516788827140216e-01
3.283175592630359629e-01 6.410303544967438372e-01
3.251085547788341579e-01 6.734796058240390959e-01
3.219249152415254445e-01 7.079082514351838773e-01
3.187669513687164113e-01 7.445675669302550537e-01
3.156349713721138261e-01 7.837483518071959310e-01
3.125292809274439754e-01 8.257733258655014508e-01
3.094501831446193618e-01 8.709847105588482963e-01
3.063979785381553134e-01 9.197274443119681786e-01
3.033729649978409437e-01 9.723290996238832529e-01
3.003754377596646319e-01 1.029078089803970864e+00
2.974056893770009591e-01 1.090202053719481867e+00
2.944640096920566052e-01 1.155848312383056520e+00
2.915506858075828100e-01 1.226068001195633306e+00
2.886660020588549536e-01 1.300804972874477050e+00
2.858102399859214215e-01 1.379889963772940709e+00
2.829836783061262517e-01 1.463039949634852288e+00
2.801865928869063938e-01 1.549862179835132192e+00
2.774192567188678571e-01 1.639862112327154398e+00
2.746819398891420239e-01 1.732454366312083938e+00
2.719749095550259010e-01 1.826975827092462090e+00
2.692984299179080887e-01 1.922700129231142085e+00
2.666527621974826290e-01 2.018852867368342796e+00
2.640381646062550658e-01 2.114627009126504031e+00
2.614548923243411038e-01 2.209198095177565158e+00
2.589031974745613640e-01 2.301738901921202896e+00
2.563833290978348445e-01 2.391433312975027814e+00
2.538955331288728634e-01 2.477489200556348248e+00
2.514400523721762593e-01 2.559150161386767319e+00
2.490171264783381244e-01 2.635705988049461990e+00
2.466269919206544037e-01 2.706501788841919165e+00
2.442698819720442449e-01 2.770945699057972167e+00
2.419460266822835159e-01 2.828515155282499194e+00
2.396556528555516541e-01 2.878761731885455255e+00
2.373989840282964559e-01 2.921314565090396886e+00
2.351762404474173063e-01 2.955882414048158768e+00
2.329876390487691518e-01 2.982254429406902663e+00
2.308333934359902417e-01 3.000299717122890897e+00
2.287137138596547492e-01 3.009965798106224444e+00
2.266288071967524353e-01 3.011276072494869727e+00
2.245788769304982169e-01 3.004326401073390329e+00
2.225641231304723300e-01 2.989280916203435723e+00
2.205847424330936446e-01 2.966367171580743811e+00
2.186409280224290430e-01 2.935870735382023256e+00
2.167328696113382247e-01 2.898129326186500876e+00
2.148607534229583227e-01 2.853526586599409942e+00
2.130247621725290530e-01 2.802485586627771585e+00
2.112250750495597573e-01 2.745462148003348979e+00
2.094618677003409757e-01 2.682938081778496908e+00
2.077353122108017425e-01 2.615414434135995947e+00
2.060455770897140493e-01 2.543404838569428783e+00
2.043928272522468337e-01 2.467429075274068406e+00
2.027772240038706042e-01 2.388006939529199180e+00
2.011989250246144223e-01 2.305652518936266659e+00
1.996580843536761574e-01 2.220868973739828611e+00
1.981548523743890677e-01 2.134143904604938857e+00
1.966893757995442360e-01 2.045945378093241729e+00
1.952617976570718561e-01 1.956718662051998070e+00
1.938722572760820106e-01 1.866883701985418531e+00
1.925208902732662430e-01 1.776833346310403794e+00
1.912078285396617283e-01 1.686932304502580804e+00
1.899332002277789033e-01 1.597516798880154854e+00
1.886971297390939994e-01 1.508894849469382349e+00
1.874997377119076158e-01 1.421347113205838397e+00
1.863411410095707488e-01 1.335128184570294474e+00
1.852214527090789986e-01 1.250468255270468010e+00
1.841407820900367032e-01 1.167575026090714063e+00
1.830992346239911084e-01 1.086635764577813745e+00
1.820969119641387690e-01 1.007819407565267555e+00
1.811339119354043459e-01 9.312786171200252427e-01
1.802103285248929654e-01 8.571517114493725220e-01
1.793262518727173072e-01 7.855644073243299719e-01
1.784817682632000579e-01 7.166313258747586401e-01
1.776769601164528423e-01 6.504572273610453870e-01
1.769119059803319627e-01 5.871379522563192621e-01
1.761866805227723376e-01 5.267610584494807346e-01
1.755013545245002193e-01 4.694061638793893820e-01
1.748559948721248591e-01 4.151450367284030274e-01
1.742506645516106178e-01 3.640415213462260269e-01
1.736854226421296332e-01 3.161514361730627387e-01
1.731603243102958489e-01 2.715226097947789352e-01
1.726754208047806827e-01 2.301952124997920235e-01
1.722307594513115547e-01 1.922024839013070086e-01
1.718263836480526108e-01 1.575718604613068341e-01
1.714623328613693320e-01 1.263263943863814909e-01
1.711386426219768109e-01 9.848625964984844550e-02
1.708553445214716915e-01 7.407009116583310182e-02
1.706124662092492472e-01 5.309591620718531746e-02
1.704100313898045393e-01 3.558151209881654092e-02
1.702480598204190454e-01 2.154414286942434378e-02
1.701265673092324793e-01 1.099976018138788640e-02
1.700455657136996646e-01 3.961867913207864356e-03
1.700050629394335711e-01 4.403185702623139139e-04
