9.999977117289599038e-01 1.079894562199379346e-11 1.044069557519268139e-11 2.123964119718647646e-11
9.999794061070198525e-01 8.640774515544035743e-10 8.456576195462442847e-10 1.709735071100647859e-09
9.999427977770741771e-01 6.510942163130622981e-09 6.523628752271464593e-09 1.303457091540208757e-08
9.998878925665279915e-01 2.413415312243391948e-08 2.504391524437045963e-08 4.917806836680437580e-08
9.998146992153293944e-01 6.286176125614857727e-08 6.832995287746934409e-08 1.311917141336179346e-07
9.997232293745781373e-01 1.320559012717368115e-07 1.520395902356345854e-07 2.840954915073713704e-07
9.996134976046709975e-01 2.394380082237935218e-07 2.951652333743896028e-07 5.346032415981830717e-07
9.994855213729842980e-01 3.893340594139540669e-07 5.193305815723095854e-07 9.086646409862637053e-07
9.993393210510930214e-01 5.813189873579871443e-07 8.477077868416059287e-07 1.429026774199593073e-06
9.991749199115284030e-01 8.094942242967250127e-07 1.303518622078359117e-06 2.113012846375084129e-06
9.989923441240727842e-01 1.062548868552424107e-06 1.908144462084816928e-06 2.970693330637241035e-06
9.987916227515944989e-01 1.324642997179796720e-06 2.678946472314462574e-06 4.003589469494258870e-06
9.985727877454211310e-01 1.577025091859504833e-06 3.626978304941837777e-06 5.204003396801342822e-06
9.983358739402534709e-01 1.800174257006409329e-06 4.754843735337810850e-06 6.555017992344219755e-06
9.980809190486206184e-01 1.976163697204768679e-06 6.054994262884774393e-06 8.031157960089542648e-06
9.978079636548767839e-01 2.090892476732925313e-06 7.508761801088709582e-06 9.599654277821634472e-06
9.975170512087407904e-01 2.135841919002461126e-06 9.086370069458505393e-06 1.122221198846096694e-05
9.972082280183799385e-01 2.109082314123521822e-06 1.074806533584656855e-05 1.285714764997008953e-05
9.968815432430380152e-01 2.015376104508710135e-06 1.244636400822545376e-05 1.446174011273416304e-05
9.965370488852105524e-01 1.865373904872463584e-06 1.412925290708815319e-05 1.599462681196061508e-05
9.961747997823670042e-01 1.674052321408318307e-06 1.574402644134856511e-05 1.741807876275688405e-05
9.957948535982207305e-01 1.458666229501930870e-06 1.724133305796449477e-05 1.869999928746642564e-05
9.953972708135511160e-01 1.236559295181610627e-06 1.857895524880394755e-05 1.981551454398555690e-05
9.949821147165751611e-01 1.023180673363356687e-06 1.972487533207653251e-05 2.074805600543988792e-05
9.945494513928735403e-01 8.305943134778712693e-07 2.065928010323900057e-05 2.148987441671687047e-05
9.940993497148709057e-01 6.666557292685799932e-07 2.137531295742323571e-05 2.204196868669181517e-05
9.936318813308724351e-01 5.348956155639048067e-07 2.187856262792815679e-05 2.241345824349206181e-05
9.931471206536589547e-01 4.350206461528956420e-07 2.218544925332020562e-05 2.262046989947310248e-05
9.926451448486413032e-01 3.638456783100889262e-07 2.232080058220834514e-05 2.268464626051843258e-05
9.921260338215776020e-01 3.164252569130189100e-07 2.231498356871555852e-05 2.263140882562857722e-05
9.915898702058527636e-01 2.871589518365789112e-07 2.220096337399542268e-05 2.248812232583200180e-05
9.910367393493255683e-01 2.706955244059325705e-07 2.201161095933296011e-05 2.228230648373889141e-05
9.904667293007423101e-01 2.625366888447539225e-07 2.177749063732030053e-05 2.204002732616505551e-05
9.898799307957208971e-01 2.593211205004009743e-07 2.152525341554426406e-05 2.178457453604466546e-05
9.892764372423079600e-01 2.588346438083468912e-07 2.127666250073254444e-05 2.153549714454089292e-05
9.886563447061090804e-01 2.598320220392277839e-07 2.104819947402719645e-05 2.130803149606642587e-05
9.880197518949973556e-01 2.617666446140587550e-07 2.085115051778643061e-05 2.111291716240049085e-05
9.873667601434006347e-01 2.645116585488038796e-07 2.069205086369026134e-05 2.095656252223906618e-05
9.866974733961710875e-01 2.681292632566760560e-07 2.057336609404294655e-05 2.084149535729962207e-05
9.860119981920386634e-01 2.727143338268143830e-07 2.049430265613496360e-05 2.076701698996177804e-05
9.853104436466523230e-01 2.783127862224351963e-07 2.045165927071699905e-05 2.072997205693943493e-05
9.845929214352104886e-01 2.848985904743246703e-07 2.044065061549029308e-05 2.072554920596461690e-05
9.838595457746843742e-01 2.923869210812375412e-07 2.045565235212265507e-05 2.074803927320389255e-05
9.831104334056368632e-01 3.006624293878771557e-07 2.049083198577402533e-05 2.079149441516190238e-05
9.823457035736389287e-01 3.096075564196530566e-07 2.054064393125852771e-05 2.085025148767818113e-05
9.815654780102885946e-01 3.191229063108765183e-07 2.060018018498295108e-05 2.091930309129382733e-05
9.807698809138325480e-01 3.291375742634018708e-07 2.066538020669764084e-05 2.099451778096104361e-05
9.799590389293966197e-01 3.396110237261790938e-07 2.073311436177910987e-05 2.107272538550528812e-05
9.791330811288256886e-01 3.505295574700391070e-07 2.080116358458037007e-05 2.115169314205041050e-05
9.782921389901381160e-01 3.619003769741245951e-07 2.086812293916587069e-05 2.123002331613999539e-05
9.774363463765962656e-01 3.737453714635241278e-07 2.093325810407130284e-05 2.130700347553482623e-05
9.765658395153979932e-01 3.860957913270743359e-07 2.099634174622087450e-05 2.138243753754795042e-05
9.756807569759921028e-01 3.989882057506981447e-07 2.105749207164585936e-05 2.145648027739655692e-05
9.747812396480195485e-01 4.124616907719948989e-07 2.111702965307148990e-05 2.152949134384348379e-05
9.738674307188874835e-01 4.265560169226101799e-07 2.117536208206914758e-05 2.160191809899175786e-05
9.729394756509750497e-01 4.413105858654058631e-07 2.123290003501077325e-05 2.167421062087617758e-05
9.719975221584795655e-01 4.567639148204077160e-07 2.129000361923445362e-05 2.174676753405486239e-05
9.710417201839020018e-01 4.729535102141330893e-07 2.134695467187424677e-05 2.181990818208837975e-05
9.700722218741794078e-01 4.899160236550725787e-07 2.140394900685844699e-05 2.189386503051351978e-05
9.690891815564652845e-01 5.076875760385502265e-07 2.146110221765864701e-05 2.196878979369719555e-05
9.680927557135641237e-01 5.263041893970392789e-07 2.151846319884371809e-05 2.204476738824075568e-05
9.670831029590210015e-01 5.458022399864049125e-07 2.157603067291958900e-05 2.212183291290599455e-05
9.660603840118742180e-01 5.662188918837615642e-07 2.163376936247476102e-05 2.219998825435852364e-05
9.650247616710709853e-01 5.875924812078840498e-07 2.169162376780222099e-05 2.227921624901010430e-05
9.639764007895526010e-01 6.099628266351304217e-07 2.174952862571984910e-05 2.235949145235498122e-05
9.629154682480134397e-01 6.333714812821184433e-07 2.180741595141290373e-05 2.244078743269502238e-05
9.618421329283355359e-01 6.578619206064771975e-07 2.186521908883420727e-05 2.252308100944068288e-05
9.607565656867063097e-01 6.834796875403026294e-07 2.192287445251562099e-05 2.260635414005592383e-05
9.596589393264207679e-01 7.102725172158069931e-07 2.198032169803253454e-05 2.269059421524834068e-05
9.585494285703746176e-01 7.382904367186241509e-07 2.203750298006510182e-05 2.277579341678372438e-05
9.574282100332511813e-01 7.675858774998893903e-07 2.209436181087253787e-05 2.286194768837242832e-05
9.562954621934074417e-01 7.982137845384103128e-07 2.215084186807846024e-05 2.294905565261687024e-05
9.551513653644635449e-01 8.302317457018743375e-07 2.220688595202515244e-05 2.303711769772702551e-05
9.539961016665999827e-01 8.637001366468750932e-07 2.226243517719383893e-05 2.312613531384071413e-05
9.528298549975672271e-01 8.986822826516335278e-07 2.231742840397985596e-05 2.321611068663149055e-05
9.516528110034123689e-01 9.352446399905407585e-07 2.237180187296983902e-05 2.330704651296037946e-05
9.504651570489275336e-01 9.734569959189119924e-07 2.242548898626144468e-05 2.339894598218035773e-05
9.492670821878250731e-01 1.013392685969006482e-06 2.247842018030779456e-05 2.349181286627680104e-05
9.480587771326427493e-01 1.055128824845455581e-06 2.253052284414202113e-05 2.358565166898747502e-05
9.468404342243863514e-01 1.098746556692439127e-06 2.258172124986937814e-05 2.368046780656181578e-05
9.456122474019119650e-01 1.144331316557277680e-06 2.263193647470215395e-05 2.377626779125943036e-05
9.443744121710546668e-01 1.191973107710387203e-06 2.268108630384008343e-05 2.387305941155047105e-05
9.431271255735067527e-01 1.241766788505128657e-06 2.272908511040177079e-05 2.397085189890689881e-05
9.418705861554530490e-01 1.293812375638013911e-06 2.277584371247276876e-05 2.406965608811078352e-05
9.406049939359651946e-01 1.348215348332493093e-06 2.282126920937133834e-05 2.416948455770383207e-05
9.393305503751621099e-01 1.405086969039116359e-06 2.286526479943069270e-05 2.427035176846980779e-05
9.380474583421416490e-01 1.464544601655491929e-06 2.290772958135311842e-05 2.437227418300860971e-05
9.367559220826866540e-01 1.526712031391606889e-06 2.294855834053289388e-05 2.447527037192450035e-05
9.354561471867529621e-01 1.591719786243042267e-06 2.298764132114875614e-05 2.457936110739179778e-05
9.341483405557433617e-01 1.659705438951911083e-06 2.302486398439902048e-05 2.468456942335093220e-05
9.328327103695719380e-01 1.730813910395338302e-06 2.306010675322690395e-05 2.479092066362224161e-05
9.315094660535259141e-01 1.805197732131605755e-06 2.309324474375366919e-05 2.489844247588527516e-05
9.301788182449284292e-01 1.883017297647147543e-06 2.312414748403381282e-05 2.500716478168096206e-05
9.288409787596092482e-01 1.964441064447324957e-06 2.315267862111726208e-05 2.511711968556458704e-05
9.274961605581870661e-01 2.049645712613403522e-06 2.317869561779999570e-05 2.522834133041339965e-05
9.261445777121699585e-01 2.138816244678987345e-06 2.320204944110080289e-05 2.534086568577978939e-05
9.247864453698787512e-01 2.232146017171299434e-06 2.322258424510645567e-05 2.545473026227775595e-05
9.234219797221998594e-01 2.329836687114061360e-06 2.324013705136665207e-05 2.556997373848071513e-05
9.220513979681705941e-01 2.432098068538161701e-06 2.325453743093115636e-05 2.568663549946931636e-05
9.206749182804053744e-01 2.539147874329013206e-06 2.326560719262213162e-05 2.580475506695114525e-05
9.192927597703665077e-01 2.651211341762514387e-06 2.327316008309413537e-05 2.592437142485664849e-05
9.179051424534854231e-01 2.768520714136956983e-06 2.327700150485282287e-05 2.604552221898978070e-05
9.165122872141397981e-01 2.891314580357492490e-06 2.327692825931413994e-05 2.616824283967163412e-05
9.151144157704927951e-01 3.019837032493209022e-06 2.327272832270809583e-05 2.629256535520130527e-05
9.137117506391997379e-01 3.154336662719556423e-06 2.326418066341767683e-05 2.641851732613723368e-05
9.123045150999871122e-01 3.295065349401238231e-06 2.325105511005178763e-05 2.654612045945302671e-05
9.108929331601098855e-01 3.442276850547747559e-06 2.323311228025223374e-05 2.667538913079998172e-05
9.094772295186941413e-01 3.596225169546159758e-06 2.321010358083332943e-05 2.680632875037948918e-05
9.080576295309689128e-01 3.757162705716719390e-06 2.318177129023696716e-05 2.693893399595368655e-05
9.066343591723928785e-01 3.925338165421989045e-06 2.314784873476679401e-05 2.707318690018878306e-05
9.052076450026839138e-01 4.100994242617189147e-06 2.310806057017136895e-05 2.720905481278855810e-05
9.037777141297539396e-01 4.284365056067147148e-06 2.306212318018380662e-05 2.734648823625095376e-05
9.023447941735580624e-01 4.475673361553094321e-06 2.300974520339386172e-05 2.748541856494695604e-05
9.009091132298606697e-01 4.675127527537285642e-06 2.295062819947354862e-05 2.762575572701083426e-05
8.994708998339275841e-01 4.882918299591144157e-06 2.288446746499380401e-05 2.776738576458494902e-05
8.980303829241460534e-01 5.099215364822792202e-06 2.281095300816989745e-05 2.791016837299268796e-05
8.965877918055829010e-01 5.324163729783559500e-06 2.272977069064931833e-05 2.805393442043287953e-05
8.951433561134822803e-01 5.557879953703750750e-06 2.264060354287145550e-05 2.819848349657520456e-05
8.936973057767125805e-01 5.800448252420540524e-06 2.254313325772228113e-05 2.834358151014282335e-05
8.922498709811648165e-01 6.051916515497098552e-06 2.243704186510543294e-05 2.848895838060253150e-05
8.908012821331120490e-01 6.312292287593256983e-06 2.232201358759085816e-05 2.863430587518411599e-05
8.893517698225321677e-01 6.581538740630496525e-06 2.219773687468583646e-05 2.877927561531633298e-05
8.879015647864018090e-01 6.859570716648392296e-06 2.206390661035784076e-05 2.892347732700623305e-05
8.864508978719679577e-01 7.146250866889101628e-06 2.192022648528336136e-05 2.906647735217246129e-05
8.850000000000000089e-01 7.441385977373095861e-06 2.176641152209449559e-05 2.920779749946759060e-05
8.835491021280320600e-01 7.744723519695513174e-06 2.160219073851245885e-05 2.934691425820797203e-05
8.820984352135982087e-01 8.055948510927131160e-06 2.142730992978579812e-05 2.948325844071293097e-05
8.806482301774679611e-01 8.374680738030420185e-06 2.124153454851522240e-05 2.961621528654564259e-05
8.791987178668879688e-01 8.700472412132002721e-06 2.104465265658597196e-05 2.974512506871797638e-05
8.777501290188352012e-01 9.032806334415260913e-06 2.083647792075017712e-05 2.986928425516543803e-05
8.763026942232875482e-01 9.371094610164755194e-06 2.061685262053954007e-05 2.998794723070429696e-05
8.748566438865177375e-01 9.714677993446460511e-06 2.038565063444347319e-05 3.010032862788993539e-05
8.734122081944171168e-01 1.006282590007049428e-05 2.014278036819334164e-05 3.020560626826383592e-05
8.719696170758539644e-01 1.041473714072064297e-05 1.988818758700217559e-05 3.030292472772281686e-05
8.705291001660725447e-01 1.076954141408227619e-05 1.962185811251037780e-05 3.039139952659265399e-05
8.690908867701393481e-01 1.112630158567499020e-05 1.934382034432414880e-05 3.047012192999913900e-05
8.676552058264420664e-01 1.148401677171889172e-05 1.905414756598835011e-05 3.053816433770724522e-05
8.662222858702460782e-01 1.184162623199375199e-05 1.875295999577454101e-05 3.059458622776829300e-05
8.647923549973162149e-01 1.219801408073797679e-05 1.844042654390687743e-05 3.063844062464485762e-05
8.633656408276071392e-01 1.255201478407296904e-05 1.811676623970163630e-05 3.066878102377460364e-05
8.619423704690312160e-01 1.290241941114848712e-05 1.778224929485177724e-05 3.068466870600026098e-05
8.605227704813058764e-01 1.324798262980647916e-05 1.743719777222737293e-05 3.068518040203385548e-05
8.591070668398902432e-01 1.358743034220088390e-05 1.708198583365815715e-05 3.066941617585904105e-05
8.576954849000129055e-01 1.391946794864886162e-05 1.671703954465576748e-05 3.063650749330463249e-05
8.562882493608001688e-01 1.424278911934963090e-05 1.634283621922411457e-05 3.058562533857374886e-05
8.548855842295072227e-01 1.455608501766131804e-05 1.595990329349604648e-05 3.051598831115736452e-05
8.534877127858603307e-01 1.485805386730275471e-05 1.556881672303814498e-05 3.042687059034089968e-05
8.520948575465145947e-01 1.514741076636911780e-05 1.517019890497871892e-05 3.031760967134783841e-05
8.507072402296335101e-01 1.542289763050864524e-05 1.476471613273919372e-05 3.018761376324784066e-05
8.493250817195946434e-01 1.568329318027666180e-05 1.435307559790585446e-05 3.003636877818251626e-05
8.479486020318295347e-01 1.592742281199187814e-05 1.393602196036125711e-05 2.986344477235313525e-05
8.465780202778001584e-01 1.615416829529483622e-05 1.351433351448748923e-05 2.966850180978232714e-05
8.452135546301212665e-01 1.636247712558425746e-05 1.308881798549106932e-05 2.945129511107532678e-05
8.438554222878301703e-01 1.655137145687082467e-05 1.266030799587923209e-05 2.921167945275005676e-05
8.425038394418129517e-01 1.671995649440402281e-05 1.222965624752554348e-05 2.894961274192956629e-05
8.411590212403907696e-01 1.686742823428566800e-05 1.179773046954412128e-05 2.866515870382978928e-05
8.398211817550715885e-01 1.699308048184292210e-05 1.136540818636679100e-05 2.835848866820971309e-05
8.384905339464741036e-01 1.709631101638627016e-05 1.093357136351911283e-05 2.802988237990538129e-05
8.371672896304280798e-01 1.717662688577910939e-05 1.050310099107143978e-05 2.767972787685054917e-05
8.358516594442566561e-01 1.723364869911845184e-05 1.007487166599635629e-05 2.730852036511480812e-05
8.345438528132470557e-01 1.726711391737572836e-05 9.649746235052965204e-06 2.691686015242869187e-05
8.332440779173133638e-01 1.727687907826753815e-05 9.228570559110701774e-06 2.650544963737823823e-05
8.319525416578583688e-01 1.726292091751838913e-05 8.812168458024330836e-06 2.607508937554271997e-05
8.306694496248377968e-01 1.722533640964767220e-05 8.401336892486339984e-06 2.562667330213401219e-05
8.293950060640348232e-01 1.716434169458221231e-05 7.996841435470344574e-06 2.516118313005255688e-05
8.281294138445469688e-01 1.708026993039616297e-05 7.599412081389182547e-06 2.467968201178534637e-05
8.268728744264932651e-01 1.697356810685545810e-05 7.209739435644687563e-06 2.418330754250014566e-05
8.256255878289453509e-01 1.684479284572754735e-05 6.828471321461048901e-06 2.367326416718859710e-05
8.243877525980879417e-01 1.669460527979725747e-05 6.456209834444825288e-06 2.315081511424208106e-05
8.231595657756136664e-01 1.652376506220783116e-05 6.093508868764158990e-06 2.261727393097199185e-05
8.219412228673572685e-01 1.633312360171574359e-05 5.740872132130508804e-06 2.207399573384625070e-05
8.207329178121749447e-01 1.612361662276228522e-05 5.398751660071121405e-06 2.152236828283340662e-05
8.195348429510723731e-01 1.589625615266248811e-05 5.067546833241806867e-06 2.096380298590429329e-05
8.183471889965876489e-01 1.565212204381294755e-05 4.747603894839994969e-06 2.039972593865294252e-05
8.171701450024327906e-01 1.539235316369714691e-05 4.439215958213262003e-06 1.983156912191040975e-05
8.160038983334000351e-01 1.511813834491487130e-05 4.142623487607050001e-06 1.926076183252192130e-05
8.148486346355364729e-01 1.483070723237757947e-05 3.858015227613006661e-06 1.868872245999058613e-05
8.137045378065925760e-01 1.453132112212075499e-05 3.585529549529187385e-06 1.811685067164994323e-05
8.125717899667488364e-01 1.422126389967173452e-05 3.325256176550193650e-06 1.754652007622192690e-05
8.114505714296254002e-01 1.390183317142778105e-05 3.077238245623916083e-06 1.697907141705169671e-05
8.103410606735792499e-01 1.357433166334970176e-05 2.841474664031193070e-06 1.641580632738089314e-05
8.092434343132937080e-01 1.324005898253873429e-05 2.617922725532200241e-06 1.585798170807093538e-05
8.081578670716644819e-01 1.290030381004859430e-05 2.406500966126606087e-06 1.530680477617520039e-05
8.070845317519865780e-01 1.255633660604510321e-05 2.207092264271195286e-06 1.476342887031629892e-05
8.060235992104474168e-01 1.220940296209931450e-05 2.019547223651856426e-06 1.422895018575117135e-05
8.049752383289290325e-01 1.186071768226981576e-05 1.843687914347911177e-06 1.370440559661772673e-05
8.039396159881257997e-01 1.151145979045806426e-05 1.679312083037984828e-06 1.319077187349604867e-05
8.029168970409790163e-01 1.116276859009312605e-05 1.526197963657563764e-06 1.268896655375068982e-05
8.019072442864360051e-01 1.081574094518786030e-05 1.384109813223622979e-06 1.219985075841148285e-05
8.009108184435347333e-01 1.047142991510820127e-05 1.252804249434028949e-06 1.172423416454223001e-05
7.999277781258206099e-01 1.013084472766823762e-05 1.132037366101816899e-06 1.126288209377005495e-05
7.989582798160980159e-01 9.794952048774829254e-06 1.021572444692072591e-06 1.081652449346690184e-05
7.980024778415204523e-01 9.464678145135748901e-06 9.211878706840126766e-07 1.038586601581976190e-05
7.970605243490248570e-01 9.140911525626704641e-06 8.306846202255793277e-07 9.971596145852283969e-06
7.961325692811125343e-01 8.824505152235702178e-06 7.498924371360658898e-07 9.574397589371768492e-06
7.952187603519804693e-01 8.516277300820261964e-06 6.786736156977098921e-07 9.194950916517971115e-06
7.943192430240079149e-01 8.217009873751602808e-06 6.169231904992113867e-07 8.833933064250813983e-06
7.934341604846020246e-01 7.927442923193250211e-06 5.645643593709786768e-07 8.492007282564228253e-06
7.925636536234037521e-01 7.648264324428463013e-06 5.215381676524759030e-07 8.169802492080939339e-06
7.917078610098619018e-01 7.380093803901506843e-06 4.877868802954077833e-07 7.867880684196914309e-06
7.908669188711743292e-01 7.123460942544945898e-06 4.632310540145484903e-07 7.586691996559493965e-06
7.900409610706035091e-01 6.878777589077755104e-06 4.477410545251647911e-07 7.326518643602919789e-06
7.892301190861674698e-01 6.646305702322832990e-06 4.411045726066930270e-07 7.087410274929526229e-06
7.884345219897114232e-01 6.426122585994032398e-06 4.429924813275098667e-07 6.869115067321541895e-06
7.876542964263610891e-01 6.218086109565711418e-06 4.529260358261988318e-07 6.671012145391909932e-06
7.868895665943631546e-01 6.021803158503877359e-06 4.702488388886813313e-07 6.492051997392558584e-06
7.861404542253156436e-01 5.836604829690615390e-06 4.941070905349586406e-07 6.330711920225574454e-06
7.854070785647895292e-01 5.661531848893260869e-06 5.234413520829007175e-07 6.184973200976161693e-06
7.846895563533476947e-01 5.495333406882900539e-06 5.569923734476216470e-07 6.052325780330521974e-06
7.839880018079613544e-01 5.336481755214319299e-06 5.933224963111068073e-07 5.929804251525426212e-06
7.833025266038290413e-01 5.183203961625525421e-06 6.308528431301536043e-07 5.814056804755679131e-06
7.826332398565993831e-01 5.033530925449580963e-06 6.679150604687334100e-07 5.701445985918314585e-06
7.819802481050026621e-01 4.885362485193045612e-06 7.028149571865740547e-07 5.588177442379620090e-06
7.813436552938909374e-01 4.736545918408724957e-06 7.339041216138069721e-07 5.470450040022531505e-06
7.807235627576920578e-01 4.584964289002568723e-06 7.596546608335877478e-07 5.344618949836156683e-06
7.801200692042790097e-01 4.428629881752967096e-06 7.787316907785300328e-07 5.207361572531497341e-06
7.795332706992577076e-01 4.265777556840101883e-06 7.900581826264002318e-07 5.055835739466501797e-06
7.789632606506744494e-01 4.094952707101257115e-06 7.928672492262709338e-07 4.887819956327528154e-06
7.784101297941472541e-01 3.915088536865554941e-06 7.867378900484830392e-07 4.701826426914037874e-06
7.778739661784224158e-01 3.725568163110995814e-06 7.716115102817686701e-07 4.497179673392764273e-06
7.773548551513586036e-01 3.526267663847903832e-06 7.477880580189534715e-07 4.274055721866856986e-06
7.768528793463410631e-01 3.317577528202017376e-06 7.159022303938115983e-07 4.033479758595829292e-06
7.763681186691275826e-01 3.100400899913450893e-06 6.768817290910577711e-07 3.777282629004508558e-06
7.759006502851291120e-01 2.876128522100350745e-06 6.318908557183471560e-07 3.508019377818698006e-06
7.754505486071264775e-01 2.646591279228749312e-06 5.822637146046666455e-07 3.228854993833415852e-06
7.750178852834248566e-01 2.413992621023522433e-06 5.294318605598946220e-07 2.943424481583417055e-06
7.746027291864489017e-01 2.180823794476117710e-06 4.748513628106749160e-07 2.655675157286792468e-06
7.742051464017792872e-01 1.949766056581973106e-06 4.199339696381617430e-07 2.369700026220134796e-06
7.738252002176330135e-01 1.723584145914942630e-06 3.659864074693743078e-07 2.089570553384317149e-06
7.734629511147893544e-01 1.505016103621758246e-06 3.141609208503633791e-07 1.819177024472121731e-06
7.731184567569620025e-01 1.296664383145628769e-06 2.654190632191911026e-07 1.562083446364819766e-06
7.727917719816200792e-01 1.100893260888731771e-06 2.205095966641600138e-07 1.321402857552891705e-06
7.724829487912591164e-01 9.197372026429636690e-07 1.799602604029441294e-07 1.099697463045907746e-06
7.721920363451232339e-01 7.548243602539240850e-07 1.440822144639732171e-07 8.989065747178972756e-07
7.719190809513793994e-01 6.073186975556324901e-07 1.129852248741589863e-07 7.203039224297914499e-07
7.716641260597466578e-01 4.778832528490829053e-07 8.660116881123533278e-08 5.644844216603182778e-07
7.714272122545789978e-01 3.666663521389188451e-07 6.471321274497916853e-08 4.313795648838980401e-07
7.712083772484055189e-01 2.733111173781821376e-07 4.698803705756987027e-08 3.202991544357520013e-07
7.710076558759272336e-01 1.969879607017142317e-07 3.300870913163356994e-08 2.299966698333478149e-07
7.708250800884716147e-01 1.364482860246353019e-07 2.230619121077167441e-08 1.587544772354069763e-07
7.706606789489069964e-01 9.009690578185085247e-08 1.438795029840947915e-08 1.044848560802603349e-07
7.705144786270157198e-01 5.607963449933844165e-08 8.762656188716300267e-09 6.484229068805474853e-08
7.703865023953290203e-01 3.238188809875330394e-08 4.960457810013623268e-09 3.734234590876693051e-08
7.702767706254219915e-01 1.693358133725358287e-08 2.548775301316623498e-09 1.948235663857020761e-08
7.701853007846706234e-01 7.715374485354694660e-09 1.143906228517797177e-09 8.859280713872492458e-09
7.701121074334720262e-01 2.861190157063987360e-09 4.190027231961596806e-10 3.280192880260147093e-09
7.700572022229258407e-01 7.522470135169101421e-10 1.091275973981646976e-10 8.613746109150748139e-10
7.700205938929801652e-01 9.814067654984337957e-11 1.414677453259431057e-11 1.122874510824376885e-10
7.700022882710401140e-01 1.215689036700291328e-12 1.746709173785010736e-13 1.390359954078792377e-12
