4.032248837616774113e-03 3.634457434681225368e-29
8.064497675233548227e-03 -8.131169587886958702e-28
1.209674651285032321e-02 4.217116060583511117e-27
1.612899535046709645e-02 1.862642783414832658e-26
2.016124418808386970e-02 -5.156530460620259774e-25
2.419349302570064641e-02 3.783325213003503953e-24
2.822574186331741966e-02 -8.900274138534713875e-24
3.225799070093419291e-02 4.921031724962410672e-22
3.629023953855096962e-02 3.225904743149174617e-20
4.032248837616773940e-02 8.562805862630593423e-19
4.435473721378451611e-02 2.491030861380972581e-17
4.838698605140129283e-02 3.604568262184814308e-16
5.241923488901806261e-02 3.431816413120116532e-15
5.645148372663483932e-02 2.461701472194501976e-14
6.048373256425160910e-02 1.109802103464701685e-13
6.451598140186838581e-02 3.741887965698919836e-13
6.854823023948515559e-02 8.295318444352148862e-13
7.258047907710193924e-02 2.982852066021556200e-12
7.661272791471870902e-02 2.574498228414813787e-12
8.064497675233547880e-02 3.120124573447470093e-12
8.467722558995226245e-02 3.352572403861913514e-12
8.870947442756903223e-02 2.898300559558430269e-11
9.274172326518580201e-02 3.894081182135634957e-12
9.677397210280258566e-02 3.866213993127230767e-12
1.008062209404193554e-01 3.636203222474197981e-12
1.048384697780361252e-01 3.551053333518237892e-12
1.088707186156528950e-01 4.067486178071888566e-12
1.129029674532696786e-01 3.854286189916160994e-12
1.169352162908864484e-01 3.832916988636450506e-12
1.209674651285032182e-01 3.103005074690617191e-12
1.249997139661200019e-01 4.214464314025186817e-12
1.290319628037367716e-01 3.227225924768610605e-12
1.330642116413535414e-01 3.366278476021212222e-12
1.370964604789703112e-01 3.036899308925829840e-12
1.411287093165870810e-01 3.087619552587992336e-12
1.451609581542038785e-01 3.161295785748134720e-12
1.491932069918206483e-01 3.254377440740674574e-12
1.532254558294374180e-01 3.625115858846807959e-12
1.572577046670541878e-01 3.060558385464645680e-12
1.612899535046709576e-01 3.005523587365021685e-12
1.653222023422877274e-01 2.967902339904569251e-12
1.693544511799045249e-01 2.923531290861109983e-12
1.733867000175212947e-01 3.368130569328259664e-12
1.774189488551380645e-01 4.019803977041452034e-12
1.814511976927548342e-01 2.656776336114692821e-12
1.854834465303716040e-01 2.664824928643195803e-12
1.895156953679883738e-01 3.018905991276804707e-12
1.935479442056051713e-01 2.882370980829752997e-12
1.975801930432219411e-01 3.023332666728903654e-12
2.016124418808387109e-01 2.249975296454853119e-12
2.056446907184554806e-01 2.732317798124945287e-12
2.096769395560722504e-01 2.498102172746824303e-12
2.137091883936890202e-01 2.620626255575529906e-12
2.177414372313057900e-01 1.858984380670003134e-12
2.217736860689225875e-01 2.302926821576736004e-12
2.258059349065393573e-01 2.273469445387208826e-12
2.298381837441561271e-01 2.311478089101159000e-12
2.338704325817728968e-01 2.737279338852116221e-12
2.379026814193896666e-01 2.144050931668516504e-12
2.419349302570064364e-01 2.426454446850538666e-12
2.459671790946232339e-01 2.454737293327811491e-12
2.499994279322400037e-01 2.624025359372752238e-12
2.540316767698567735e-01 2.074467266932415990e-12
2.580639256074735433e-01 2.187327642210429253e-12
2.620961744450903130e-01 2.267703422142427913e-12
2.661284232827070828e-01 1.531345804370192007e-12
2.701606721203238526e-01 2.168783340482070403e-12
2.741929209579406224e-01 1.915293232415638905e-12
2.782251697955573921e-01 2.206695746309051291e-12
2.822574186331741619e-01 2.009461074236626614e-12
2.862896674707909872e-01 1.928450476813888538e-12
2.903219163084077570e-01 2.187610989597602372e-12
2.943541651460245268e-01 1.879877211441416287e-12
2.983864139836412965e-01 1.932766120043889843e-12
3.024186628212580663e-01 1.893246162816006866e-12
3.064509116588748361e-01 1.799995091048399644e-12
3.104831604964916059e-01 1.941580303557561708e-12
3.145154093341083756e-01 1.990278738005263522e-12
3.185476581717251454e-01 2.504360777730631534e-12
3.225799070093419152e-01 1.998686591629111021e-12
3.266121558469586850e-01 2.028681799050562683e-12
3.306444046845754547e-01 4.228899956740922868e-12
3.346766535221922245e-01 1.912816484338286602e-12
3.387089023598090498e-01 1.857538147377000101e-12
3.427411511974258196e-01 1.631672484418131505e-12
3.467734000350425894e-01 1.741273662756835344e-12
3.508056488726593591e-01 1.929083104592265097e-12
3.548378977102761289e-01 1.711089313293371765e-12
3.588701465478928987e-01 1.929426495312074429e-12
3.629023953855096685e-01 2.180945349075956107e-12
3.669346442231264382e-01 1.992338447861582096e-12
3.709668930607432080e-01 1.847125022316528736e-12
3.749991418983599778e-01 1.829395301907550359e-12
3.790313907359767476e-01 1.728108206517357223e-12
3.830636395735935174e-01 1.914736711927337872e-12
3.870958884112103426e-01 2.144286336277128424e-12
3.911281372488271124e-01 1.825705037491983725e-12
3.951603860864438822e-01 1.723870773114090048e-12
3.991926349240606520e-01 1.731691662175652724e-12
4.032248837616774217e-01 1.651700087719316125e-12
4.072571325992941915e-01 1.833685721428038216e-12
4.112893814369109613e-01 -2.883509752641640016e-12
4.153216302745277311e-01 1.697083675743728242e-12
4.193538791121445009e-01 2.529558739160154777e-12
4.233861279497612706e-01 1.530581850323955497e-12
4.274183767873780404e-01 1.835688859997432080e-12
4.314506256249948102e-01 2.208932717389623645e-12
4.354828744626115800e-01 1.568179339190006035e-12
4.395151233002284052e-01 1.670550173366052612e-12
4.435473721378451750e-01 1.846736238034332941e-12
4.475796209754619448e-01 1.548748443216107572e-12
4.516118698130787146e-01 1.711524251228804862e-12
4.556441186506954844e-01 1.527245496962278567e-12
4.596763674883122541e-01 1.578733467594446518e-12
4.637086163259290239e-01 1.428608609948085524e-12
4.677408651635457937e-01 1.622453544294534294e-12
4.717731140011625635e-01 1.611411465822302402e-12
4.758053628387793332e-01 2.061285048808167199e-12
4.798376116763961030e-01 1.418334960717909358e-12
4.838698605140128728e-01 1.420300971117419257e-12
4.879021093516296426e-01 1.702381357317628484e-12
4.919343581892464679e-01 1.398793469636206213e-12
4.959666070268632376e-01 1.651031278394266792e-12
4.999988558644800074e-01 1.400608020803312589e-12
5.040311047020967772e-01 1.649999340834952980e-12
5.080633535397135470e-01 1.445835849036928975e-12
5.120956023773303167e-01 1.392061871579143180e-12
5.161278512149470865e-01 1.703951742423329748e-12
5.201601000525638563e-01 1.758850572612282427e-12
5.241923488901806261e-01 1.983575525780773839e-12
5.282245977277973958e-01 2.195612271757397748e-12
5.322568465654141656e-01 2.368640613642221964e-12
5.362890954030309354e-01 3.042052489694380686e-12
5.403213442406477052e-01 3.876888432697200703e-12
5.443535930782644749e-01 5.300581619120754168e-12
5.483858419158812447e-01 8.035884391455375734e-12
5.524180907534980145e-01 1.248172752680637642e-11
5.564503395911147843e-01 1.903367529396225023e-11
5.604825884287315541e-01 2.812603208533934916e-11
5.645148372663483238e-01 3.959826796412719260e-11
5.685470861039652046e-01 5.283909176202499212e-11
5.725793349415819744e-01 6.736728930561707800e-11
5.766115837791987442e-01 8.330426879699028530e-11
5.806438326168155140e-01 1.034528386490017975e-10
5.846760814544322837e-01 1.371512119280589788e-10
5.887083302920490535e-01 1.976478152431314100e-10
5.927405791296658233e-01 3.021369960515879469e-10
5.967728279672825931e-01 4.694718195467022059e-10
6.008050768048993628e-01 7.216042128033045576e-10
6.048373256425161326e-01 1.069794252627256521e-09
6.088695744801329024e-01 1.504379317294590001e-09
6.129018233177496722e-01 1.992510397137208035e-09
6.169340721553664419e-01 2.500866902693665805e-09
6.209663209929832117e-01 3.012977496767462643e-09
6.249985698305999815e-01 3.555772644116820616e-09
6.290308186682167513e-01 4.436659844572249492e-09
6.330630675058335211e-01 6.452402926650498573e-09
6.370953163434502908e-01 1.044105174439646986e-08
6.411275651810670606e-01 1.708462679647629060e-08
6.451598140186838304e-01 2.713382998683357963e-08
6.491920628563006002e-01 4.114143616801632809e-08
6.532243116939173699e-01 5.823306961331973048e-08
6.572565605315341397e-01 7.704655170857363376e-08
6.612888093691509095e-01 9.505439372251600198e-08
6.653210582067676793e-01 1.088137715583744427e-07
6.693533070443844490e-01 1.171359217363189537e-07
6.733855558820013298e-01 1.311023953100547511e-07
6.774178047196180996e-01 1.951356564876755970e-07
6.814500535572348694e-01 3.377650664620706955e-07
6.854823023948516392e-01 5.802228576798950076e-07
6.895145512324684089e-01 9.552097040343220132e-07
6.935468000700851787e-01 1.477458507843465437e-06
6.975790489077019485e-01 2.155526518811119810e-06
7.016112977453187183e-01 2.980838610032952959e-06
7.056435465829354881e-01 3.913439049187014889e-06
7.096757954205522578e-01 4.877964004764132144e-06
7.137080442581690276e-01 5.737908711091126018e-06
7.177402930957857974e-01 6.354091757879940525e-06
7.217725419334025672e-01 6.774354298631723011e-06
7.258047907710193369e-01 7.945245571271529963e-06
7.298370396086361067e-01 1.205336008321128625e-05
7.338692884462528765e-01 2.055953977421780596e-05
7.379015372838696463e-01 3.464014139937365556e-05
7.419337861214864160e-01 5.562929082996019738e-05
7.459660349591031858e-01 8.487992976083928070e-05
7.499982837967199556e-01 1.239946799537285950e-04
7.540305326343367254e-01 1.741416532849083458e-04
7.580627814719534951e-01 2.361601268117689194e-04
7.620950303095702649e-01 3.103498661479601778e-04
7.661272791471870347e-01 3.954918060865293249e-04
7.701595279848038045e-01 4.724996476430860012e-04
7.741917768224206853e-01 6.229058189866891080e-04
7.782240256600374551e-01 7.482508999156758326e-04
7.822562744976542248e-01 8.629446849673154353e-04
7.862885233352709946e-01 9.729709564261058248e-04
7.903207721728877644e-01 1.079879738226671368e-03
7.943530210105045342e-01 1.178849451463716931e-03
7.983852698481213039e-01 1.265490373564291020e-03
8.024175186857380737e-01 1.339082708259908090e-03
8.064497675233548435e-01 1.397953633249812136e-03
8.104820163609716133e-01 1.439439459477849254e-03
8.145142651985883830e-01 1.467554351027512650e-03
8.185465140362051528e-01 1.480029292498653230e-03
8.225787628738219226e-01 1.478241157592323669e-03
8.266110117114386924e-01 1.463971770211616166e-03
8.306432605490554621e-01 1.435692235076088067e-03
8.346755093866722319e-01 1.397554931201813212e-03
8.387077582242890017e-01 1.347456461098997440e-03
8.427400070619057715e-01 1.289303992871293318e-03
8.467722558995225413e-01 1.222849995918888185e-03
8.508045047371393110e-01 1.149429773481734163e-03
8.548367535747560808e-01 1.072625490570319404e-03
8.588690024123728506e-01 9.911761547657898901e-04
8.629012512499896204e-01 9.079510522069489907e-04
8.669335000876063901e-01 8.251203612698710483e-04
8.709657489252231599e-01 7.424634693669326458e-04
8.749979977628399297e-01 6.615188914754888518e-04
8.790302466004568105e-01 5.835452514245238710e-04
8.830624954380735803e-01 5.100070492144252168e-04
8.870947442756903500e-01 4.409493013339303518e-04
8.911269931133071198e-01 3.768783872371459192e-04
8.951592419509238896e-01 3.182355557465430147e-04
8.991914907885406594e-01 2.652532890890119143e-04
9.032237396261574292e-01 2.180068513445781130e-04
9.072559884637741989e-01 1.764432851657914570e-04
9.112882373013909687e-01 1.406190063712837394e-04
9.153204861390077385e-01 1.100654010130720843e-04
9.193527349766245083e-01 8.444390234247555133e-05
9.233849838142412780e-01 6.346601418013333691e-05
9.274172326518580478e-01 4.685460062648945102e-05
9.314494814894748176e-01 3.415361935979146406e-05
9.354817303270915874e-01 2.523878193984932449e-05
9.395139791647083571e-01 1.974518291549707137e-05
9.435462280023251269e-01 1.651415408211244731e-05
9.475784768399418967e-01 1.444471377219732177e-05
9.516107256775586665e-01 1.293207654028519202e-05
9.556429745151754362e-01 1.161739324517485629e-05
9.596752233527922060e-01 1.029678825577039393e-05
9.637074721904089758e-01 8.905656008584937876e-06
9.677397210280257456e-01 7.475218894463084085e-06
9.717719698656425154e-01 6.066008629787718502e-06
9.758042187032592851e-01 4.746371633585262396e-06
9.798364675408760549e-01 3.574957472226238231e-06
9.838687163784929357e-01 2.588143451560687965e-06
9.879009652161097055e-01 1.792335745630406962e-06
9.919332140537264753e-01 1.148152540666205677e-06
9.959654628913432450e-01 5.799715241462793018e-07
