3.989783754866879306e+00 6.829549246934332740e-02 3.980482648054447292e+00 2.722724722352746762e-01
3.983772166624915734e+00 6.829549246934332740e-02 3.974485074212207092e+00 2.718622269454883944e-01
3.977739281633532631e+00 6.829549246934332740e-02 3.968466253268185806e+00 2.714505283141249170e-01
3.971686044979489516e+00 6.427811055938195683e-02 3.963484010617936981e+00 2.551167134093185740e-01
3.965613404937752939e+00 6.427811055938195683e-02 3.957423911346473755e+00 2.547266443173459294e-01
3.959522312822945089e+00 6.026072864942058627e-02 3.952335271709204623e+00 2.384593167525592972e-01
3.953413722840311451e+00 6.026072864942058627e-02 3.946237769601289802e+00 2.380914314172846435e-01
3.947288591936242153e+00 6.026072864942058627e-02 3.940123756595834692e+00 2.377225499171920220e-01
3.941147879648360774e+00 5.624334673945921570e-02 3.934915978461361874e+00 2.215465000992642708e-01
3.934992547955202369e+00 5.624334673945921570e-02 3.928770379825692327e+00 2.212004861370348019e-01
3.928823561125520669e+00 5.624334673945921570e-02 3.922611147645549412e+00 2.208537045690728562e-01
3.922641885567225817e+00 5.222596482949783819e-02 3.917293497711942241e+00 2.047706404495992227e-01
3.916448489675990352e+00 5.222596482949783819e-02 3.911108546303872391e+00 2.044473313940689541e-01
3.910244343683546564e+00 5.222596482949783819e-02 3.904912859451989071e+00 2.041234611593198134e-01
3.904030419505692517e+00 5.222596482949783819e-02 3.898707407746916598e+00 2.037990804815204560e-01
3.897807690590037843e+00 4.820858291953646763e-02 3.893279183714879910e+00 1.878350086518633943e-01
3.891577131763503505e+00 4.820858291953646763e-02 3.887055863605779038e+00 1.875347585718213916e-01
3.885339719079613729e+00 4.820858291953646763e-02 3.880825697602193536e+00 1.872341782049982140e-01
3.879096429665588541e+00 4.820858291953646763e-02 3.874589661696109300e+00 1.869333146390684264e-01
3.872848241569272876e+00 4.820858291953646763e-02 3.868348732799065992e+00 1.866322150060713281e-01
3.866596133605918251e+00 4.419120100957509706e-02 3.862821283173264675e+00 1.708139182850550997e-01
3.860341085204847200e+00 4.419120100957509706e-02 3.856572341402249471e+00 1.705375901428001217e-01
3.854084076256018676e+00 4.419120100957509706e-02 3.850321440997504840e+00 1.702611753897813329e-01
3.847826086956521952e+00 4.419120100957509706e-02 3.844069561199181528e+00 1.699847173279883383e-01
3.841568097657025227e+00 4.419120100957509706e-02 3.837817681400857772e+00 1.697082592661953437e-01
3.835311088708196703e+00 4.017381909961371955e-02 3.832216532121022645e+00 1.540376515868155383e-01
3.829056040307125652e+00 4.017381909961371955e-02 3.825966530664198118e+00 1.537864299925361111e-01
3.822803932343771471e+00 4.017381909961371955e-02 3.819719467272570501e+00 1.535353264950968244e-01
3.816555744247455362e+00 4.017381909961371955e-02 3.813476320585199808e+00 1.532843804313308855e-01
3.810312454833430174e+00 4.017381909961371955e-02 3.807238068627572858e+00 1.530336311134086191e-01
3.804075042149540842e+00 4.017381909961371955e-02 3.801005688658386727e+00 1.527831178226789766e-01
3.797844483323006504e+00 3.615643718965234898e-02 3.795362315584696500e+00 1.372866087663635049e-01
3.791621754407351386e+00 3.615643718965234898e-02 3.789143653675214551e+00 1.370616660774635065e-01
3.785407830229498227e+00 3.615643718965234898e-02 3.782933790748998160e+00 1.368370416671552958e-01
3.779203684237053995e+00 3.615643718965234898e-02 3.776733699617434326e+00 1.366127707241679423e-01
3.773010288345818530e+00 3.615643718965234898e-02 3.770544351561106122e+00 1.363888883818580033e-01
3.766828612787523234e+00 3.615643718965234898e-02 3.764366716177627747e+00 1.361654297127053159e-01
3.760659625957841978e+00 3.615643718965234898e-02 3.758201761229755800e+00 1.359424297228188638e-01
3.754504294264683573e+00 3.213905527969097842e-02 3.752565411991106270e+00 1.206454490644913863e-01
3.748363581976801306e+00 3.213905527969097842e-02 3.746427870859059706e+00 1.204481263466350982e-01
3.742238451072732897e+00 3.213905527969097842e-02 3.740305903064366611e+00 1.202513043135297055e-01
3.736129861090099258e+00 3.213905527969097842e-02 3.734200467649128719e+00 1.200550137984991300e-01
3.730038768975291408e+00 3.213905527969097842e-02 3.728112521065555462e+00 1.198592855516019962e-01
3.723966128933554831e+00 3.213905527969097842e-02 3.722043017026126499e+00 1.196641502348142483e-01
3.717912892279511272e+00 3.213905527969097842e-02 3.715992906354190328e+00 1.194696384172258957e-01
3.711880007288128613e+00 3.213905527969097842e-02 3.709963136835011888e+00 1.192757805702521490e-01
3.705868419046164597e+00 2.812167336972960785e-02 3.704403162408062666e+00 1.042014857133373162e-01
3.699879069304120804e+00 2.812167336972960785e-02 3.698416180784223961e+00 1.040330773752618926e-01
3.693912896328703344e+00 2.812167336972960785e-02 3.692452366763191218e+00 1.038653207207443918e-01
3.687970834755845306e+00 2.812167336972960785e-02 3.686512654611353579e+00 1.036982420298470653e-01
3.682053815444284783e+00 2.812167336972960785e-02 3.680597974819399099e+00 1.035318674764251767e-01
3.676162765329745952e+00 2.812167336972960785e-02 3.674709253956552679e+00 1.033662231240267543e-01
3.670298607279723679e+00 2.812167336972960785e-02 3.668847414525417516e+00 1.032013349218095233e-01
3.664462259948915168e+00 2.812167336972960785e-02 3.663013374817465806e+00 1.030372287004758802e-01
3.658654637635303963e+00 2.410429145976823381e-02 3.657591819069335948e+00 8.818073807464330005e-02
3.652876650136932746e+00 2.410429145976823381e-02 3.651815510043790347e+00 8.804147726632559345e-02
3.647129202609376009e+00 2.410429145976823381e-02 3.646069732117369622e+00 8.790295253108225404e-02
3.641413195423944593e+00 2.410429145976823381e-02 3.640355385399832056e+00 8.776518556962423223e-02
3.635729524026633186e+00 2.410429145976823381e-02 3.634673365077049745e+00 8.762819796395271421e-02
3.630079078797847636e+00 2.410429145976823381e-02 3.629024561270778992e+00 8.749201117397827077e-02
3.624462744912920087e+00 2.410429145976823381e-02 3.623409858899212743e+00 8.735664653415901870e-02
3.618881402203439901e+00 2.410429145976823381e-02 3.617830137538354141e+00 8.722212525015840545e-02
3.613335925019424355e+00 2.410429145976823381e-02 3.612286271284227634e+00 8.708846839552326913e-02
3.607827182092345986e+00 2.410429145976823381e-02 3.606779128615943186e+00 8.695569690838252097e-02
3.602356036399041894e+00 2.008690954980685978e-02 3.601629314439697804e+00 7.235533393781566625e-02
3.596923345026520558e+00 2.008690954980685978e-02 3.596197719032172557e+00 7.224621529588574897e-02
3.591529959037697228e+00 2.008690954980685978e-02 3.590805421079066306e+00 7.213788612455072913e-02
3.586176723338068140e+00 2.008690954980685978e-02 3.585453265315428517e+00 7.203036339420959555e-02
3.580864476543352826e+00 2.008690954980685978e-02 3.580142090187799830e+00 7.192366394892768522e-02
3.575594050848116545e+00 2.008690954980685978e-02 3.574872727722863353e+00 7.181780450379786351e-02
3.570366271895406118e+00 2.008690954980685978e-02 3.569646003397104028e+00 7.171280164232207710e-02
3.565181958647406724e+00 2.008690954980685978e-02 3.564462736007493415e+00 7.160867181381345981e-02
3.560041923257144081e+00 2.008690954980685978e-02 3.559323737543218513e+00 7.150543133081932456e-02
3.554946970941261775e+00 2.008690954980685978e-02 3.554229813058481291e+00 7.140309636656592962e-02
3.549897899853872829e+00 2.008690954980685978e-02 3.549181760546379127e+00 7.130168295242461651e-02
3.544895500961528167e+00 2.008690954980685978e-02 3.544180370813897696e+00 7.120120697540054111e-02
3.539940557919305952e+00 1.606952763984548921e-02 3.539483508827729441e+00 5.688272443015104235e-02
3.535033846948048453e+00 1.606952763984548921e-02 3.534577431372135869e+00 5.680387929603938207e-02
3.530176136712760204e+00 1.606952763984548921e-02 3.529720348325924295e+00 5.672582154672004690e-02
3.525368188202194553e+00 1.606952763984548921e-02 3.524913020579595546e+00 5.664856341039652826e-02
3.520610754609638349e+00 1.606952763984548921e-02 3.520156201229189818e+00 5.657211699000828237e-02
3.515904581214921443e+00 1.606952763984548921e-02 3.515450635458313045e+00 5.649649426133468433e-02
3.511250405267663854e+00 1.606952763984548921e-02 3.510797060421396498e+00 5.642170707111900801e-02
3.506648955871779716e+00 1.606952763984548921e-02 3.506196205128218946e+00 5.634776713521251479e-02
3.502100953871261524e+00 1.606952763984548921e-02 3.501648790329702887e+00 5.627468603673912301e-02
3.497607111737253582e+00 1.606952763984548921e-02 3.497155528405003988e+00 5.620247522428083869e-02
3.493168133456439950e+00 1.606952763984548921e-02 3.492717123249913236e+00 5.613114601008427351e-02
3.488784714420761990e+00 1.606952763984548921e-02 3.488334270166588258e+00 5.606070956828850677e-02
3.484457541318477514e+00 1.606952763984548921e-02 3.484007655754627120e+00 5.599117693317457595e-02
3.480187292026591273e+00 1.606952763984548921e-02 3.479737957803513027e+00 5.592255899743692887e-02
3.475974635504660348e+00 1.606952763984548921e-02 3.475525845186431262e+00 5.585486651047699702e-02
3.471820231689995762e+00 1.606952763984548921e-02 3.471371977755488114e+00 5.578811007671924393e-02
3.467724731394281612e+00 1.606952763984548921e-02 3.467277006238339343e+00 5.572230015394990382e-02
3.463688776201620634e+00 1.205214572988411691e-02 3.463437221546560973e+00 4.174387129773218796e-02
3.459712998368026593e+00 1.205214572988411691e-02 3.459461732458719130e+00 4.169595580389964806e-02
3.455798020722377295e+00 1.205214572988411691e-02 3.455547039143133770e+00 4.164877306505303245e-02
3.451944456568845521e+00 1.205214572988411691e-02 3.451693754859435526e+00 4.160233047264465939e-02
3.448152909590819881e+00 1.205214572988411691e-02 3.447902483247169858e+00 4.155663530217856838e-02
3.444423973756337354e+00 1.205214572988411691e-02 3.444173818231236250e+00 4.151169471207080686e-02
3.440758233225030160e+00 1.205214572988411691e-02 3.440508343928840862e+00 4.146751574252794531e-02
3.437156262256618966e+00 1.205214572988411691e-02 3.436906634557999052e+00 4.142410531444427196e-02
3.433618625120945733e+00 1.205214572988411691e-02 3.433369254347571342e+00 4.138147022831752120e-02
3.430145876009583983e+00 1.205214572988411691e-02 3.429896757448882560e+00 4.133961716318360069e-02
3.426738558949016689e+00 1.205214572988411691e-02 3.426489687848905508e+00 4.129855267557023396e-02
3.423397207715412449e+00 1.205214572988411691e-02 3.423148579285041571e+00 4.125828319846985143e-02
3.420122345751007487e+00 1.205214572988411691e-02 3.419873955161512491e+00 4.121881504033184790e-02
3.416914486082105906e+00 1.205214572988411691e-02 3.416666328467362401e+00 4.118015438407431061e-02
3.413774131238707543e+00 1.205214572988411691e-02 3.413526201696094997e+00 4.114230728611541904e-02
3.410701773175786933e+00 1.205214572988411691e-02 3.410454066766955172e+00 4.110527967542466909e-02
3.407697893196225625e+00 1.205214572988411691e-02 3.407450404947870215e+00 4.106907735259410913e-02
3.404762961875411609e+00 1.205214572988411691e-02 3.404515686780051009e+00 4.103370598892958770e-02
3.401897438987522282e+00 1.205214572988411691e-02 3.401650372004283884e+00 4.099917112556234616e-02
3.399101773433496287e+00 1.205214572988411691e-02 3.398854909488905118e+00 4.096547817258094915e-02
3.396376403170713321e+00 1.205214572988411691e-02 3.396129737159487405e+00 4.093263240818376808e-02
3.393721755144384122e+00 1.205214572988411691e-02 3.393475281930234289e+00 4.090063897785213565e-02
3.391138245220666647e+00 1.205214572988411691e-02 3.390891959637100772e+00 4.086950289354425447e-02
3.388626278121516844e+00 1.205214572988411691e-02 3.388380174972649428e+00 4.083922903291003353e-02
3.386186247361290924e+00 1.205214572988411691e-02 3.385940321422657107e+00 4.080982213852701879e-02
3.383818535185094678e+00 1.205214572988411691e-02 3.383572781204467805e+00 4.078128681715741805e-02
3.381523512508905593e+00 1.205214572988411691e-02 3.381277925207121893e+00 4.075362753902640744e-02
3.379301538861463783e+00 1.205214572988411691e-02 3.379056112933247480e+00 4.072684863712186520e-02
3.377152962327952146e+00 1.205214572988411691e-02 3.376907692442747688e+00 4.070095430651558127e-02
3.375078119495465323e+00 1.205214572988411691e-02 3.374833000298272268e+00 4.067594860370606774e-02
3.373077335400283872e+00 1.205214572988411691e-02 3.372832361512494881e+00 4.065183544598310189e-02
3.371150923476950112e+00 1.205214572988411691e-02 3.370906089497195168e+00 4.062861861081402265e-02
3.369299185509173622e+00 1.205214572988411691e-02 3.369054486014164684e+00 4.060630173525202335e-02
3.367522411582548614e+00 1.205214572988411691e-02 3.367277841127930493e+00 4.058488831536632285e-02
3.365820880039115615e+00 1.205214572988411691e-02 3.365576433160317293e+00 4.056438170569454105e-02
3.364194857433754571e+00 1.205214572988411691e-02 3.363950528646846738e+00 4.054478511871716789e-02
3.362644598492427139e+00 1.205214572988411691e-02 3.362400382294980616e+00 4.052610162435428542e-02
3.361170346072274384e+00 1.205214572988411691e-02 3.360926236944222101e+00 4.050833414948470240e-02
3.359772331123570321e+00 1.205214572988411691e-02 3.359528323528071958e+00 4.049148547748738364e-02
3.358450772653543304e+00 1.205214572988411691e-02 3.358206861037853486e+00 4.047555824780547234e-02
3.357205877692064799e+00 1.205214572988411691e-02 3.356962056488401736e+00 4.046055495553273207e-02
3.356037841259221999e+00 1.205214572988411691e-02 3.355794104885640561e+00 4.044647795102278287e-02
3.354946846334760480e+00 1.205214572988411691e-02 3.354703189196026614e+00 4.043332943952079178e-02
3.353933063829424022e+00 1.205214572988411691e-02 3.353689480317890936e+00 4.042111148081808936e-02
3.352996652558177804e+00 1.205214572988411691e-02 3.352753137054664379e+00 4.040982598892943478e-02
3.352137759215330970e+00 1.205214572988411691e-02 3.351894306090002384e+00 4.039947473179322096e-02
3.351356518351554570e+00 1.205214572988411691e-02 3.351113121964803820e+00 4.039005933099448775e-02
3.350653052352805084e+00 1.205214572988411691e-02 3.350409707056137165e+00 4.038158126151090987e-02
3.350027471421149983e+00 1.205214572988411691e-02 3.349784171558066515e+00 4.037404185148170399e-02
3.349479873557505982e+00 1.205214572988411691e-02 3.349236613464390278e+00 4.036744228199962148e-02
3.349010344546284212e+00 1.205214572988411691e-02 3.348767118553289901e+00 4.036178358692583956e-02
3.348618957941953855e+00 1.205214572988411691e-02 3.348375760373893062e+00 4.035706665272809079e-02
3.348305775057518030e+00 1.205214572988411691e-02 3.348062600234749109e+00 4.035329221834173252e-02
3.348070844954910363e+00 1.205214572988411691e-02 3.347827687194228741e+00 4.035046087505402002e-02
