9.999991432642714173e-01 9.958698421203067819e-07
9.999922894334924983e-01 8.962830593073272892e-06
9.999785820655299196e-01 2.489645139077506611e-05
9.999580217475616539e-01 4.879174021727841000e-05
9.999306093603234080e-01 8.062018381541011518e-05
9.998963460780705415e-01 1.202882236937040741e-04
9.998552333685279958e-01 1.675809968523555356e-04
9.998072729928275670e-01 2.221188261689854815e-04
9.997524670054320772e-01 2.833578705374201223e-04
9.996908177540473339e-01 3.506442772102369692e-04
9.996223278795225431e-01 4.232956397166561316e-04
9.995470003157356231e-01 5.006641167762689417e-04
9.994648382894688599e-01 5.821513656943148266e-04
9.993758453202699066e-01 6.671832088596003083e-04
9.992800252203015710e-01 7.551775174487144072e-04
9.991773820941777240e-01 8.455324961368318893e-04
9.990679203387884399e-01 9.376375167312997385e-04
9.989516446431110364e-01 1.030891770703599390e-03
9.988285599880093457e-01 1.124718084510942543e-03
9.986986716460202196e-01 1.218569839851075262e-03
9.985619851811278203e-01 1.311934844564766490e-03
9.984185064485257000e-01 1.404339050162248161e-03
9.982682415943650023e-01 1.495350376991395457e-03
9.981111970554918944e-01 1.584581987034404784e-03
9.979473795591720098e-01 1.671694690183703853e-03
9.977767961228014570e-01 1.756398515364935133e-03
9.975994540536068378e-01 1.838453523207920440e-03
9.974153609483323857e-01 1.917669900040419465e-03
9.972245246929138940e-01 1.993907368307775829e-03
9.970269534621414298e-01 2.067073960243662797e-03
9.968226557193088366e-01 2.137124209884154989e-03
9.966116402158515797e-01 2.204056823136654134e-03
9.963939159909716015e-01 2.267911888964451589e-03
9.961694923712497429e-01 2.328767697166596404e-03
9.959383789702471734e-01 2.386737229732074396e-03
9.957005856880927208e-01 2.441964393497915269e-03
9.954561227110593213e-01 2.494620062003258341e-03
9.952050005111270359e-01 2.544897994107046205e-03
9.949472298455351860e-01 2.593010696165934988e-03
9.946828217563211672e-01 2.639185293330555647e-03
9.944117875698476050e-01 2.683659473728845779e-03
9.941341388963167436e-01 2.726677566831116600e-03
9.938498876292738426e-01 2.768486813967341569e-03
9.935590459450971412e-01 2.809333884624855802e-03
9.932616263024763859e-01 2.849461686650207794e-03
9.929576414418790353e-01 2.889106511729016159e-03
9.926471043850049192e-01 2.928495549527232889e-03
9.923300284342279065e-01 2.967844794759295999e-03
9.920064271720264726e-01 3.007357361433299521e-03
9.916763144604017199e-01 3.047222207952991237e-03
9.913397044402834091e-01 3.087613266062791493e-03
9.909966115309245538e-01 3.128688956290181285e-03
9.906470504292832491e-01 3.170592063066410456e-03
9.902910361093941738e-01 3.213449934551291121e-03
9.899285838217253275e-01 3.257374965729556600e-03
9.895597090925267736e-01 3.302465318847719149e-03
9.891844277231640614e-01 3.348805832848232491e-03
9.888027557894418784e-01 3.396469073115636859e-03
9.884147096409158229e-01 3.445516474428264499e-03
9.880203059001912980e-01 3.495999533249734368e-03
9.876195614622117480e-01 3.547961010059282050e-03
9.872124934935351259e-01 3.601436107926207428e-03
9.867991194315985926e-01 3.656453599589654883e-03
9.863794569839710036e-01 3.713036881539729522e-03
9.859535241275947381e-01 3.771204939683130142e-03
9.855213391080160923e-01 3.830973216850773987e-03
9.850829204386025717e-01 3.892354377469430925e-03
9.846382868997509696e-01 3.955358969046433339e-03
9.841874575380821222e-01 4.019995983641059395e-03
9.837304516656254494e-01 4.086273325209215969e-03
9.832672888589915061e-01 4.154198190645033185e-03
9.827979889585334305e-01 4.223777373572676873e-03
9.823225720674969574e-01 4.295017500556287324e-03
9.818410585511594402e-01 4.367925209500095156e-03
9.813534690359573265e-01 4.442507279711610697e-03
9.808598244086024209e-01 4.518770722500664409e-03
9.803601458151878223e-01 4.596722840379858718e-03
9.798544546602814265e-01 4.676371261999187449e-03
9.793427726060091043e-01 4.757723958959524796e-03
9.788251215711269992e-01 4.840789249662681010e-03
9.783015237300827227e-01 4.925575794414539972e-03
9.777720015120652253e-01 5.012092585132113011e-03
9.772365776000435655e-01 5.100348932234459974e-03
9.766952749297963532e-01 5.190354450630168918e-03
9.761481166889283134e-01 5.282119046152261750e-03
9.755951263158775255e-01 5.375652903332267356e-03
9.750363274989108930e-01 5.470966475041254447e-03
9.744717441751100662e-01 5.568070474247183675e-03
9.739014005293454845e-01 5.666975867932812737e-03
9.733253209932406502e-01 5.767693873075113026e-03
9.727435302441256315e-01 5.870235954494796259e-03
9.721560532039796865e-01 5.974613824332875543e-03
9.715629150383640056e-01 6.080839442890119753e-03
9.709641411553434631e-01 6.188925020565788290e-03
9.703597572043982655e-01 6.298883020646627549e-03
9.697497890753254968e-01 6.410726162720363497e-03
9.691342628971295614e-01 6.524467426516200770e-03
9.685132050369031909e-01 6.640120056005950969e-03
9.678866420986982355e-01 6.757697563630484308e-03
9.672546009223855767e-01 6.877213734545226803e-03
9.666171085825057130e-01 6.998682630803629810e-03
9.659741923871084657e-01 7.122118595419025915e-03
9.653258798765840254e-01 7.247536256263583873e-03
9.646721988224826738e-01 7.374950529778469266e-03
9.640131772263249577e-01 7.504376624481719910e-03
9.633488433184029809e-01 7.635830044269451521e-03
9.626792255565699286e-01 7.769326591512160443e-03
9.620043526250221522e-01 7.904882369952931365e-03
9.613242534330699307e-01 8.042513787417895910e-03
9.606389571138991279e-01 8.182237558351868403e-03
9.599484930233231905e-01 8.324070706193514510e-03
9.592528907385258208e-01 8.468030565605105808e-03
9.585521800567935458e-01 8.614134784571800610e-03
9.578463909942398491e-01 8.762401326384509220e-03
9.571355537845193107e-01 8.912848471519229168e-03
9.564196988775319763e-01 9.065494819425251941e-03
9.556988569381196230e-01 9.220359290234361738e-03
9.549730588447516988e-01 9.377461126402924715e-03
9.542423356882029362e-01 9.536819894297486958e-03
9.535067187702213065e-01 9.698455485733765633e-03
9.527662396021872038e-01 9.862388119477701748e-03
9.520209299037638573e-01 1.002863834271600953e-02
9.512708216015378637e-01 1.019722703250221588e-02
9.505159468276526136e-01 1.036817539718430832e-02
9.497563379184308374e-01 1.054150497782038211e-02
9.489920274129901578e-01 1.071723764958873969e-02
9.482230480518487603e-01 1.089539562319718005e-02
9.474494327755229595e-01 1.107600144629564652e-02
9.466712147231166607e-01 1.125907800489692537e-02
9.458884272309009411e-01 1.144464852480942679e-02
9.451011038308866352e-01 1.163273657308405880e-02
9.443092782493878179e-01 1.182336605947709694e-02
9.435129844055771819e-01 1.201656123793170237e-02
9.427122564100325341e-01 1.221234670808144136e-02
9.419071285632760748e-01 1.241074741677714553e-02
9.410976353543054618e-01 1.261178865963823864e-02
9.402838114591151042e-01 1.281549608263140606e-02
9.394656917392123496e-01 1.302189568367922295e-02
9.386433112401231238e-01 1.323101381429828832e-02
9.378167051898906870e-01 1.344287718126651460e-02
9.369859089975671740e-01 1.365751284832189549e-02
9.361509582516964745e-01 1.387494823789546874e-02
9.353118887187893415e-01 1.409521113287702694e-02
9.344687363417922832e-01 1.431832967841223901e-02
9.336215372385465727e-01 1.454433238373330391e-02
9.327703277002421522e-01 1.477324812402580276e-02
9.319151441898627652e-01 1.500510614232977540e-02
9.310560233406237618e-01 1.523993605147377049e-02
9.301930019544026873e-01 1.547776783604543939e-02
9.293261170001635429e-01 1.571863185440076915e-02
9.284554056123724974e-01 1.596255884070744285e-02
9.275809050894074925e-01 1.620957990701940230e-02
9.267026528919601880e-01 1.645972654538698302e-02
9.258206866414320224e-01 1.671303063000594002e-02
9.249350441183215032e-01 1.696952441940157569e-02
9.240457632606067229e-01 1.722924055864522713e-02
9.231528821621198810e-01 1.749221208160798083e-02
9.222564390709154791e-01 1.775847241325357803e-02
9.213564723876319640e-01 1.802805537196485938e-02
9.204530206638468215e-01 1.830099517190129921e-02
9.195461226004246758e-01 1.857732642539409312e-02
9.186358170458606143e-01 1.885708414538113387e-02
9.177221429946144093e-01 1.914030374787538749e-02
9.168051395854417418e-01 1.942702105446452929e-02
9.158848460997166541e-01 1.971727229484854585e-02
9.149613019597491181e-01 2.001109410941768682e-02
9.140345467270960533e-01 2.030852355186385516e-02
9.131046201008673480e-01 2.060959809182376368e-02
9.121715619160245536e-01 2.091435561756104997e-02
9.112354121416750274e-01 2.122283443868935165e-02
9.102962108793590801e-01 2.153507328892896935e-02
9.093539983613329047e-01 2.185111132889622568e-02
9.084088149488451780e-01 2.217098814893439865e-02
9.074607011304071102e-01 2.249474377198733624e-02
9.065096975200593876e-01 2.282241865650726231e-02
9.055558448556312312e-01 2.315405369939644784e-02
9.045991839969963477e-01 2.348969023899273936e-02
9.036397559243217747e-01 2.382937005810015565e-02
9.026776017363129512e-01 2.417313538705512591e-02
9.017127626484530145e-01 2.452102890683045822e-02
9.007452799912373242e-01 2.487309375218740848e-02
8.997751952084026561e-01 2.522937351487453128e-02
8.988025498551526216e-01 2.558991224686421942e-02
8.978273855963767591e-01 2.595475446363292027e-02
8.968497442048666279e-01 2.632394514749510778e-02
8.958696675595252401e-01 2.669752975098532710e-02
8.948871976435743836e-01 2.707555420028071730e-02
8.939023765427551727e-01 2.745806489867493386e-02
8.929152464435260450e-01 2.784510873011333473e-02
8.919258496312547635e-01 2.823673306277965298e-02
8.909342284884079755e-01 2.863298575272979138e-02
8.899404254927349989e-01 2.903391514758639144e-02
8.889444832154486109e-01 2.943957009030002264e-02
8.879464443194010626e-01 2.984999992296642757e-02
8.869463515572570955e-01 3.026525449070145007e-02
8.859442477696619633e-01 3.068538414558739588e-02
8.849401758834067877e-01 3.111043975069187686e-02
8.839341789095891411e-01 3.154047268415133276e-02
8.829262999417715196e-01 3.197553484332664453e-02
8.819165821541339323e-01 3.241567864904195545e-02
8.809050687996263784e-01 3.286095704990319583e-02
8.798918032081138874e-01 3.331142352669504841e-02
8.788768287845222238e-01 3.376713209686536821e-02
8.778601890069775981e-01 3.422813731910315932e-02
8.768419274249443784e-01 3.469449429800799262e-02
8.758220876573596936e-01 3.516625868885651929e-02
8.748007133907650390e-01 3.564348670247589196e-02
8.737778483774344407e-01 3.612623511022572398e-02
8.727535364335008428e-01 3.661456124908947507e-02
8.717278214370784983e-01 3.710852302688016913e-02
8.707007473263842501e-01 3.760817892757008229e-02
8.696723580978545920e-01 3.811358801674902957e-02
8.686426978042612879e-01 3.862480994721839700e-02
8.676118105528243252e-01 3.914190496472718522e-02
8.665797405033224265e-01 3.966493391385252781e-02
8.655465318662017848e-01 4.019395824403119988e-02
8.645122289006814675e-01 4.072904001575295557e-02
8.634768759128579330e-01 4.127024190692497180e-02
8.624405172538074371e-01 4.181762721941332389e-02
8.614031973176856649e-01 4.237125988576769670e-02
8.603649605398261402e-01 4.293120447613908014e-02
8.593258513948369703e-01 4.349752620540071890e-02
8.582859143946954816e-01 4.407029094048323797e-02
8.572451940868415221e-01 4.464956520793293693e-02
8.562037350522693213e-01 4.523541620170370980e-02
8.551615819036177957e-01 4.582791179119234670e-02
8.541187792832591885e-01 4.642712052953154589e-02
8.530753718613869330e-01 4.703311166215296685e-02
8.520314043341024046e-01 4.764595513563370244e-02
8.509869214214997868e-01 4.826572160683861162e-02
8.499419678657509358e-01 4.889248245237240442e-02
8.488965884291879149e-01 4.952630977835813242e-02
8.478508278923868602e-01 5.016727643055769736e-02
8.468047310522485160e-01 5.081545600485203040e-02
8.457583427200797699e-01 5.147092285809624218e-02
8.447117077196741874e-01 5.213375211937065767e-02
8.436648708853915490e-01 5.280401970164611686e-02
8.426178770602379409e-01 5.348180231388353911e-02
8.415707710939439590e-01 5.416717747358931051e-02
8.405235978410443565e-01 5.486022351984977397e-02
8.394764021589558034e-01 5.556101962686884471e-02
8.384292289060560899e-01 5.626964581803284293e-02
8.373821229397622190e-01 5.698618298052881420e-02
8.363351291146084998e-01 5.771071288054432924e-02
8.352882922803259724e-01 5.844331817907760102e-02
8.342416572799202790e-01 5.918408244838892218e-02
8.331952689477515328e-01 5.993309018912500175e-02
8.321491721076131887e-01 6.069042684814969502e-02
8.311034115708120229e-01 6.145617883711678581e-02
8.300580321342492240e-01 6.223043355182390768e-02
8.290130785785002621e-01 6.301327939238603182e-02
8.279685956658976442e-01 6.380480578426911409e-02
8.269246281386131159e-01 6.460510320022831710e-02
8.258812207167409714e-01 6.541426318319773503e-02
8.248384180963822532e-01 6.623237837018081109e-02
8.237962649477307275e-01 6.705954251719085935e-02
8.227548059131585267e-01 6.789585052529664710e-02
8.217140856053046782e-01 6.874139846783110241e-02
8.206741486051630785e-01 6.959628361882250203e-02
8.196350394601739087e-01 7.046060448271061760e-02
8.185968026823143839e-01 7.133446082541759770e-02
8.175594827461926117e-01 7.221795370684505611e-02
8.165231240871421159e-01 7.311118551487209849e-02
8.154877710993186923e-01 7.401426000092918567e-02
8.144534681337982640e-01 7.492728231723483345e-02
8.134202594966776223e-01 7.585035905578829674e-02
8.123881894471758347e-01 7.678359828921081653e-02
8.113573021957387610e-01 7.772710961352995163e-02
8.103276419021454569e-01 7.868100419301291004e-02
8.092992526736157988e-01 7.964539480716928410e-02
8.082721785629215505e-01 8.062039590004112244e-02
8.072464635664993171e-01 8.160612363189907736e-02
8.062221516225656082e-01 8.260269593347836781e-02
8.051992866092350098e-01 8.361023256290392447e-02
8.041779123426403553e-01 8.462885516545924636e-02
8.031580725750556704e-01 8.565868733635217946e-02
8.021398109930224507e-01 8.669985468664696826e-02
8.011231712154778251e-01 8.775248491255326078e-02
8.001081967918861615e-01 8.881670786826650899e-02
7.990949312003736704e-01 8.989265564256330998e-02
7.980834178458660055e-01 9.098046263937412115e-02
7.970737000582286402e-01 9.208026566257450363e-02
7.960658210904109078e-01 9.319220400524606818e-02
7.950598241165932611e-01 9.431641954367281366e-02
7.940557522303380855e-01 9.545305683636952365e-02
7.930536484427429533e-01 9.660226322845764935e-02
7.920535556805989863e-01 9.776418896171412687e-02
7.910555167845514379e-01 9.893898729064551367e-02
7.900595745072650500e-01 1.001268146049827529e-01
7.890657715115920734e-01 1.013278305590198380e-01
7.880741503687452854e-01 1.025421982082271449e-01
7.870847535564740038e-01 1.037700841536116775e-01
7.860976234572448762e-01 1.050116586943554559e-01
7.851128023564256653e-01 1.062670959893087380e-01
7.841303324404748087e-01 1.075365742279255910e-01
7.831502557951334209e-01 1.088202758112848667e-01
7.821726144036232897e-01 1.101183875439235849e-01
7.811974501448475383e-01 1.114311008372746020e-01
7.802248047915973928e-01 1.127586119255376274e-01
7.792547200087627246e-01 1.141011220948811994e-01
7.782872373515470343e-01 1.154588379269889109e-01
7.773223982636870977e-01 1.168319715580630747e-01
7.763602440756782741e-01 1.182207409544768079e-01
7.754008160030037011e-01 1.196253702063736213e-01
7.744441551443688176e-01 1.210460898406667957e-01
7.734903024799406612e-01 1.224831371550470505e-01
7.725392988695929386e-01 1.239367565747528099e-01
7.715911850511549819e-01 1.254072000340387960e-01
7.706460016386671441e-01 1.268947273845016654e-01
7.697037891206410798e-01 1.283996068326735684e-01
7.687645878583251324e-01 1.299221154095450970e-01
7.678284380839754952e-01 1.314625394749864562e-01
7.668953798991327009e-01 1.330211752603965569e-01
7.659654532729039955e-01 1.345983294533145413e-01
7.650386980402510417e-01 1.361943198281680978e-01
7.641151539002833948e-01 1.378094759278584713e-01
7.631948604145581960e-01 1.394441398014719669e-01
7.622778570053856395e-01 1.410986668040848935e-01
7.613641829541395456e-01 1.427734264653717777e-01
7.604538773995753731e-01 1.444688034346022221e-01
7.595469793361532274e-01 1.461851985105849794e-01
7.586435276123680849e-01 1.479230297662139926e-01
7.577435609290845697e-01 1.496827337784954470e-01
7.568471178378801678e-01 1.514647669762978766e-01
7.559542367393933260e-01 1.532696071195943366e-01
7.550649558816785456e-01 1.550977549256028765e-01
7.541793133585680264e-01 1.569497358590284941e-01
7.532973471080397498e-01 1.588261021055174804e-01
7.524190949105925563e-01 1.607274347494405675e-01
7.515445943876275514e-01 1.626543461791571665e-01
7.506738829998365059e-01 1.646074827449313382e-01
7.498069980455973615e-01 1.665875276965647911e-01
7.489439766593763981e-01 1.685952044294624641e-01
7.480848558101372836e-01 1.706312800690262255e-01
7.472296722997578966e-01 1.726965694238202786e-01
7.463784627614535871e-01 1.747919393375210184e-01
7.455312636582078767e-01 1.769183134679287728e-01
7.446881112812107073e-01 1.790766775178171955e-01
7.438490417483036854e-01 1.812680849366288816e-01
7.430140910024328749e-01 1.834936631033732002e-01
7.421832948101094729e-01 1.857546199888780447e-01
7.413566887598769251e-01 1.880522512790214484e-01
7.405343082607876992e-01 1.903879479189575230e-01
7.397161885408849447e-01 1.927632040108602784e-01
7.389023646456946981e-01 1.951796249635596170e-01
7.380928714367238630e-01 1.976389357510215106e-01
7.372877435899675147e-01 2.001429890874031337e-01
7.364870155944228669e-01 2.026937732692697947e-01
7.356907217506121199e-01 2.052934193706528743e-01
7.348988961691134136e-01 2.079442074047163636e-01
7.341115727690992188e-01 2.106485709882281454e-01
7.333287852768834991e-01 2.134090999638925124e-01
7.325505672244770894e-01 2.162285403538478645e-01
7.317769519481513996e-01 2.191097909391405696e-01
7.310079725870098910e-01 2.220558956895531122e-01
7.302436620815692114e-01 2.250700312113553814e-01
7.294840531723474353e-01 2.281554883438566550e-01
7.287291783984621851e-01 2.313156470258483088e-01
7.279790700962363026e-01 2.345539435772202586e-01
7.272337603978128451e-01 2.378738296058167667e-01
7.264932812297787423e-01 2.412787218608122286e-01
7.257576643117971127e-01 2.447719425159132212e-01
7.250269411552483501e-01 2.483566495806392160e-01
7.243011430618804258e-01 2.520357574052722316e-01
7.235803011224680725e-01 2.558118475609674203e-01
7.228644462154807382e-01 2.596870707334392736e-01
7.221536090057601998e-01 2.636630406553808204e-01
7.214478199432066141e-01 2.677407215045847777e-01
7.207471092614743391e-01 2.719203105938518550e-01
7.200515069766768583e-01 2.762011185553873704e-01
7.193610428861009209e-01 2.805814495557852895e-01
7.186757465669301181e-01 2.850584843478841668e-01
7.179956473749780077e-01 2.896281691546476744e-01
7.173207744434302313e-01 2.942851134731659379e-01
7.166511566815971790e-01 2.990224998743784002e-01
7.159868227736750912e-01 3.038320087520925972e-01
7.153278011775173750e-01 3.087037607452727817e-01
7.146741201234160235e-01 3.136262792283296963e-01
7.140258076128915832e-01 3.185864748487349241e-01
7.133828914174944469e-01 3.235696536072691920e-01
7.127453990776144721e-01 3.285595494439899622e-01
7.121133579013018133e-01 3.335383817343820501e-01
7.114867949630968580e-01 3.384869375370846978e-01
7.108657371028705985e-01 3.433846778872777228e-01
7.102502109246745521e-01 3.482098669158010806e-01
7.096402427956017833e-01 3.529397221081409519e-01
7.090358588446565857e-01 3.575505836105489776e-01
7.084370849616360433e-01 3.620181001501108775e-01
7.078439467960203624e-01 3.663174288654326149e-01
7.072564697558744173e-01 3.704234461461402006e-01
7.066746790067593986e-01 3.743109664513648571e-01
7.060985994706545643e-01 3.779549660166532377e-01
7.055282558248899827e-01 3.813308083606664622e-01
7.049636725010891558e-01 3.844144685621929125e-01
7.044048736841225233e-01 3.871827533879260153e-01
7.038518833110717354e-01 3.896135145047622816e-01
7.033047250702036957e-01 3.916858521993989983e-01
7.027634223999565943e-01 3.933803072448252003e-01
7.022279984879349346e-01 3.946790387900125374e-01
7.016984762699173261e-01 3.955659863985722113e-01
7.011748784288729386e-01 3.960270146187042095e-01
7.006572273939909445e-01 3.960500387265606936e-01
7.001455453397186224e-01 3.956251305466537138e-01
6.996398541848121155e-01 3.947446035166800038e-01
6.991401755913976279e-01 3.934030764323633855e-01
6.986465309640428334e-01 3.915975155828291809e-01
6.981589414488406087e-01 3.893272552701715905e-01
6.976774279325030914e-01 3.865939969968746892e-01
6.972020110414666183e-01 3.834017878967301840e-01
6.967327111410085427e-01 3.797569792691594115e-01
6.962695483343745995e-01 3.756681663400828763e-01
6.958125424619179267e-01 3.711461105989863896e-01
6.953617131002490792e-01 3.662036462352795119e-01
6.949170795613974771e-01 3.608555723036225293e-01
6.944786608919839566e-01 3.551185322793368737e-01
6.940464758724051997e-01 3.490108826207035109e-01
6.936205430160290453e-01 3.425525518426707494e-01
6.932008805684014563e-01 3.357648914429014475e-01
6.927875065064649229e-01 3.286705198300660102e-01
6.923804385377883008e-01 3.212931602145007726e-01
6.919796940998087509e-01 3.136574732614231253e-01
6.915852903590842260e-01 3.057888852029373994e-01
6.911972442105580594e-01 2.977134120766834480e-01
6.908155722768359874e-01 2.894574808164091517e-01
6.904402909074732753e-01 2.810477480621434987e-01
6.900714161782747214e-01 2.725109177735484112e-01
6.897089638906059861e-01 2.638735589990808261e-01
6.893529495707166888e-01 2.551619254479975396e-01
6.890033884690756061e-01 2.464017788005904430e-01
6.886602955597167508e-01 2.376182179426050978e-01
6.883236855395984399e-01 2.288355164948411014e-01
6.879935728279735763e-01 2.200769711056635713e-01
6.876699715657721423e-01 2.113647629678220008e-01
6.873528956149951297e-01 2.027198349054414317e-01
6.870423585581210135e-01 1.941617861550370971e-01
6.867383736975236630e-01 1.857087866455104375e-01
6.864409540549029076e-01 1.773775121817166012e-01
6.861501123707260952e-01 1.691831014739180461e-01
6.858658611036833053e-01 1.611391354526327535e-01
6.855882124301524438e-01 1.532576387860632439e-01
6.853171782436788817e-01 1.455491029949991522e-01
6.850527701544648629e-01 1.380225300554865642e-01
6.847949994888730130e-01 1.306854949074132410e-01
6.845438772889407275e-01 1.235442248596227283e-01
6.842994143119072170e-01 1.166036935090296184e-01
6.840616210297528754e-01 1.098677264813028853e-01
6.838305076287503059e-01 1.033391160615841076e-01
6.836060840090285584e-01 9.701974162238059807e-02
6.833883597841484692e-01 9.091069267901882855e-02
6.831773442806912122e-01 8.501239141700903112e-02
6.829730465378587301e-01 7.932471164478877013e-02
6.827754753070861549e-01 7.384709132872081805e-02
6.825846390516676632e-01 6.857863615439677152e-02
6.824005459463932111e-01 6.351821190201437095e-02
6.822232038771985918e-01 5.866452378118128252e-02
6.820526204408280391e-01 5.401618120185611854e-02
6.818888029445081544e-01 4.957174676538846081e-02
6.817317584056350466e-01 4.532976862846425925e-02
6.815814935514743489e-01 4.128879599463117223e-02
6.814380148188722286e-01 3.744737851223456371e-02
6.813013283539798293e-01 3.380405188137830530e-02
6.811714400119907031e-01 3.035731383956273913e-02
6.810483553568889015e-01 2.710559648704918834e-02
6.809320796612114979e-01 2.404724205892125322e-02
6.808226179058223249e-01 2.118048924257718429e-02
6.807199747796984779e-01 1.850347574273006682e-02
6.806241546797301423e-01 1.601426016045589401e-02
6.805351617105311890e-01 1.371086287450617482e-02
6.804529996842644257e-01 1.159132217960952282e-02
6.803776721204775058e-01 9.653759129983383036e-03
6.803091822459527149e-01 7.896442870077173548e-03
6.802475329945680826e-01 6.317847963016928053e-03
6.801927270071724818e-01 4.916696333501098179e-03
6.801447666314719420e-01 3.691978680829384029e-03
6.801036539219295074e-01 2.642953188254137508e-03
6.800693906396766408e-01 1.769122579863837211e-03
6.800419782524383949e-01 1.070193577996794839e-03
6.800214179344701293e-01 5.460251769670939779e-04
6.800077105665075505e-01 1.965735666838513637e-04
6.800008567357286315e-01 2.184184606354315538e-05
