2.087677865391919605e-03 4.572572255116909313e-20
4.175355730783839210e-03 1.730177602078841159e-17
6.263033596175759249e-03 2.548900284309035265e-16
8.350711461567678420e-03 2.542880390652490860e-15
1.043838932695959759e-02 8.726790863664302880e-15
1.252606719235151850e-02 3.300032253507481962e-14
1.461374505774343767e-02 1.622329767871924084e-13
1.670142292313535684e-02 4.258265048466868455e-13
1.878910078852727775e-02 6.316684995813536288e-13
2.087677865391919518e-02 6.875951777974160420e-13
2.296445651931111609e-02 7.018409440218774711e-13
2.505213438470303700e-02 1.478632018910670227e-12
2.713981225009495443e-02 2.422157635235584692e-12
2.922749011548687534e-02 3.227907517857464149e-12
3.131516798087879278e-02 3.718335923914263405e-12
3.340284584627071368e-02 3.698768795529097790e-12
3.549052371166263459e-02 3.347357781527415817e-12
3.757820157705455549e-02 2.726920945194984562e-12
3.966587944244646946e-02 3.081706545178358787e-12
4.175355730783839037e-02 3.289000112865713477e-12
4.384123517323031127e-02 2.766994210021871206e-12
4.592891303862223218e-02 2.390092140705588203e-12
4.801659090401415309e-02 3.567992816630568025e-12
5.010426876940607399e-02 5.946244898856105256e-12
5.219194663479798796e-02 1.025457528029400985e-11
5.427962450018990886e-02 1.717702419804633859e-11
5.636730236558182977e-02 2.870532690090556633e-11
5.845498023097375068e-02 4.575072221811563065e-11
6.054265809636567158e-02 7.225533901552012689e-11
6.263033596175758555e-02 1.125318492529254383e-10
6.471801382714950646e-02 1.719800145447496720e-10
6.680569169254142736e-02 2.594135665688927322e-10
6.889336955793334827e-02 3.836038997269153693e-10
7.098104742332526917e-02 5.568915803533439859e-10
7.306872528871719008e-02 7.973326652201475623e-10
7.515640315410911099e-02 1.128337110196602430e-09
7.724408101950103189e-02 1.584624541016610363e-09
7.933175888489293892e-02 2.201004224466055175e-09
8.141943675028485983e-02 3.021541622870453697e-09
8.350711461567678073e-02 4.126964364687071257e-09
8.559479248106870164e-02 5.623898567919919547e-09
8.768247034646062255e-02 7.667391440406834033e-09
8.977014821185254345e-02 1.044493148998792322e-08
9.185782607724446436e-02 1.422135475900509199e-08
9.394550394263638526e-02 1.934094782036378131e-08
9.603318180802830617e-02 2.641150553216637865e-08
9.812085967342022708e-02 3.654655589018849842e-08
1.002085375388121480e-01 5.117187020633800828e-08
1.022962154042040550e-01 7.134042518438572726e-08
1.043838932695959759e-01 9.739207981400185015e-08
1.064715711349878968e-01 1.300072786117972170e-07
1.085592490003798177e-01 1.728844088780238438e-07
1.106469268657717386e-01 2.341802352985816570e-07
1.127346047311636595e-01 3.215127903426686423e-07
1.148222825965555804e-01 4.317460259260275757e-07
1.169099604619475014e-01 5.487453136339805286e-07
1.189976383273394223e-01 6.625017424132936091e-07
1.210853161927313432e-01 8.266532702170574444e-07
1.231729940581232502e-01 1.201991901292500851e-06
1.252606719235151711e-01 1.797617702523480339e-06
1.273483497889071059e-01 2.376963971452355963e-06
1.294360276542990129e-01 2.468508143857535474e-06
1.315237055196909477e-01 2.218114169256120777e-06
1.336113833850828547e-01 4.230330059609493415e-06
1.356990612504747618e-01 1.032273234419655557e-05
1.377867391158666965e-01 2.011054901112748608e-05
1.398744169812586036e-01 3.243554528791052504e-05
1.419620948466505383e-01 4.558821576463949719e-05
1.440497727120424454e-01 5.692197744756747805e-05
1.461374505774343802e-01 6.722297269039640951e-05
1.482251284428262872e-01 7.659951702080158137e-05
1.503128063082182220e-01 8.518727211567638272e-05
1.524004841736101290e-01 9.301481190271569991e-05
1.544881620390020638e-01 1.000255023709961807e-04
1.565758399043939708e-01 1.060759951158857608e-04
1.586635177697858778e-01 1.111380245242428986e-04
1.607511956351778126e-01 1.154229221290422941e-04
1.628388735005697197e-01 1.187814427639965955e-04
1.649265513659616544e-01 1.212463263168117312e-04
1.670142292313535615e-01 1.228551659686206033e-04
1.691019070967454963e-01 1.235804020054348876e-04
1.711895849621374033e-01 1.235272617870571859e-04
1.732772628275293381e-01 1.231138552552759680e-04
1.753649406929212451e-01 1.223317945048912577e-04
1.774526185583131799e-01 1.212130031035704399e-04
1.795402964237050869e-01 1.195970051767836711e-04
1.816279742890969939e-01 1.172517216145563235e-04
1.837156521544889287e-01 1.144951753615702566e-04
1.858033300198808357e-01 1.112721086097617697e-04
1.878910078852727705e-01 1.075693896058198007e-04
1.899786857506646776e-01 1.034342734516397627e-04
1.920663636160566123e-01 9.882250655088417515e-05
1.941540414814485194e-01 9.390075208404616920e-05
1.962417193468404542e-01 8.887697921398876480e-05
1.983293972122323612e-01 8.370614296964358503e-05
2.004170750776242960e-01 7.845623901342865987e-05
2.025047529430162030e-01 7.310798182336715847e-05
2.045924308084081100e-01 6.782386754925111088e-05
2.066801086738000448e-01 6.273814093058094766e-05
2.087677865391919518e-01 5.782459910364659626e-05
2.108554644045838866e-01 5.311774565209325207e-05
2.129431422699757936e-01 4.855905208862730971e-05
2.150308201353677284e-01 4.439005769825874831e-05
2.171184980007596355e-01 4.052288491499435877e-05
2.192061758661515702e-01 3.696878323644965143e-05
2.212938537315434773e-01 3.370081059946069543e-05
2.233815315969353843e-01 3.071108399449401581e-05
2.254692094623273191e-01 2.806853313598845048e-05
2.275568873277192261e-01 2.570157632829937132e-05
2.296445651931111609e-01 2.357867250445727696e-05
2.317322430585030679e-01 2.163793236168379947e-05
2.338199209238950027e-01 1.994226979209322715e-05
2.359075987892869097e-01 1.841771610618966979e-05
2.379952766546788445e-01 1.703660886927110005e-05
2.400829545200707515e-01 1.574354962700705223e-05
2.421706323854626863e-01 1.459094863007970235e-05
2.442583102508545934e-01 1.352698196937129219e-05
2.463459881162465004e-01 1.253747200862284103e-05
2.484336659816384352e-01 1.158850847166360120e-05
2.505213438470303422e-01 1.072624706601723898e-05
2.526090217124222770e-01 9.919477365803274814e-06
2.546966995778142118e-01 9.162139117126735013e-06
2.567843774432060910e-01 8.437507248263089422e-06
2.588720553085980258e-01 7.779461982482609896e-06
2.609597331739899606e-01 7.168253671675966826e-06
2.630474110393818954e-01 6.596595448510658462e-06
2.651350889047737747e-01 6.061998906542736991e-06
2.672227667701657094e-01 5.579208134744029455e-06
2.693104446355576442e-01 5.135436404543690455e-06
2.713981225009495235e-01 4.716625887823937183e-06
2.734858003663414583e-01 4.342458710775435655e-06
2.755734782317333931e-01 3.999754457978781809e-06
2.776611560971253279e-01 3.683559789561887683e-06
2.797488339625172071e-01 3.387937134095055752e-06
2.818365118279091419e-01 3.122585392862118946e-06
2.839241896933010767e-01 2.878506680085539037e-06
2.860118675586930115e-01 2.647187603952007715e-06
2.880995454240848908e-01 2.439771199143080961e-06
2.901872232894768255e-01 2.248547318655400279e-06
2.922749011548687603e-01 2.069119726099813939e-06
2.943625790202606396e-01 1.903707805374748045e-06
2.964502568856525744e-01 1.753171217546389497e-06
2.985379347510445092e-01 1.613321326892515800e-06
3.006256126164364439e-01 1.482247987876426134e-06
3.027132904818283232e-01 1.364153461709451137e-06
3.048009683472202580e-01 1.255085159734917456e-06
3.068886462126121928e-01 1.152369167507412371e-06
3.089763240780041276e-01 1.060263915631727449e-06
3.110640019433960068e-01 9.754468730011389437e-07
3.131516798087879416e-01 8.954564251840610548e-07
3.152393576741798764e-01 8.238492729230222465e-07
3.173270355395717557e-01 7.579393991799766737e-07
3.194147134049636905e-01 6.957430972945439743e-07
3.215023912703556253e-01 6.400578108179262205e-07
3.235900691357475600e-01 5.887448636964196645e-07
3.256777470011394393e-01 5.403543507737493985e-07
3.277654248665313741e-01 4.969955631620360944e-07
3.298531027319233089e-01 4.569392344390133002e-07
3.319407805973152437e-01 4.193195788153625209e-07
3.340284584627071229e-01 3.855613523387797744e-07
3.361161363280990577e-01 3.542017862974624619e-07
3.382038141934909925e-01 3.250815938164744915e-07
3.402914920588828718e-01 2.988376165580621274e-07
3.423791699242748066e-01 2.741272854281894271e-07
3.444668477896667413e-01 2.518226438437418469e-07
3.465545256550586761e-01 2.314414765212391880e-07
3.486422035204505554e-01 2.121733293905978938e-07
3.507298813858424902e-01 1.949593348597557390e-07
3.528175592512344250e-01 1.790825911662152488e-07
3.549052371166263598e-01 1.641941496981096053e-07
3.569929149820182390e-01 1.508559169999773958e-07
3.590805928474101738e-01 1.383088809497724712e-07
3.611682707128021086e-01 1.269860640683758515e-07
3.632559485781939879e-01 1.166370808550272176e-07
3.653436264435859226e-01 1.068690483056789881e-07
3.674313043089778574e-01 9.814498103805439141e-08
3.695189821743697922e-01 9.000829692950809147e-08
3.716066600397616715e-01 8.254891952660385502e-08
3.736943379051536063e-01 7.579220735582809001e-08
3.757820157705455411e-01 6.941383511355658441e-08
3.778696936359374758e-01 6.372218037397862281e-08
3.799573715013293551e-01 5.839427541601373202e-08
3.820450493667212899e-01 5.355355754628187416e-08
3.841327272321132247e-01 4.914529219578978784e-08
3.862204050975051040e-01 4.499691292415112903e-08
3.883080829628970387e-01 4.129354160497766042e-08
3.903957608282889735e-01 3.779650764714596578e-08
3.924834386936809083e-01 3.467713516211727548e-08
3.945711165590727876e-01 3.178561551656025420e-08
3.966587944244647224e-01 2.911250105461606615e-08
3.987464722898566571e-01 2.670279983441889926e-08
4.008341501552485919e-01 2.443368447889458193e-08
4.029218280206404712e-01 2.241026675464453807e-08
4.050095058860324060e-01 2.050023302055711220e-08
4.070971837514243408e-01 1.879832774173320500e-08
4.091848616168162200e-01 1.720128099869112222e-08
4.112725394822081548e-01 1.576324904895149671e-08
4.133602173476000896e-01 1.444089843167887914e-08
4.154478952129920244e-01 1.321414788198380036e-08
4.175355730783839037e-01 1.211023988386716659e-08
4.196232509437758385e-01 1.107373439223361791e-08
4.217109288091677732e-01 1.014877412671473545e-08
4.237986066745596525e-01 9.276952539752605215e-09
4.258862845399515873e-01 8.500942779716425723e-09
4.279739624053435221e-01 7.769041782197607495e-09
4.300616402707354569e-01 7.117861761364730601e-09
4.321493181361273361e-01 6.503954984713462816e-09
4.342369960015192709e-01 5.957647341628067364e-09
4.363246738669112057e-01 5.442936979854346329e-09
4.384123517323031405e-01 4.984782839165424456e-09
4.405000295976950198e-01 4.553370125136168407e-09
4.425877074630869545e-01 4.169312213002295119e-09
4.446753853284788893e-01 3.807812615389042555e-09
4.467630631938707686e-01 3.486001372565375621e-09
4.488507410592627034e-01 3.183166781432884864e-09
4.509384189246546382e-01 2.913632690201199057e-09
4.530260967900465729e-01 2.660012197678461856e-09
4.551137746554384522e-01 2.434359401409615928e-09
4.572014525208303870e-01 2.222007585416302381e-09
4.592891303862223218e-01 2.033174288037635389e-09
4.613768082516142566e-01 1.855423879492669353e-09
4.634644861170061358e-01 1.697461700535590320e-09
4.655521639823980706e-01 1.548721698207106214e-09
4.676398418477900054e-01 1.416609819018114027e-09
4.697275197131818847e-01 1.292216590125621665e-09
4.718151975785738195e-01 1.181692246425726904e-09
4.739028754439657543e-01 1.077776589168229035e-09
4.759905533093576890e-01 9.851750910647067145e-10
4.780782311747495683e-01 8.985779814129335812e-10
4.801659090401415031e-01 8.206882747174503583e-10
4.822535869055334379e-01 7.488925843947952930e-10
4.843412647709253727e-01 6.827631187537707951e-10
4.864289426363172519e-01 6.239035505480637978e-10
4.885166205017091867e-01 5.686108201441351844e-10
4.906042983671011215e-01 5.195357037977200106e-10
4.926919762324930008e-01 4.733826955733521599e-10
4.947796540978849356e-01 4.323050834031736883e-10
4.968673319632768703e-01 3.939493955872426719e-10
4.989550098286688051e-01 3.591859278557190775e-10
5.010426876940606844e-01 3.277221025760651403e-10
5.031303655594526747e-01 2.984550046532674986e-10
5.052180434248445540e-01 2.724902166150706457e-10
5.073057212902364332e-01 2.481016962302842890e-10
5.093933991556284235e-01 2.262964628107341904e-10
5.114810770210203028e-01 2.061651782400685893e-10
5.135687548864121821e-01 1.876535271978637156e-10
5.156564327518041724e-01 1.712362991021867755e-10
5.177441106171960516e-01 1.558162857960791698e-10
5.198317884825879309e-01 1.420343790604438975e-10
5.219194663479799212e-01 1.293328547931523284e-10
5.240071442133718005e-01 1.176495991323789965e-10
5.260948220787637908e-01 1.072900528188734731e-10
5.281824999441556701e-01 9.758071687653169460e-11
5.302701778095475493e-01 8.879831505686967157e-11
5.323578556749395396e-01 8.090466732821576651e-11
5.344455335403314189e-01 7.354819903662602736e-11
5.365332114057232982e-01 6.698895859694363806e-11
5.386208892711152885e-01 6.093127899592578478e-11
5.407085671365071677e-01 5.537082226642985535e-11
5.427962450018990470e-01 5.043554506694214637e-11
5.448839228672910373e-01 4.583556025362430596e-11
5.469716007326829166e-01 4.163869675501131543e-11
5.490592785980749069e-01 3.791916440953982137e-11
5.511469564634667861e-01 3.444328363377218325e-11
5.532346343288586654e-01 3.127865258451164897e-11
5.553223121942506557e-01 2.847481244477612231e-11
5.574099900596425350e-01 2.585393657192238894e-11
5.594976679250344143e-01 2.346868460621981412e-11
5.615853457904264046e-01 2.135462317683304512e-11
5.636730236558182838e-01 1.938201301813469481e-11
5.657607015212101631e-01 1.758534524250370525e-11
5.678483793866021534e-01 1.599021503921192748e-11
5.699360572519940327e-01 1.451052890156778528e-11
5.720237351173860230e-01 1.315925536849206804e-11
5.741114129827779022e-01 1.195256325420490759e-11
5.761990908481697815e-01 1.085062257076261538e-11
5.782867687135617718e-01 9.837127516506716562e-12
5.803744465789536511e-01 8.918339954186853546e-12
5.824621244443455303e-01 8.105389189119383354e-12
5.845498023097375206e-01 7.347281483897123381e-12
5.866374801751293999e-01 6.657270479145372663e-12
5.887251580405212792e-01 6.039952671409105822e-12
5.908128359059132695e-01 5.476877554933385734e-12
5.929005137713051488e-01 4.958175870148787075e-12
5.949881916366971391e-01 4.487578612817390731e-12
5.970758695020890183e-01 4.069297360263727443e-12
5.991635473674808976e-01 3.685523042724875805e-12
6.012512252328728879e-01 3.335377897113848774e-12
6.033389030982647672e-01 3.019142406654159289e-12
6.054265809636566464e-01 2.738518607811247801e-12
6.075142588290486367e-01 2.481763128888571522e-12
6.096019366944405160e-01 2.246621824034050365e-12
6.116896145598323953e-01 2.032913311755894051e-12
6.137772924252243856e-01 1.840275221910853189e-12
6.158649702906162648e-01 1.665868007676509427e-12
6.179526481560082551e-01 1.504456712867055898e-12
6.200403260214001344e-01 1.357453906956987665e-12
6.221280038867920137e-01 1.224529337935560327e-12
6.242156817521840040e-01 1.106649560115586741e-12
6.263033596175758833e-01 1.000100814916530020e-12
6.283910374829677625e-01 9.036951446206348579e-13
6.304787153483597528e-01 8.171854554563316900e-13
6.325663932137516321e-01 7.394892127488090642e-13
6.346540710791435114e-01 6.699503199855564802e-13
6.367417489445355017e-01 6.070328686981095924e-13
6.388294268099273809e-01 5.488468159189420521e-13
6.409171046753193712e-01 4.953691415209499442e-13
6.430047825407112505e-01 4.464046547172849718e-13
6.450924604061031298e-01 4.017213799440344539e-13
6.471801382714951201e-01 3.613903514748486818e-13
6.492678161368869993e-01 3.252182943633586915e-13
6.513554940022788786e-01 2.924726584786402848e-13
6.534431718676708689e-01 2.632745333693067434e-13
6.555308497330627482e-01 2.375016903139375435e-13
6.576185275984546275e-01 2.148638346642755438e-13
6.597062054638466178e-01 1.948875258084058499e-13
6.617938833292384970e-01 1.770389524466365936e-13
6.638815611946304873e-01 1.609739787231872609e-13
6.659692390600223666e-01 1.459627224912797952e-13
6.680569169254142459e-01 1.317415329001229872e-13
6.701445947908062362e-01 1.182711935225938096e-13
6.722322726561981154e-01 1.056570458098858752e-13
6.743199505215899947e-01 9.414707645621857402e-14
6.764076283869819850e-01 8.401804082192980686e-14
6.784953062523738643e-01 7.544550452520484561e-14
6.805829841177657435e-01 6.844140085534123996e-14
6.826706619831577338e-01 6.278131525286314856e-14
6.847583398485496131e-01 5.802122833961722401e-14
6.868460177139416034e-01 5.366231778312223363e-14
6.889336955793334827e-01 4.931508143457062418e-14
6.910213734447253620e-01 4.462189137197319548e-14
6.931090513101173523e-01 3.958225882843690585e-14
6.951967291755092315e-01 3.441645488390319628e-14
6.972844070409011108e-01 2.947746592040230612e-14
6.993720849062931011e-01 2.521012665653542063e-14
7.014597627716849804e-01 2.203939884155884689e-14
7.035474406370768596e-01 2.012495848083504774e-14
7.056351185024688499e-01 1.919457206040663122e-14
7.077227963678607292e-01 1.870188487406535839e-14
7.098104742332527195e-01 1.812156749214873365e-14
7.118981520986445988e-01 1.711876658684717867e-14
7.139858299640364780e-01 1.557724080287843642e-14
7.160735078294284683e-01 1.352646990699177350e-14
7.181611856948203476e-01 1.108584012663259682e-14
7.202488635602122269e-01 8.425595616573003125e-15
7.223365414256042172e-01 5.759490165985210756e-15
7.244242192909960965e-01 3.526103056089458807e-15
7.265118971563879757e-01 2.993650689455704431e-15
7.285995750217799660e-01 3.968926640378510647e-15
7.306872528871718453e-01 4.983873892079119786e-15
7.327749307525638356e-01 5.520649370072321583e-15
7.348626086179557149e-01 5.495781713023224246e-15
7.369502864833475941e-01 4.949104687930588917e-15
7.390379643487395844e-01 4.037406170263856781e-15
7.411256422141314637e-01 2.967599018331688284e-15
7.432133200795233430e-01 2.000830885284010487e-15
7.453009979449153333e-01 1.544638652898614606e-15
7.473886758103072125e-01 1.716677460231942249e-15
7.494763536756990918e-01 1.969834614205730526e-15
7.515640315410910821e-01 2.026288977230177842e-15
7.536517094064829614e-01 1.799047773201023140e-15
7.557393872718749517e-01 1.342150293979328840e-15
7.578270651372668310e-01 8.190986943164688639e-16
7.599147430026587102e-01 6.510739961223957505e-16
7.620024208680507005e-01 9.722566996497056723e-16
7.640900987334425798e-01 1.303209433060633617e-15
7.661777765988344591e-01 1.505804673384701077e-15
7.682654544642264494e-01 1.660574031862004548e-15
7.703531323296183286e-01 1.958993779251546934e-15
7.724408101950102079e-01 2.390390789180548679e-15
7.745284880604021982e-01 2.975503711482190415e-15
7.766161659257940775e-01 3.547927756960241309e-15
7.787038437911860678e-01 3.929890429437509405e-15
7.807915216565779470e-01 4.005563649606632621e-15
7.828791995219698263e-01 3.705486569862861279e-15
7.849668773873618166e-01 3.317157778004575603e-15
7.870545552527536959e-01 3.018560921909966869e-15
7.891422331181455752e-01 2.973329322863578756e-15
7.912299109835375654e-01 3.088423805097391098e-15
7.933175888489294447e-01 3.300401007337383782e-15
7.954052667143213240e-01 3.333976361425629089e-15
7.974929445797133143e-01 3.065581472051162738e-15
7.995806224451051936e-01 2.709959362604789992e-15
8.016683003104971839e-01 2.235271280096108402e-15
8.037559781758890631e-01 1.849325053829350651e-15
8.058436560412809424e-01 1.848263334196076952e-15
8.079313339066729327e-01 1.857067827968821236e-15
8.100190117720648120e-01 1.731560853335395733e-15
8.121066896374566912e-01 1.513776830306617904e-15
8.141943675028486815e-01 1.091308004709998699e-15
8.162820453682405608e-01 1.069551839201252951e-15
8.183697232336324401e-01 1.516300940722575325e-15
8.204574010990244304e-01 1.908788493811489021e-15
8.225450789644163097e-01 2.372112797358130163e-15
8.246327568298081889e-01 2.347422886349910283e-15
8.267204346952001792e-01 2.444667030821344704e-15
8.288081125605920585e-01 2.177862538769606338e-15
8.308957904259840488e-01 2.162948846215073759e-15
8.329834682913759281e-01 2.024066463905708341e-15
8.350711461567678073e-01 2.210293884440099622e-15
8.371588240221597976e-01 2.321742159803771778e-15
8.392465018875516769e-01 2.717843608525885350e-15
8.413341797529435562e-01 2.873472919914015341e-15
8.434218576183355465e-01 3.101943289373753966e-15
8.455095354837274257e-01 3.056482729391722590e-15
8.475972133491193050e-01 2.930613862999039524e-15
8.496848912145112953e-01 3.090966596902319964e-15
8.517725690799031746e-01 3.293065715669630167e-15
8.538602469452951649e-01 3.930495223905731932e-15
8.559479248106870442e-01 4.479961795458029997e-15
8.580356026760789234e-01 4.803114373355186422e-15
8.601232805414709137e-01 4.985545018362149668e-15
8.622109584068627930e-01 4.605190052393424679e-15
8.642986362722546723e-01 3.806476020516554211e-15
8.663863141376466626e-01 2.742784919802004463e-15
8.684739920030385418e-01 1.736456489507125287e-15
8.705616698684304211e-01 1.943691804987819106e-15
8.726493477338224114e-01 3.065185349317767910e-15
8.747370255992142907e-01 4.098130085191153007e-15
8.768247034646062810e-01 4.812524607274091449e-15
8.789123813299981602e-01 5.035030596505088216e-15
8.810000591953900395e-01 4.769104401904558051e-15
8.830877370607820298e-01 4.016428755708345714e-15
8.851754149261739091e-01 2.927317870778292137e-15
8.872630927915657884e-01 2.072546339706352830e-15
8.893507706569577786e-01 2.797077594520256729e-15
8.914384485223496579e-01 4.431669185254173188e-15
8.935261263877415372e-01 5.984687096168502934e-15
8.956138042531335275e-01 7.028041722103963225e-15
8.977014821185254068e-01 7.235193335899409629e-15
8.997891599839173971e-01 6.401111478832280092e-15
9.018768378493092763e-01 4.522001775809253150e-15
9.039645157147011556e-01 2.044138598961368749e-15
9.060521935800931459e-01 3.268958835365421656e-15
9.081398714454850252e-01 6.506906027160791571e-15
9.102275493108769044e-01 8.848792021448805762e-15
9.123152271762688947e-01 9.851521922458810849e-15
9.144029050416607740e-01 9.412548213714827851e-15
9.164905829070526533e-01 7.713579703983369172e-15
9.185782607724446436e-01 5.911699602940633908e-15
9.206659386378365229e-01 6.137637616773404785e-15
9.227536165032285131e-01 8.092921815149429423e-15
9.248412943686203924e-01 9.705290743913368007e-15
9.269289722340122717e-01 1.025480185210112527e-14
9.290166500994042620e-01 8.829643997183821500e-15
9.311043279647961413e-01 6.152852463656170844e-15
9.331920058301880205e-01 3.878230202226813005e-15
9.352796836955800108e-01 6.420856411606730422e-15
9.373673615609718901e-01 9.570099973570442684e-15
9.394550394263637694e-01 1.047131724210349408e-14
9.415427172917557597e-01 8.505306043526816531e-15
9.436303951571476389e-01 4.860514025971691879e-15
9.457180730225396292e-01 5.620942893068098234e-15
9.478057508879315085e-01 9.654995123483870273e-15
9.498934287533233878e-01 1.158786787750879450e-14
9.519811066187153781e-01 1.055863294466324989e-14
9.540687844841072573e-01 7.244964992309745269e-15
9.561564623494991366e-01 4.606894451314290576e-15
9.582441402148911269e-01 6.761611555272116340e-15
9.603318180802830062e-01 8.867246026886834390e-15
9.624194959456748855e-01 8.857506226997296144e-15
9.645071738110668758e-01 7.537646493062979225e-15
9.665948516764587550e-01 6.085497405948017198e-15
9.686825295418507453e-01 4.828366147431710981e-15
9.707702074072426246e-01 4.133642666973113260e-15
9.728578852726345039e-01 5.011225715779026929e-15
9.749455631380264942e-01 7.722997756159219934e-15
9.770332410034183734e-01 1.082895765023096702e-14
9.791209188688102527e-01 1.187497199142165061e-14
9.812085967342022430e-01 1.332176963489380630e-14
9.832962745995941223e-01 1.242848866014118675e-14
9.853839524649860016e-01 8.494361572345263705e-15
9.874716303303779918e-01 1.941706653576903172e-14
9.895593081957698711e-01 2.584169423247985966e-14
9.916469860611618614e-01 1.846192781119521204e-14
9.937346639265537407e-01 2.163310315278767652e-14
9.958223417919456200e-01 2.653183072037248762e-14
9.979100196573376103e-01 3.923797727289870879e-14
