2.225792328779823970e-01 8.567804421182846630e-02
2.216357659734015384e-01 8.313472537534259688e-02
2.206785557664075470e-01 8.061890028606928660e-02
2.198754996937047623e-01 7.765822995721095856e-02
2.188870602908777885e-01 7.519937279373026251e-02
2.178864737421455089e-01 7.276788052164924470e-02
2.170249450813940273e-01 6.989749489546895345e-02
2.159964738579967514e-01 6.752271915992713591e-02
2.149574219722842627e-01 6.517509661973852619e-02
2.139082848974384055e-01 6.285453144445406204e-02
2.128495543495544373e-01 6.056091963472769873e-02
2.117817181587021980e-01 5.829414909964190927e-02
2.107052601413422210e-01 5.605409973602523688e-02
2.095044815961675244e-01 5.429095847976350003e-02
2.084169167030652803e-01 5.210161746166965674e-02
2.072143113831702022e-01 5.038395929356898756e-02
2.060131576567376943e-01 4.868750168008193629e-02
2.048137659932061927e-01 4.701207300559476915e-02
2.036164436322248084e-01 4.535749741209041397e-02
2.024214945273931365e-01 4.372359484774951399e-02
2.011382670620938118e-01 4.254249138495042742e-02
1.999523889849697256e-01 4.094682626068568004e-02
1.986846714314033646e-01 3.979830788534141628e-02
1.974262452153667802e-01 3.866447203301810048e-02
1.961772869218519344e-01 3.754516277372212107e-02
1.949379711139150317e-01 3.644022222768974334e-02
1.937084703113938489e-01 3.534949058860757665e-02
1.924889549698863556e-01 3.427280614706373213e-02
1.912795934599884062e-01 3.321000531422618751e-02
1.900805520467953036e-01 3.216092264574578474e-02
1.888246755771847696e-01 3.153121589105863792e-02
1.876489637763557039e-01 3.050653714589132703e-02
1.864202191222318894e-01 2.989574701102392859e-02
1.852683686450833644e-01 2.889488680067809137e-02
1.840671895380316669e-01 2.830253275928362039e-02
1.828805797842055769e-01 2.771793877014061894e-02
1.817086258048794256e-01 2.714101250900183629e-02
1.806080941017464137e-01 2.618362523701775121e-02
1.794645019226915883e-01 2.562421084555277506e-02
1.783358341765615418e-01 2.507215111555831030e-02
1.772221727640717059e-01 2.452735088097081004e-02
1.761235984903864182e-01 2.398971433294954866e-02
1.750401910592517818e-01 2.345914502849909614e-02
1.739720290672112646e-01 2.293554589914143654e-02
1.728706165293352193e-01 2.279034153524575265e-02
1.718342749444065898e-01 2.227816098743085754e-02
1.708133935085031918e-01 2.177268898055269991e-02
1.698080465467063094e-01 2.127382619136805597e-02
1.688183072504274851e-01 2.078147271278982938e-02
1.678002485131943333e-01 2.065615004955257891e-02
1.668429724318366003e-01 2.017445504412867033e-02
1.659015033629058500e-01 1.969900019563029445e-02
1.649342079128227612e-01 1.958414437531420457e-02
1.640255557943789411e-01 1.911890967114233952e-02
1.630924278554227724e-01 1.901014376152465601e-02
1.622168120444905659e-01 1.855485682944042064e-02
1.613180330900169102e-01 1.845205173413994731e-02
1.604756658113742074e-01 1.800643756372407103e-02
1.596114110292134736e-01 1.790946242612022343e-02
1.588024973287258390e-01 1.747324344633996093e-02
1.579729355845142513e-01 1.738196569848204226e-02
1.571976732840018598e-01 1.695486185588244640e-02
1.564029670857784993e-01 1.686914726783922749e-02
1.556258372127136136e-01 1.678532840864981751e-02
1.549018522035041368e-01 1.637058883497498341e-02
1.541598038658411607e-01 1.629216647876198173e-02
1.534354335133197300e-01 1.621561239605291693e-02
1.527631036875740922e-01 1.581270435240862346e-02
1.520740267745508412e-01 1.574137711933543474e-02
1.514027226526342973e-01 1.567188957061340163e-02
1.507824029150399703e-01 1.528027413014635544e-02
1.501465899580767815e-01 1.521584090657337150e-02
1.495286377032699621e-01 1.515321768482971211e-02
1.489285726216372230e-01 1.509240714748575490e-02
1.483783821792750701e-01 1.471460587392413137e-02
1.478140462290486179e-01 1.465864097549279994e-02
1.472676761332899487e-01 1.460445774136996493e-02
1.467392952966752873e-01 1.455205849258502104e-02
1.462289263532812189e-01 1.450144547374740585e-02
1.457673109308017245e-01 1.413942424908427170e-02
1.452929306154755185e-01 1.409340937448048774e-02
1.448366292725261628e-01 1.404914815958814046e-02
1.443984264483842983e-01 1.400664250041034307e-02
1.440080188456747956e-01 1.365647691942757647e-02
1.436059857434147935e-01 1.361835157178465684e-02
1.432221088861246050e-01 1.358194800562557980e-02
1.428851856822735411e-01 1.324026229928893655e-02
1.425375998552423362e-01 1.320805372917417501e-02
1.422082209365247985e-01 1.317753227757055036e-02
1.419249897587271658e-01 1.284375615373322885e-02
1.416320085543927298e-01 1.281724229488077557e-02
1.413844401356192659e-01 1.248859767781416129e-02
1.411279223901455993e-01 1.246593926563409511e-02
1.408896813965604677e-01 1.244489525317845659e-02
1.406697273603149390e-01 1.242546654190268378e-02
1.404680697035080028e-01 1.240765396406811640e-02
1.402847170644825059e-01 1.239145828270630210e-02
1.400927579796624467e-01 1.267794505712907353e-02
1.399460663417035899e-01 1.266466993460880347e-02
1.398176974097136427e-01 1.265305295818346110e-02
1.397076566825903865e-01 1.264309462548565167e-02
1.395884765033023334e-01 1.293477720616589832e-02
1.395151199792048213e-01 1.292797972316738105e-02
1.394600998363993427e-01 1.292288135611826747e-02
1.394234184317656999e-01 1.291948232341563405e-02
1.394050773366132256e-01 1.291778277066273246e-02
