5.882347847626894222e+00 1.305091737322854863e-07
5.882307099852952526e+00 1.302653609449310741e-07
5.882225607625866104e+00 1.298405874030609606e-07
5.882103377586955339e+00 1.289193501732569004e-07
5.881940419697526679e+00 1.272164582936498449e-07
5.881736747238056395e+00 1.243915789333231028e-07
5.881492376807114120e+00 1.201194130249423487e-07
5.881207328320003036e+00 1.141411181036362354e-07
5.880881625007143398e+00 1.063283915864144750e-07
5.880515293412176270e+00 9.673139139201948399e-08
5.880108363389798143e+00 8.560647065702003473e-08
5.879660868103333549e+00 7.340922247758977689e-08
5.879172844022026112e+00 6.075093800502424137e-08
5.878644330918072036e+00 4.832164917728181025e-08
5.878075371863374698e+00 3.679359336251086890e-08
5.877466013226035457e+00 2.672435869671554551e-08
5.876816304666578006e+00 1.848072636106403681e-08
5.876126299133895614e+00 1.219982546049311843e-08
5.875396052860939911e+00 7.794788571943261254e-09
5.874625625360137882e+00 5.000920984263709453e-09
5.873815079418539753e+00 3.448179044323816001e-09
5.872964481092704858e+00 2.740609106293638259e-09
5.872073899703314837e+00 2.523821919788219790e-09
5.871143407829528371e+00 2.527774952595817020e-09
5.870173081303063256e+00 2.580797021611465688e-09
5.869162999202015563e+00 2.599317436697205794e-09
5.868113243844419458e+00 2.563018705741881362e-09
5.867023900781533463e+00 2.486329633997816262e-09
5.865895058790872696e+00 2.394692283395148713e-09
5.864726809868970214e+00 2.309767151562930365e-09
5.863519249223881680e+00 2.243576441242524628e-09
5.862272475267426231e+00 2.198951658512551511e-09
5.860986589607165342e+00 2.172903922973554554e-09
5.859661697038124117e+00 2.160227026914733256e-09
5.858297905534247008e+00 2.155941214740759152e-09
5.856895326239602184e+00 2.156341374181380339e-09
5.855454073459323006e+00 2.159066423735702998e-09
5.853974264650291026e+00 2.162743017437482278e-09
5.852456020411563209e+00 2.166597768583771393e-09
5.850899464474546008e+00 2.170198365890778671e-09
5.849304723692912766e+00 2.173323908417517403e-09
5.847671928032259103e+00 2.175904902887618670e-09
5.846001210559517602e+00 2.177981929577176368e-09
5.844292707432112266e+00 2.179662941865851626e-09
5.842546557886859837e+00 2.181080601622768990e-09
5.840762904228622432e+00 2.182358535767369341e-09
5.838941891818715035e+00 2.183591731285081286e-09
5.837083669063051872e+00 2.184840647288903833e-09
5.835188387400057408e+00 2.186135046724688755e-09
5.833256201288323339e+00 2.187482563476795839e-09
5.831287268194019546e+00 2.188877887163322128e-09
5.829281748578060807e+00 2.190310471842686141e-09
5.827239805883033696e+00 2.191769462029080086e-09
5.825161606519870361e+00 2.193246351063011589e-09
5.823047319854293136e+00 2.194735626646174684e-09
5.820897118193007813e+00 2.196234408444749874e-09
5.818711176769660653e+00 2.197741577916200835e-09
5.816489673730560916e+00 2.199256955932787893e-09
5.814232790120160921e+00 2.200780667506867098e-09
5.811940709866299848e+00 2.202312769001543527e-09
5.809613619765216619e+00 2.203853124683742959e-09
5.807251709466326517e+00 2.205401397795511437e-09
5.804855171456764218e+00 2.206957089926439717e-09
5.802424201045696783e+00 2.208519625359477417e-09
5.799958996348409279e+00 2.210088387631565009e-09
5.797459758270155028e+00 2.211662729826908066e-09
5.794926690489784704e+00 2.213242029304472054e-09
5.792359999443148943e+00 2.214825621927503110e-09
5.789759894306270915e+00 2.216412863336677559e-09
5.787126586978303067e+00 2.218003074858004253e-09
5.784460292064253828e+00 2.219595557004961125e-09
5.781761226857502045e+00 2.221189612463853799e-09
5.779029611322086701e+00 2.222784494339520596e-09
5.776265668074779924e+00 2.224379450984188546e-09
5.773469622366945941e+00 2.225973706098545256e-09
5.770641702066182432e+00 2.227566462389462098e-09
5.767782137637751383e+00 2.229156891714707964e-09
5.764891162125797663e+00 2.230744164485265704e-09
5.761969011134353558e+00 2.232327398188084321e-09
5.759015922808140786e+00 2.233905725547010480e-09
5.756032137813163807e+00 2.235478222850519966e-09
5.753017899317091732e+00 2.237043964586903255e-09
5.749973452969443954e+00 2.238602000005789768e-09
5.746899046881572382e+00 2.240151353951277570e-09
5.743794931606437615e+00 2.241691027283123808e-09
5.740661360118191503e+00 2.243220006716587495e-09
5.737498587791560745e+00 2.244737254154035893e-09
5.734306872381035092e+00 2.246241702236262535e-09
5.731086473999860154e+00 2.247732283068610401e-09
5.727837655098840131e+00 2.249207884451069213e-09
5.724560680444948702e+00 2.250667391058716117e-09
5.721255817099750729e+00 2.252109660011556258e-09
5.717923334397639223e+00 2.253533526606017129e-09
5.714563503923884902e+00 2.254937815746490341e-09
5.711176599492501893e+00 2.256321319312363937e-09
5.707762897123934032e+00 2.257682822608829376e-09
5.704322675022560851e+00 2.259021077249533654e-09
5.700856213554023277e+00 2.260334838633653802e-09
5.697363795222375238e+00 2.261622807237952323e-09
5.693845704647062966e+00 2.262883710389552572e-09
5.690302228539724894e+00 2.264116209953909192e-09
5.686733655680829891e+00 2.265318986499628941e-09
5.683140276896140541e+00 2.266490675361490651e-09
5.679522385033013876e+00 2.267629914653372952e-09
5.675880274936532466e+00 2.268735302080559745e-09
5.672214243425478308e+00 2.269805439038031957e-09
5.668524589268141511e+00 2.270838891835616562e-09
5.664811613157970882e+00 2.271834209495528124e-09
5.661075617689073525e+00 2.272789938133332643e-09
5.657316907331546574e+00 2.273704577463176284e-09
5.653535788406672147e+00 2.274576644138373170e-09
5.649732569061947096e+00 2.275404595325419178e-09
5.645907559245973317e+00 2.276186906680416526e-09
5.642061070683196178e+00 2.276922013234095137e-09
5.638193416848503503e+00 2.277608330456175386e-09
5.634304912941672683e+00 2.278244273825039055e-09
5.630395875861689881e+00 2.278828208304858116e-09
5.626466624180918252e+00 2.279358518720777900e-09
5.622517478119139156e+00 2.279833525506021806e-09
5.618548759517452140e+00 2.280251576005784980e-09
5.614560791812048812e+00 2.280610957967152548e-09
5.610553900007853478e+00 2.280909963402444043e-09
5.606528410652036776e+00 2.281146858724035646e-09
5.602484651807399629e+00 2.281319879835463871e-09
5.598422953025641746e+00 2.281427261756142744e-09
5.594343645320503988e+00 2.281467198856868569e-09
5.590247061140789064e+00 2.281437879489699871e-09
5.586133534343269424e+00 2.281337458459327471e-09
5.582003400165481466e+00 2.281164083117849684e-09
5.577856995198400725e+00 2.280915873316315580e-09
5.573694657359014037e+00 2.280590913859688432e-09
5.569516725862780682e+00 2.280187294658563219e-09
5.565323541195984269e+00 2.279703061196364844e-09
5.561115445087989606e+00 2.279136246371504098e-09
5.556892780483385863e+00 2.278484853404845045e-09
5.552655891514046260e+00 2.277746877346695427e-09
5.548405123471074951e+00 2.276920269843040199e-09
5.544140822776672195e+00 2.276002970190353071e-09
5.539863336955900053e+00 2.274992899247440501e-09
5.535573014608358378e+00 2.273887938771042686e-09
5.531270205379781757e+00 2.272685955950546546e-09
5.526955259933536091e+00 2.271384792003355451e-09
5.522628529922048557e+00 2.269982257378864185e-09
5.518290367958142539e+00 2.268476140416565032e-09
5.513941127586306834e+00 2.266864202714889346e-09
5.509581163253878699e+00 2.265144181577518944e-09
5.505210830282159407e+00 2.263313770490268456e-09
5.500830484837457846e+00 2.261370664158914878e-09
5.496440483902062191e+00 2.259312493199928197e-09
5.492041185245149393e+00 2.257136891620849166e-09
5.487632947393624505e+00 2.254841434277274849e-09
5.483216129602907607e+00 2.252423686646570155e-09
5.478791091827651449e+00 2.249881166954730574e-09
5.474358194692406698e+00 2.247211374620809408e-09
5.469917799462234775e+00 2.244411750475912417e-09
5.465470268013263855e+00 2.241479736188076367e-09
5.461015962803199564e+00 2.238412697128196789e-09
5.456555246841782392e+00 2.235207996076045799e-09
5.452088483661206908e+00 2.231862929368161612e-09
5.447616037286494795e+00 2.228374768126736778e-09
5.443138272205827022e+00 2.224740741241253889e-09
5.438655553340838722e+00 2.220958013411733503e-09
5.434168246016881199e+00 2.217023738916831777e-09
5.429676715933250186e+00 2.212934982552756281e-09
5.425181329133377695e+00 2.208688791024282799e-09
5.420682451975007865e+00 2.204282140022944524e-09
5.416180451100333748e+00 2.199711947143234817e-09
5.411675693406120757e+00 2.194975084856519865e-09
5.407168546013805255e+00 2.190068344799289625e-09
5.402659376239575373e+00 2.184988463126165845e-09
5.398148551564435849e+00 2.179732097904990281e-09
5.393636439604260424e+00 2.174295830640576589e-09
5.389123408079830035e+00 2.168676171844495824e-09
5.384609824786869225e+00 2.162869527514208700e-09
5.380096057566069234e+00 2.156872220915694089e-09
5.375582474273108424e+00 2.150680480274621409e-09
5.371069442748678036e+00 2.144290419353035216e-09
5.366557330788502611e+00 2.137698029152402795e-09
5.362046506113363087e+00 2.130899206847505653e-09
5.357537336339133205e+00 2.123889685559511518e-09
5.353030188946817702e+00 2.116665077678747459e-09
5.348525431252604712e+00 2.109220846730311938e-09
5.344023430377930595e+00 2.101552284987380730e-09
5.339524553219560765e+00 2.093654524467076377e-09
5.335029166419689162e+00 2.085522516251744076e-09
5.330537636336057261e+00 2.077151010955495515e-09
5.326050329012100626e+00 2.068534577820936422e-09
5.321567610147111438e+00 2.059667553258378818e-09
5.317089845066443665e+00 2.050544056238077002e-09
5.312617398691731552e+00 2.041157993162638995e-09
5.308150635511156068e+00 2.031502996770399020e-09
5.303689919549738896e+00 2.021572487009372136e-09
5.299235614339674605e+00 2.011359606627454869e-09
5.294788082890703684e+00 2.000857241879877714e-09
5.290347687660531761e+00 1.990058033305224060e-09
5.285914790525287010e+00 1.978954347553850550e-09
5.281489752750030853e+00 1.967538294305773332e-09
5.277072934959313955e+00 1.955801741447718795e-09
5.272664697107789067e+00 1.943736297287443378e-09
5.268265398450876269e+00 1.931333369525855635e-09
5.263875397515480614e+00 1.918584126895822978e-09
5.259495052070779053e+00 1.905479580256861201e-09
5.255124719099060648e+00 1.892010563193562755e-09
5.250764754766631626e+00 1.878167793780989038e-09
5.246415514394795920e+00 1.863941921628318631e-09
5.242077352430889903e+00 1.849323534004974421e-09
5.237750622419402369e+00 1.834303264091022320e-09
5.233435676973156703e+00 1.818871807808518086e-09
5.229132867744580082e+00 1.803019996660739742e-09
5.224842545397038407e+00 1.786738907146579761e-09
5.220565059576266265e+00 1.770019877572073877e-09
5.216300758881863509e+00 1.752854653930479824e-09
5.212049990838892199e+00 1.735235431127521216e-09
5.207813101869552597e+00 1.717154989523932441e-09
5.203590437264948854e+00 1.698606770206002791e-09
5.199382341156954190e+00 1.679584984132076070e-09
5.195189156490157778e+00 1.660084724973684465e-09
5.191011224993924422e+00 1.640102084125622359e-09
5.186848887154537735e+00 1.619634232267224246e-09
5.182702482187456994e+00 1.598679591131464934e-09
5.178572348009669035e+00 1.577237847338319278e-09
5.174458821212149395e+00 1.555310180827104981e-09
5.170362237032434471e+00 1.532899252156316258e-09
5.166282929327296713e+00 1.510009376933992575e-09
5.162221230545538830e+00 1.486646580497850745e-09
5.158177471700901684e+00 1.462818694325157310e-09
5.154151982345084981e+00 1.438535456848044735e-09
5.150145090540889647e+00 1.413808480834125158e-09
5.146157122835487208e+00 1.388651437516243139e-09
5.142188404233799304e+00 1.363080000966507411e-09
5.138239258172020207e+00 1.337111897462830404e-09
5.134310006491248579e+00 1.310766920161506750e-09
5.130400969411265777e+00 1.284066911615630126e-09
5.126512465504434957e+00 1.257035774573727289e-09
5.122644811669742282e+00 1.229699341828047605e-09
5.118798323106965142e+00 1.202085472808020943e-09
5.114973313290991364e+00 1.174223757430874732e-09
5.111170093946266313e+00 1.146145700253801234e-09
5.107388975021391886e+00 1.117884283871434716e-09
5.103630264663864935e+00 1.089474203837227642e-09
5.099894269194967578e+00 1.060951345947551559e-09
5.096181293084796948e+00 1.032352989217651893e-09
5.092491638927460151e+00 1.003717347026611924e-09
5.088825607416405994e+00 9.750835249675420472e-10
5.085183497319924584e+00 9.464913371339205889e-10
5.081565605456797918e+00 9.179810244677469996e-10
5.077972226672108569e+00 8.895930677419541463e-10
5.074403653813213566e+00 8.613680345024040518e-10
5.070860177705875493e+00 8.333462429307554242e-10
5.067342087130563222e+00 8.055676645464669832e-10
5.063849668798915182e+00 7.780716018074804998e-10
5.060383207330377608e+00 7.508965414222518176e-10
5.056942985229004428e+00 7.240799296051793981e-10
5.053529282860437455e+00 6.976579315692047696e-10
5.050142378429053558e+00 6.716653386559644130e-10
5.046782547955299236e+00 6.461352570595898326e-10
5.043450065253187731e+00 6.210991139916634655e-10
5.040145201907989758e+00 5.965863441807570723e-10
5.036868227254098329e+00 5.726244033111590039e-10
5.033619408353078306e+00 5.492385738123264440e-10
5.030399009971903368e+00 5.264519101611031495e-10
5.027207294561377715e+00 5.042852213250997377e-10
5.024044522234746957e+00 4.827568819738528647e-10
5.020910950746500845e+00 4.618830104043634988e-10
5.017806835471366078e+00 4.416773009005363195e-10
5.014732429383494505e+00 4.221510598015985607e-10
5.011687983035846727e+00 4.033134062341167634e-10
5.008673744539774653e+00 3.851710450818038993e-10
5.005689959544796785e+00 3.677286349273924123e-10
5.002736871218584902e+00 3.509886217307107704e-10
4.999814720227140796e+00 3.349515102108673859e-10
4.996923744715187077e+00 3.196159408751415649e-10
4.994064180286756027e+00 3.049787461123937890e-10
4.991236259985992518e+00 2.910351654663404198e-10
4.988440214278158535e+00 2.777789626708006229e-10
4.985676271030851758e+00 2.652025855250859410e-10
4.982944655495436415e+00 2.532973450696645882e-10
4.980245590288684632e+00 2.420534934381654550e-10
4.977579295374635393e+00 2.314605863823629298e-10
4.974945988046667544e+00 2.215074748509552521e-10
4.972345882909789516e+00 2.121826495686678352e-10
4.969779191863153756e+00 2.034742630452623488e-10
4.967246124082784320e+00 1.953704833936973823e-10
4.964746886004529181e+00 1.878593214039799154e-10
4.962281681307241676e+00 1.809289057401659655e-10
4.959850710896174242e+00 1.745673331713641928e-10
4.957454172886611943e+00 1.687625961081655167e-10
4.955092262587721841e+00 1.635027401940458532e-10
4.952765172486638612e+00 1.587760657149837891e-10
4.950473092232777539e+00 1.545717736250996893e-10
4.948216208622377543e+00 1.508813524765390920e-10
4.945994705583277806e+00 1.477003738627789699e-10
4.943808764159930647e+00 1.450312072003176514e-10
4.941658562498645324e+00 1.428857803791960111e-10
4.939544275833068099e+00 1.412881951220271663e-10
4.937466076469904763e+00 1.402760273388144648e-10
4.935424133774877653e+00 1.398995059211860911e-10
4.933418614158918913e+00 1.402171685159002712e-10
4.931449681064615120e+00 1.412875612087535986e-10
4.929517494952881052e+00 1.431563527694882682e-10
4.927622213289886588e+00 1.458400313835113913e-10
4.925763990534223424e+00 1.493070551080885296e-10
4.923942978124316028e+00 1.534595269946434861e-10
4.922159324466078623e+00 1.581186107471823515e-10
4.920413174920826194e+00 1.630167497108271648e-10
4.918704671793420857e+00 1.678005584812333923e-10
4.917033954320679356e+00 1.720463662933678751e-10
4.915401158660025693e+00 1.752890371059160341e-10
4.913806417878392452e+00 1.770637259401854060e-10
4.912249861941375251e+00 1.769563658182481128e-10
4.910731617702647434e+00 1.746594383940307350e-10
4.909251808893615454e+00 1.700253407159911026e-10
4.907810556113336276e+00 1.631120656381975944e-10
4.906407976818691452e+00 1.542139971697938943e-10
4.905044185314814342e+00 1.438726702741787010e-10
4.903719292745773117e+00 1.328654416375786418e-10
4.902433407085512229e+00 1.221695320292499768e-10
4.901186633129056780e+00 1.129054368279682595e-10
4.899979072483968245e+00 1.062623679937371960e-10
4.898810823562065764e+00 1.034132309292455737e-10
4.897681981571404997e+00 1.054261867339312885e-10
4.896592638508519002e+00 1.131815277131395219e-10
4.895542883150922897e+00 1.273004021556013863e-10
4.894532801049875204e+00 1.480936759338715161e-10
4.893562474523410089e+00 1.755333337169847408e-10
4.892631982649623623e+00 2.092503571779422344e-10
4.891741401260233602e+00 2.485574574443628642e-10
4.890890802934398707e+00 2.924968726706121524e-10
4.890080256992800578e+00 3.399024336927327302e-10
4.889309829491998549e+00 3.894787582353048659e-10
4.888579583219042846e+00 4.398834085585086144e-10
4.887889577686360454e+00 4.898051592778811842e-10
4.887239869126903002e+00 5.380410620921180285e-10
4.886630510489563761e+00 5.835525816105528418e-10
4.886061551434866423e+00 6.255102941542755645e-10
4.885533038330912348e+00 6.633197452943615702e-10
4.885045014249604911e+00 6.966232642167048200e-10
4.884597518963140317e+00 7.252964178925927226e-10
4.884190588940762190e+00 7.494140500208169811e-10
4.883824257345795061e+00 7.692250071127120528e-10
4.883498554032935424e+00 7.851000680703215406e-10
4.883213505545824340e+00 7.974979978429895199e-10
4.882969135114882064e+00 8.069210082883706751e-10
4.882765462655411781e+00 8.138566988246330140e-10
4.882602504765983120e+00 8.187864979488986996e-10
4.882480274727072356e+00 8.220931470588019326e-10
4.882398782499985934e+00 8.241076965729262554e-10
4.882358034726044238e+00 8.252693534862109917e-10
