8.781775711822217279e-01 3.711621085295859629e-02
8.774847074391470825e-01 3.708692693860661527e-02
8.767948345429136259e-01 3.705776943251833100e-02
8.761080087156639662e-01 3.702874071092488589e-02
8.754242859312154623e-01 3.699984313956194981e-02
8.747437219104985395e-01 3.697107907347693678e-02
8.740663721170158773e-01 3.694245085683703356e-02
8.733922917523225804e-01 3.691396082273821350e-02
8.727215357515267780e-01 3.688561129301507618e-02
8.720541587788130933e-01 3.685740457805160991e-02
8.713902152229877629e-01 3.682934297659291867e-02
8.708238803218545376e-01 3.450258201193470708e-02
8.701668946336830190e-01 3.447655183166631332e-02
8.695135042209237719e-01 3.445066409843866584e-02
8.688637623325292658e-01 3.442492092200827303e-02
8.682177219201095975e-01 3.439932440035076144e-02
8.675754356336188300e-01 3.437387661948995699e-02
8.669369558170628709e-01 3.434857965332781954e-02
8.663023345042342171e-01 3.432343556347546010e-02
8.656716234144714583e-01 3.429844639908514320e-02
8.650448739484440930e-01 3.427361419668325387e-02
8.644221371839632129e-01 3.424894098000435400e-02
8.638034638718199432e-01 3.422442875982622396e-02
8.631889044316484183e-01 3.420007953380604926e-02
8.626657270978020930e-01 3.189857689743476332e-02
8.620594840222982613e-01 3.187615999740611716e-02
8.614575044808320259e-01 3.185390074901943425e-02
8.608598375325554608e-01 3.183180096632284850e-02
8.602665318851603349e-01 3.180986245036860477e-02
8.596776358909078430e-01 3.178808698906628732e-02
8.590931975426886469e-01 3.176647635703712391e-02
8.585132644701114479e-01 3.174503231546935839e-02
8.579378839356210928e-01 3.172375661197471275e-02
8.573671028306469877e-01 3.170265098044595248e-02
8.568009676717822654e-01 3.168171714091561064e-02
8.562395245969917079e-01 3.166095679941579449e-02
8.556828193618524203e-01 3.164037164783913697e-02
8.551308973358245913e-01 3.161996336380093475e-02
8.545838034985545617e-01 3.159973361050241736e-02
8.540415824362084241e-01 3.157968403659521667e-02
8.535042783378389286e-01 3.155981627604698136e-02
8.529719349917839200e-01 3.154013194800824038e-02
8.524445957820981912e-01 3.152063265668043207e-02
8.520024981154847854e-01 2.925214320604325319e-02
8.514852470098474013e-01 2.923438421654608876e-02
8.509731282149299858e-01 2.921680143672963567e-02
8.504661834665592224e-01 2.919939629952676002e-02
8.499644540788962033e-01 2.918217022339310990e-02
8.494679809410687898e-01 2.916512461219149255e-02
8.489768045138393893e-01 2.914826085507749021e-02
8.484909648263081472e-01 2.913158032638622427e-02
8.480105014726495583e-01 2.911508438552036504e-02
8.475354536088869351e-01 2.909877437683935225e-02
8.470658599497005170e-01 2.908265162954981609e-02
8.466017587652727716e-01 2.906671745759726450e-02
8.461431878781693339e-01 2.905097315955900567e-02
8.456901846602565831e-01 2.903542001853829865e-02
8.452427860296558570e-01 2.902005930205980855e-02
8.448010284477354137e-01 2.900489226196628981e-02
8.443649479161380311e-01 2.898992013431658452e-02
8.439345799738474652e-01 2.897514413928485924e-02
8.435099596942924327e-01 2.896056548106119496e-02
8.430911216824878984e-01 2.894618534775343643e-02
8.426781000722145532e-01 2.893200491129036336e-02
8.422709285232378162e-01 2.891802532732619044e-02
8.418696402185641414e-01 2.890424773514636836e-02
8.414742678617371796e-01 2.889067325757476920e-02
8.410848436741715783e-01 2.887730300088214158e-02
8.407013993925285256e-01 2.886413805469598484e-02
8.403239662661281528e-01 2.885117949191173120e-02
8.399525750544031277e-01 2.883842836860531222e-02
8.395872560243919924e-01 2.882588572394709572e-02
8.392280389482726921e-01 2.881355258011718615e-02
8.388749531009357385e-01 2.880142994222214398e-02
8.385280272575990068e-01 2.878951879821304780e-02
8.381872896914620563e-01 2.877782011880498925e-02
8.378527681714025288e-01 2.876633485739797658e-02
8.375244899597125148e-01 2.875506394999920862e-02
8.372024818098775523e-01 2.874400831514681981e-02
8.368867699643952607e-01 2.873316885383500607e-02
8.365773801526379394e-01 2.872254644944061130e-02
8.362743375887542463e-01 2.871214196765111207e-02
8.359776669696158402e-01 2.870195625639409415e-02
8.356873924728036584e-01 2.869199014576813422e-02
8.354035377546376040e-01 2.868224444797514566e-02
8.351261259482494204e-01 2.867271995725420922e-02
8.348551796616962006e-01 2.866341744981681580e-02
8.345907209761193046e-01 2.865433768378363236e-02
8.343327714439436882e-01 2.864548139912270405e-02
8.340813520871219744e-01 2.863684931758915184e-02
8.338364833954209354e-01 2.862844214266635837e-02
8.335981853247521611e-01 2.862026055950862846e-02
8.333664772955453603e-01 2.861230523488535182e-02
8.331413781911656269e-01 2.860457681712668190e-02
8.329229063563746704e-01 2.859707593607066847e-02
8.327110795958359013e-01 2.858980320301195491e-02
8.325059151726630358e-01 2.858275921065193612e-02
8.323074298070132215e-01 2.857594453305048118e-02
8.321156396747251272e-01 2.856935972557913747e-02
8.319305604059997750e-01 2.856300532487585433e-02
8.317522070841272264e-01 2.855688184880127850e-02
8.315805942442574539e-01 2.855098979639653783e-02
8.314157358722150670e-01 2.854532964784255167e-02
8.312576454033603346e-01 2.853990186442093360e-02
8.311063357214938385e-01 2.853470688847636882e-02
8.309618191578069801e-01 2.852974514338059084e-02
8.308241074898757850e-01 2.852501703349784312e-02
8.306932119407026693e-01 2.852052294415196101e-02
8.305691431778008393e-01 2.851626324159495240e-02
8.304519113123248752e-01 2.851223827297713967e-02
8.303415258982475011e-01 2.850844836631889062e-02
8.302379959315798752e-01 2.850489383048387254e-02
8.301413298496395088e-01 2.850157495515388134e-02
8.300515355303620391e-01 2.849849201080523545e-02
8.299686202916589650e-01 2.849564524868673440e-02
8.298925908908221238e-01 2.849303490079917525e-02
8.298234535239722431e-01 2.849066117987646488e-02
8.297612138255543446e-01 2.848852427936825193e-02
8.297058768678784446e-01 2.848662437342419293e-02
8.296574471607061074e-01 2.848496161687974135e-02
8.296159286508832942e-01 2.848353614524353622e-02
8.295813247220177322e-01 2.848234807468634153e-02
8.295536381942046900e-01 2.848139750203161971e-02
8.295328713237957174e-01 2.848068450474758664e-02
8.295190258032156816e-01 2.848020914094094580e-02
8.295843989537163843e-01 2.628996791631861563e-02
