9.999818741416690582e-01 5.986884725455157157e-06
9.998368771312757808e-01 5.388652318020702804e-05
9.995469356732031851e-01 1.497100841140734011e-04
9.991121548738259861e-01 2.935052640546809014e-04
9.985326923450765779e-01 4.853385335908730726e-04
9.978087581473094048e-01 7.252818882976647379e-04
9.969406147131525397e-01 1.013385897693812624e-03
9.959285767523731181e-01 1.349635795460246571e-03
9.947730111377930395e-01 1.733891138781227170e-03
9.934743367722929097e-01 2.165814585638599962e-03
9.920330244369572892e-01 2.644800354980038522e-03
9.904495966204120982e-01 3.169916399776353567e-03
9.887246273294167942e-01 3.739874786262406114e-03
9.868587418807830414e-01 4.353041388369317810e-03
9.848526166746909283e-01 5.007488990125507668e-03
9.827069789494886631e-01 5.701088702356423010e-03
9.804226065180614569e-01 6.431625690777663211e-03
9.780003274858672935e-01 7.196919297574136745e-03
9.754410199507423940e-01 7.994926744812723071e-03
9.727456116845809575e-01 8.823814249554083264e-03
9.699150797970117477e-01 9.681988253212729309e-03
9.669504503811854335e-01 1.056808984735750807e-02
9.638527981418074653e-01 1.148096419365457997e-02
9.606232460055477151e-01 1.241962131880868653e-02
9.572629647139696552e-01 1.338320419458237896e-02
9.537731723991258459e-01 1.437097531599614356e-02
9.501551341419742780e-01 1.538232616702086067e-02
9.464101615137754386e-01 1.641680747859134218e-02
9.425396121006357486e-01 1.747417394588847775e-02
9.385448890113698983e-01 1.855443585177635538e-02
9.344274403688623831e-01 1.965791142509238157e-02
9.301887587851096484e-01 2.078527655173320610e-02
9.258303808201342466e-01 2.193761129885276467e-02
9.213538864249690707e-01 2.311644462712888343e-02
9.167608983689101709e-01 2.432379929407629815e-02
9.120530816512484318e-01 2.556223848952099073e-02
9.072321428976928281e-01 2.683491467997028979e-02
9.022998297417033076e-01 2.814561995866446398e-02
8.972579301909577865e-01 2.949883620454741076e-02
8.921082719791830762e-01 3.089978262742111570e-02
8.868527219035855502e-01 3.235445775231493570e-02
8.814931851481202507e-01 3.386967246983627056e-02
8.760316045928449036e-01 3.545307039166737534e-02
8.704699601096077544e-01 3.711313141686002626e-02
8.648102678443274627e-01 3.885915421134394920e-02
8.590545794861208506e-01 4.070121333202610797e-02
8.532049815235482892e-01 4.265008708025664480e-02
8.472635944882422887e-01 4.471715290433671969e-02
8.412325721861957373e-01 4.691424829457076923e-02
8.351141009169891216e-01 4.925349657937363318e-02
8.289103986812358382e-01 5.174709873635520430e-02
8.226237143765375848e-01 5.440709413491226498e-02
8.162563269822391554e-01 5.724509486061634539e-02
8.098105447332777374e-01 6.027199977456121349e-02
8.032887042834278013e-01 6.349769560360989107e-02
7.966931698582415677e-01 6.693075306735833674e-02
7.900263323979981323e-01 7.057812631977615492e-02
7.832906086909641186e-01 7.444486387718646236e-02
7.764884404972884901e-01 7.853383882490780343e-02
7.696222936638408285e-01 8.284550556728090265e-02
7.626946572303201499e-01 8.737768982609842028e-02
7.557080425269566692e-01 9.212541808587224046e-02
7.486649822641311403e-01 9.708079227275652479e-02
7.415680296142448391e-01 1.022329151340673342e-01
7.344197572861721479e-01 1.075678715158971399e-01
7.272227565926299153e-01 1.130687704500828866e-01
7.199796365108042107e-01 1.187158525790864977e-01
7.126930227365719794e-01 1.244866668882725347e-01
7.053655567326626574e-01 1.303563199084351309e-01
6.979998947711055779e-01 1.362977994405205617e-01
6.905987069703058978e-01 1.422823733996557427e-01
6.831646763271037592e-01 1.482800625547767703e-01
6.757004977441640747e-01 1.542601837482198146e-01
6.682088770530494326e-01 1.601919576273830581e-01
6.606925300333326145e-01 1.660451720341895587e-01
6.531541814281016656e-01 1.717908890197027971e-01
6.455965639562162295e-01 1.774021800411218486e-01
6.380224173216730854e-01 1.828548703392492147e-01
6.304344872204380446e-01 1.881282698986651569e-01
6.228355243451071388e-01 1.932058649119399174e-01
6.152282833877560364e-01 1.980759405070008361e-01
6.076155220413387292e-01 2.027321029229483818e-01
6.000000000000000888e-01 2.071736676825791379e-01
5.923844779586613374e-01 2.114058800429791940e-01
5.847717166122441412e-01 2.154399356194494075e-01
5.771644756548928168e-01 2.192927731285668203e-01
5.695655127795620221e-01 2.229866182173935729e-01
5.619775826783270922e-01 2.265482677388769295e-01
5.544034360437837261e-01 2.300081177131286791e-01
5.468458185718984010e-01 2.333989552289568725e-01
5.393074699666673411e-01 2.367545537057535454e-01
5.317911229469505230e-01 2.401081305458646342e-01
5.242995022558359919e-01 2.434907438912381206e-01
5.168353236728961964e-01 2.469297181869691271e-01
5.094012930296942798e-01 2.504471938618061944e-01
5.020001052288944887e-01 2.540588926767266553e-01
4.946344432673373537e-01 2.577731764845405671e-01
4.873069772634281982e-01 2.615904542858175086e-01
4.800203634891958004e-01 2.655029632326713074e-01
4.727772434073700403e-01 2.694949175188662838e-01
4.655802427138279187e-01 2.735429892347768788e-01
4.584319703857552830e-01 2.776170611329972226e-01
4.513350177358690374e-01 2.816811755266315775e-01
4.442919574730435084e-01 2.856945973374865888e-01
4.373053427696799167e-01 2.896129121933557760e-01
4.303777063361592936e-01 2.933890908230984973e-01
4.235115595027115210e-01 2.969744665247121551e-01
4.167093913090358370e-01 3.003195907313729873e-01
4.099736676020022119e-01 3.033749504406397790e-01
4.033068301417584434e-01 3.060915487078564867e-01
3.967112957165724318e-01 3.084213642459099902e-01
3.901894552667222738e-01 3.103177175992771208e-01
3.837436730177609667e-01 3.117355789376829445e-01
3.773762856234625929e-01 3.126318561105860261e-01
3.710896013187642284e-01 3.129657013151225242e-01
3.648858990830108340e-01 3.126988708385594062e-01
3.587674278138042183e-01 3.117961652813339701e-01
3.527364055117580555e-01 3.102259680291297728e-01
3.467950184764518884e-01 3.079608882262311886e-01
3.409454205138792160e-01 3.049785019092736693e-01
3.351897321556726039e-01 3.012621721530193142e-01
3.295300398903922012e-01 2.968019169347617670e-01
3.239683954071552741e-01 2.915952827792970825e-01
3.185068148518798714e-01 2.856481738461488784e-01
3.131472780964146274e-01 2.789755805628901242e-01
3.078917280208171015e-01 2.716021496015386116e-01
3.027420698090422801e-01 2.635625381343164597e-01
2.977001702582967591e-01 2.549014998858984415e-01
2.927678571023072385e-01 2.456736583912804417e-01
2.879469183487518569e-01 2.359429339599702635e-01
2.832391016310900067e-01 2.257816052235419313e-01
2.786461135750309959e-01 2.152690041823925871e-01
2.741696191798657090e-01 2.044898658673453551e-01
2.698112412148904182e-01 1.935323801150705958e-01
2.655725596311377390e-01 1.824860220942337019e-01
2.614551109886302793e-01 1.714392662972931136e-01
2.574603878993644290e-01 1.604773094029629810e-01
2.535898384862245170e-01 1.496799333077673821e-01
2.498448658580258164e-01 1.391196253394497984e-01
2.462268276008743040e-01 1.288600385794361480e-01
2.427370352860304947e-01 1.189548297471881150e-01
2.393767539944523792e-01 1.094468703649492669e-01
2.361472018581926291e-01 1.003678052583164698e-01
2.330495496188147164e-01 9.173794055545915482e-02
2.300849202029883467e-01 8.356647799740989091e-02
2.272543883154191091e-01 7.585215641483869509e-02
2.245589800492577559e-01 6.858438921865990523e-02
2.219996725141325788e-01 6.174497509661166367e-02
2.195773934819386097e-01 5.531039634319682985e-02
2.172930210505113480e-01 4.925461217975097422e-02
2.151473833253091661e-01 4.355212779697454489e-02
2.131412581192171918e-01 3.818100980072698658e-02
2.112753726705833557e-01 3.312546201319108846e-02
2.095504033795879961e-01 2.837759779011221270e-02
2.079669755630426387e-01 2.393815148500954421e-02
2.065256632277071847e-01 1.981604408734927505e-02
2.052269888622071103e-01 1.602691833664597956e-02
2.040714232476269485e-01 1.259093927254288300e-02
2.030593852868476101e-01 9.530273557589634750e-03
2.021912418526906896e-01 6.866687240131500412e-03
2.014673076549234887e-01 4.619632361174925289e-03
2.008878451261739695e-01 2.805047383163962547e-03
2.004530643267968260e-01 1.434912641272430983e-03
2.001631228687243136e-01 5.174259549947928406e-04
2.000181258583308697e-01 5.753771135205629488e-05
