1.000000000000000000e+00 1.834378138192589869e-26 1.777099547973199970e-28 1.852149133672321779e-26
9.999978758983862903e-01 9.261261819911318464e-13 9.404727400588174860e-13 1.866598922049949534e-12
9.999808832208307852e-01 6.559906366949187042e-11 7.591228709770266558e-11 1.415113507671945360e-10
9.999468985876009963e-01 3.836894436838305390e-10 5.728537792267204688e-10 9.565432229105509561e-10
9.998959234424293907e-01 9.515842730039574030e-10 2.061661483965988242e-09 3.013245756969945438e-09
9.998279599508383964e-01 1.390868436302454535e-09 4.931713331376959454e-09 6.322581767679413575e-09
9.997430110000471437e-01 1.320939751971475506e-09 8.837550792621218267e-09 1.015849054459269460e-08
9.996410801988502293e-01 8.202979064672090519e-10 1.260989967845473219e-08 1.343019758492194197e-08
9.995221718774638386e-01 3.110902279764337384e-10 1.501188564704042367e-08 1.532297587501685741e-08
9.993862910873418937e-01 5.897906897740172138e-11 1.567130570607419735e-08 1.573028477505159814e-08
9.992334436009606691e-01 5.321965486944078902e-12 1.518240699175014453e-08 1.518772895723708808e-08
9.990636359115752096e-01 6.229238141203182545e-12 1.441636555253645148e-08 1.442259479067765403e-08
9.988768752329419964e-01 5.850120104064614649e-12 1.390205352103639894e-08 1.390790364114046328e-08
9.986731694990131913e-01 4.286495180096895490e-12 1.372328489816886832e-08 1.372757139334896455e-08
9.984525273635991294e-01 3.983665229702890740e-12 1.373387508281537140e-08 1.373785874804507357e-08
9.982149582000015009e-01 4.019766326485577853e-12 1.378403032801339717e-08 1.378805009433988286e-08
9.979604721006143375e-01 4.034358000900934431e-12 1.381282078996826302e-08 1.381685514796916396e-08
9.976890798764954660e-01 4.044652370475709280e-12 1.382282461851375077e-08 1.382686927088422681e-08
9.974007930569075420e-01 4.058390764734344559e-12 1.382882065498962048e-08 1.383287904575435407e-08
9.970956238888282197e-01 4.074624508839294871e-12 1.383658930281423705e-08 1.384066392732307602e-08
9.967735853364292353e-01 4.092390931916605818e-12 1.384580675242766175e-08 1.384989914335957773e-08
9.964346910805268465e-01 4.111362582161732808e-12 1.385559762183891075e-08 1.385970898442107183e-08
9.960789555179991872e-01 4.131627471106302925e-12 1.386580297777483480e-08 1.386993460524594151e-08
9.957063937611758675e-01 4.153289052391633024e-12 1.387648355936833074e-08 1.388063684842072318e-08
9.953170216371955981e-01 4.176411405349919832e-12 1.388766171920701773e-08 1.389183813061236720e-08
9.949108556873331732e-01 4.201055837699469166e-12 1.389933601502548485e-08 1.390353707086318460e-08
9.944879131662982541e-01 4.227289712440868794e-12 1.391150619254741753e-08 1.391573348225985917e-08
9.940482120415008449e-01 4.255184095938483813e-12 1.392417366472504682e-08 1.392842884882098566e-08
9.935917709922885699e-01 4.284813123623838014e-12 1.393733986164079295e-08 1.394162467476441640e-08
9.931186094091533079e-01 4.316254192289228632e-12 1.395100620245914739e-08 1.395532245665143634e-08
9.926287473929076288e-01 4.349588042072853069e-12 1.396517417684778599e-08 1.396952376488985809e-08
9.921222057538299222e-01 4.384898802220157752e-12 1.397984534224674640e-08 1.398423024104896721e-08
9.915990060107813253e-01 4.422274045886649941e-12 1.399502132103205713e-08 1.399944359507794377e-08
9.910591703902915661e-01 4.461804847895174918e-12 1.401070380009902550e-08 1.401516560494692051e-08
9.905027218256137189e-01 4.503585844675224560e-12 1.402689452984836896e-08 1.403139811569304349e-08
9.899296839557509831e-01 4.547715296965044491e-12 1.404359532364148689e-08 1.404814303893845238e-08
9.893400811244517090e-01 4.594295155061741876e-12 1.406080805760176849e-08 1.406540235275682979e-08
9.887339383791764469e-01 4.643431126076217290e-12 1.407853466985554707e-08 1.408317810098162348e-08
9.881112814700321323e-01 4.695232743693501450e-12 1.409677715941458728e-08 1.410147239215828152e-08
9.874721368486794049e-01 4.749813440960253919e-12 1.411553758553234174e-08 1.412028739897330244e-08
9.868165316672088405e-01 4.807290625685590318e-12 1.413481806746433665e-08 1.413962535809002168e-08
9.861444937769869856e-01 4.867785758318163552e-12 1.415462078403956158e-08 1.415948856979788040e-08
9.854560517274728593e-01 4.931424432578566707e-12 1.417494797288729874e-08 1.417987939731987677e-08
9.847512347650069220e-01 4.998336458987709798e-12 1.419580192986746358e-08 1.420080026632645179e-08
9.840300728315660717e-01 5.068655951464256316e-12 1.421718500911394408e-08 1.422225366506540793e-08
9.832925965634937704e-01 5.142521416797236998e-12 1.423909962310226079e-08 1.424424214451905854e-08
9.825388372901973089e-01 5.220075846914405618e-12 1.426154824231046750e-08 1.426676831815738230e-08
9.817688270328175371e-01 5.301466814376791430e-12 1.428453339505513781e-08 1.428983486186951442e-08
9.809825985028681750e-01 5.386846571197318099e-12 1.430805766784989338e-08 1.431344451442108989e-08
9.801801851008462574e-01 5.476372150786488464e-12 1.433212370590391091e-08 1.433760007805469716e-08
9.793616209148134910e-01 5.570205473150278509e-12 1.435673421339365927e-08 1.436230441886680947e-08
9.785269407189474133e-01 5.668513453484707164e-12 1.438189195364555252e-08 1.438756046709903677e-08
9.776761799720652402e-01 5.771468114310511321e-12 1.440759974974051312e-08 1.441337121785482319e-08
9.768093748161161827e-01 5.879246701245680414e-12 1.443386048545951705e-08 1.443973973216076270e-08
9.759265620746473413e-01 5.992031802310748523e-12 1.446067710593858362e-08 1.446666913774089483e-08
9.750277792512385133e-01 6.110011470916760005e-12 1.448805261814603711e-08 1.449416262961695318e-08
9.741130645279090228e-01 6.233379352828072222e-12 1.451599009170806947e-08 1.452222347106089706e-08
9.731824567634963508e-01 6.362334817084559247e-12 1.454449265998317179e-08 1.455085499480025582e-08
9.722359954920045677e-01 6.497083090883229476e-12 1.457356352100474800e-08 1.458006060409563094e-08
9.712737209209247879e-01 6.637835398593932795e-12 1.460320593818298423e-08 1.460984377358157803e-08
9.702956739295285349e-01 6.784809105032248910e-12 1.463342324109156705e-08 1.464020805019659937e-08
9.693018960671286877e-01 6.938227863153904844e-12 1.466421882661033091e-08 1.467115705447348449e-08
9.682924295513168911e-01 7.098321766228406950e-12 1.469559616000391490e-08 1.470269448177014327e-08
9.672673172661681029e-01 7.265327504524417309e-12 1.472755877564105751e-08 1.473482410314558202e-08
9.662266027604198282e-01 7.439488526733166532e-12 1.476011027777944380e-08 1.476754976630617654e-08
9.651703302456222655e-01 7.621055206327852823e-12 1.479325434161628100e-08 1.480087539682260866e-08
9.640985445942589216e-01 7.810285012865338558e-12 1.482699471432306673e-08 1.483480499933593200e-08
9.630112913378416906e-01 8.007442688372170669e-12 1.486133521585312407e-08 1.486934265854149666e-08
9.619086166649759573e-01 8.212800428981823049e-12 1.489627973962641282e-08 1.490449254005539611e-08
9.607905674193983891e-01 8.426638071989549496e-12 1.493183225342770536e-08 1.494025889149969508e-08
9.596571910979867503e-01 8.649243288487069100e-12 1.496799680046076382e-08 1.497664604374925043e-08
9.585085358487430707e-01 8.880911781686189532e-12 1.500477750013260821e-08 1.501365841191429424e-08
9.573446504687466163e-01 9.121947491044964996e-12 1.504217854868227462e-08 1.505130049617331864e-08
9.561655844020828798e-01 9.372662802469793057e-12 1.508020422001992045e-08 1.508957688282239079e-08
9.549713877377414839e-01 9.633378764736990400e-12 1.511885886668887188e-08 1.512849224545360735e-08
9.537621112074887719e-01 9.904425312255307368e-12 1.515814692070628419e-08 1.516805134601854104e-08
9.525378061837128651e-01 1.018614149435337404e-11 1.519807289423714177e-08 1.520825903573149537e-08
9.512985246772416303e-01 1.047887571130557929e-11 1.523864138032135984e-08 1.524912025603266382e-08
9.500443193351317817e-01 1.078298595728662954e-11 1.527985705384099011e-08 1.529064003979827527e-08
9.487752434384340017e-01 1.109884007048789701e-11 1.532172467244533307e-08 1.533282351251582239e-08
9.474913508999283085e-01 1.142681599051957646e-11 1.536424907724618649e-08 1.537567589323670571e-08
9.461926962618336656e-01 1.176730202332544162e-11 1.540743519358020165e-08 1.541920249560352577e-08
9.448793346934925008e-01 1.212069711388903718e-11 1.545128803197534785e-08 1.546340872908923608e-08
9.435513219890248049e-01 1.248741112694193679e-11 1.549581268912564885e-08 1.550830010025259152e-08
9.422087145649595818e-01 1.286786513584505292e-11 1.554101434873387478e-08 1.555388221386971818e-08
9.408515694578372113e-01 1.326249171991028595e-11 1.558689828229701294e-08 1.560016077401692259e-08
9.394799443217867196e-01 1.367173527040111385e-11 1.563346985007063475e-08 1.564714158534103595e-08
9.380938974260768504e-01 1.409605230551649579e-11 1.568073450216882422e-08 1.569483055447433971e-08
9.366934876526402665e-01 1.453591179460261201e-11 1.572869777950498009e-08 1.574323369129958277e-08
9.352787744935719960e-01 1.499179549179760013e-11 1.577736531464541000e-08 1.579235711013720734e-08
9.338498180486027866e-01 1.546419827941893302e-11 1.582674283283422050e-08 1.584220703111363805e-08
9.324066790225449264e-01 1.595362852146323470e-11 1.587683615313590163e-08 1.589278978165736382e-08
9.309494187227149720e-01 1.646060842745555227e-11 1.592765118950990069e-08 1.594411179793735526e-08
9.294780990563269452e-01 1.698567442692059140e-11 1.597919395177765594e-08 1.599617962620457634e-08
9.279927825278646569e-01 1.752937755480425932e-11 1.603147054665886203e-08 1.604899992421366627e-08
9.264935322364253878e-01 1.809228384820504143e-11 1.608448717899381130e-08 1.610257946284201651e-08
9.249804118730393654e-01 1.867497475478658993e-11 1.613825015294198182e-08 1.615692512769676767e-08
9.234534857179637068e-01 1.927804755316619458e-11 1.619276587302966492e-08 1.621204392058283009e-08
9.219128186379528245e-01 1.990211578558276256e-11 1.624804084525831776e-08 1.626794296104390144e-08
9.203584760835010758e-01 2.054780970330567716e-11 1.630408167837624761e-08 1.632462948807955474e-08
9.187905240860640976e-01 2.121577672521037168e-11 1.636089508516362041e-08 1.638211086188882919e-08
9.172090292552521618e-01 2.190668190982358645e-11 1.641848788361079940e-08 1.644039456552062427e-08
9.156140587760013272e-01 2.262120844123224398e-11 1.647686699808204926e-08 1.649948820652328311e-08
9.140056804057192785e-01 2.336005812931206452e-11 1.653603946062907580e-08 1.655939951875838789e-08
9.123839624714062957e-01 2.412395192475863685e-11 1.659601241237980590e-08 1.662013636430456557e-08
9.107489738667529089e-01 2.491363044936068773e-11 1.665679310481544857e-08 1.668170673526480814e-08
9.091007840492135728e-01 2.572985454190802131e-11 1.671838890101433298e-08 1.674411875555623989e-08
9.074394630370554715e-01 2.657340582020935357e-11 1.678080727702756944e-08 1.680738068284777817e-08
9.057650814063840095e-01 2.744508725983526045e-11 1.684405582333399389e-08 1.687150091059382968e-08
9.040777102881445426e-01 2.834572379005757124e-11 1.690814224623046990e-08 1.693648797002052644e-08
9.023774213651012399e-01 2.927616290743422718e-11 1.697307436916950262e-08 1.700235053207693575e-08
9.006642868687915193e-01 3.023727530759933847e-11 1.703886013418750837e-08 1.706909740949510712e-08
8.989383795764567253e-01 3.122995553588939109e-11 1.710550760343582006e-08 1.713673755897170820e-08
8.971997728079514900e-01 3.225512265738976089e-11 1.717302496067067109e-08 1.720528008332806142e-08
8.954485404226286693e-01 3.331372094697826730e-11 1.724142051269092462e-08 1.727473423363790393e-08
8.936847568162016309e-01 3.440672059991381910e-11 1.731070269084405839e-08 1.734510941144397357e-08
8.919084969175830047e-01 3.553511846368394433e-11 1.738088005261985726e-08 1.741641517108354116e-08
8.901198361857032282e-01 3.669993879183067071e-11 1.745196128323641290e-08 1.748866122202824306e-08
8.883188506063033341e-01 3.790223402037675109e-11 1.752395519718339135e-08 1.756185743120376690e-08
8.865056166887077538e-01 3.914308556749683373e-11 1.759687073981079550e-08 1.763601382537829261e-08
8.846802114625738067e-01 4.042360465723339011e-11 1.767071698899961520e-08 1.771114059365684891e-08
8.828427124746192067e-01 4.174493316803500811e-11 1.774550315683205045e-08 1.778724809000008493e-08
8.809931977853278084e-01 4.310824450689482007e-11 1.782123859124369221e-08 1.786434683575058566e-08
8.791317459656342592e-01 4.451474450985091853e-11 1.789793277771442844e-08 1.794244752222427991e-08
8.772584360935844483e-01 4.596567236966619494e-11 1.797559534100643000e-08 1.802156101337609601e-08
8.753733477509775263e-01 4.746230159160586882e-11 1.805423604691963304e-08 1.810169834851123821e-08
8.734765610199848318e-01 4.900594097823270671e-11 1.813386480404991470e-08 1.818287074502814731e-08
8.715681564797475023e-01 5.059793564405573865e-11 1.821449166557741126e-08 1.826508960122146837e-08
8.696482152029536561e-01 5.223966806097601402e-11 1.829612683110147941e-08 1.834836649916245576e-08
8.677168187523938148e-01 5.393255913556660998e-11 1.837878064847449603e-08 1.843271320761006321e-08
8.657740491774965630e-01 5.567806931921374043e-11 1.846246361565157641e-08 1.851814168497079130e-08
8.638199890108426704e-01 5.747769975216713888e-11 1.854718638260012390e-08 1.860466408235229086e-08
8.618547212646585631e-01 5.933299344255180523e-11 1.863295975322098347e-08 1.869229274666353663e-08
8.598783294272904776e-01 6.124553648145383555e-11 1.871979468726093610e-08 1.878104022374239056e-08
8.578908974596572978e-01 6.321695929529413240e-11 1.880770230226792886e-08 1.887091926156322290e-08
8.558925097916840752e-01 6.524893793670262906e-11 1.889669387559814589e-08 1.896194281353484828e-08
8.538832513187144535e-01 6.734319541504866407e-11 1.898678084644494019e-08 1.905412404185998733e-08
8.518632073979051089e-01 6.950150306791914172e-11 1.907797481784683108e-08 1.914747632091474955e-08
8.498324638445995394e-01 7.172568197491120744e-11 1.917028755871525809e-08 1.924201324069016784e-08
8.477911069286816481e-01 7.401760441514592914e-11 1.926373100595452574e-08 1.933774861036967193e-08
8.457392233709117857e-01 7.637919536990004104e-11 1.935831726660287122e-08 1.943469646197277267e-08
8.436769003392414756e-01 7.881243407179296339e-11 1.945405861992233620e-08 1.953287105399413062e-08
8.416042254451123750e-01 8.131935560203481224e-11 1.955096751952615628e-08 1.963228687512819157e-08
8.395212867397319201e-01 8.390205253739375432e-11 1.964905659559193893e-08 1.973295864812933399e-08
8.374281727103347617e-01 8.656267664847898464e-11 1.974833865710216163e-08 1.983490133375064179e-08
8.353249722764226615e-01 8.930344065092880606e-11 1.984882669405020957e-08 1.993813013470113962e-08
8.332117747859866252e-01 9.212662001125765337e-11 1.995053387964669140e-08 2.004266049965794975e-08
8.310886700117128267e-01 9.503455480924591423e-11 2.005347357261688369e-08 2.014850812742613042e-08
8.289557481471669931e-01 9.802965165873979060e-11 2.015765931955599874e-08 2.025568897121473969e-08
8.268130998029641354e-01 1.011143856887434633e-10 2.026310485723265754e-08 2.036421924292139941e-08
8.246608160029185175e-01 1.042913025867603717e-10 2.036982411488894160e-08 2.047411541747570149e-08
8.224989881801776370e-01 1.075630207065012812e-10 2.047783121662400652e-08 2.058539423733050748e-08
8.203277081733364451e-01 1.109322332421604216e-10 2.058714048383106527e-08 2.069807271707322569e-08
8.181470682225377988e-01 1.144017104713808973e-10 2.069776643761600801e-08 2.081216814808738754e-08
8.159571609655522639e-01 1.179743020691241712e-10 2.080972380119849242e-08 2.092769810326761678e-08
8.137580794338439283e-01 1.216529394948773821e-10 2.092302750236323712e-08 2.104468044185811324e-08
8.115499170486168978e-01 1.254406384557326271e-10 2.103769267598284648e-08 2.116313331443857999e-08
8.093327676168480256e-01 1.293405014478106271e-10 2.115373466653726710e-08 2.128307516798507641e-08
8.071067253273009889e-01 1.333557203786166996e-10 2.127116903061197912e-08 2.140452475099059706e-08
8.048718847465250459e-01 1.374895792730810947e-10 2.139001153942660138e-08 2.152750111869968239e-08
8.026283408148375820e-01 1.417454570661645580e-10 2.151027818141985391e-08 2.165202363848601912e-08
8.003761888422917803e-01 1.461268304849215891e-10 2.163198516486047752e-08 2.177811199534539927e-08
7.981155245046258617e-01 1.506372770229714595e-10 2.175514892044629148e-08 2.190578619746926317e-08
7.958464438392003348e-01 1.552804780104903405e-10 2.187978610390430012e-08 2.203506658191479093e-08
7.935690432409174822e-01 1.600602217830622424e-10 2.200591359863223129e-08 2.216597382041529366e-08
7.912834194581261915e-01 1.649804069527145217e-10 2.213354851838013341e-08 2.229852892533284672e-08
7.889896695885116884e-01 1.700450457845497136e-10 2.226270820994162424e-08 2.243275325572617238e-08
7.866878910749715015e-01 1.752582676826030759e-10 2.239341025582505880e-08 2.256866852350766271e-08
7.843781817014747748e-01 1.806243227887226007e-10 2.252567247693543760e-08 2.270629679972415871e-08
7.820606395889093676e-01 1.861475856982795778e-10 2.265951293531583534e-08 2.284566052101411404e-08
7.797353631909127447e-01 1.918325592966924527e-10 2.279494993690839085e-08 2.298678249620508175e-08
7.774024512896893224e-01 1.976838787209480671e-10 2.293200203428361928e-08 2.312968591300456644e-08
7.750620029918149356e-01 2.037063154504252138e-10 2.307068802936913870e-08 2.327439434481956267e-08
7.727141177240255399e-01 2.099047815314570626e-10 2.321102697622047035e-08 2.342093175775192873e-08
7.703588952289943670e-01 2.162843339401944114e-10 2.335303818382751358e-08 2.356932251776770660e-08
7.679964355610933158e-01 2.228501790886105515e-10 2.349674121889552045e-08 2.371959139798412984e-08
7.656268390821441283e-01 2.296076774786528363e-10 2.364215590859210628e-08 2.387176358607075927e-08
7.632502064571535794e-01 2.365623485096234358e-10 2.378930234334223011e-08 2.402586469185185515e-08
7.608666386500371193e-01 2.437198754440179626e-10 2.393820087966061990e-08 2.418192075510463889e-08
7.584762369193309706e-01 2.510861105374947233e-10 2.408887214293788889e-08 2.433995825347538511e-08
7.560791028138884595e-01 2.586670803387292375e-10 2.424133703020395417e-08 2.450000411054268227e-08
7.536753381685679098e-01 2.664689911649733708e-10 2.439561671292546547e-08 2.466208570409043983e-08
7.512650450999052154e-01 2.744982347593867867e-10 2.455173263981720026e-08 2.482623087457658658e-08
7.488483260017768650e-01 2.827613941367044479e-10 2.470970653961656638e-08 2.499246793375327197e-08
7.464252835410485343e-01 2.912652496239135497e-10 2.486956042382864403e-08 2.516082567345255655e-08
7.439960206532152398e-01 3.000167851026825439e-10 2.503131658950001674e-08 2.533133337460270048e-08
7.415606405380272825e-01 3.090231944605222643e-10 2.519499762199559691e-08 2.550402081645611767e-08
7.391192466551064211e-01 3.182918882582259329e-10 2.536062639770484969e-08 2.567891828596307583e-08
7.366719427195513870e-01 3.278305006214001497e-10 2.552822608672633492e-08 2.585605658734773476e-08
7.342188326975305213e-01 3.376468963638640691e-10 2.569782015559398852e-08 2.603546705195785249e-08
7.317600208018666397e-01 3.477491783509461526e-10 2.586943236997620954e-08 2.621718154832715616e-08
7.292956114876083529e-01 3.581456951114523529e-10 2.604308679727329329e-08 2.640123249238474595e-08
7.268257094475940594e-01 3.688450487074319587e-10 2.621880780919061486e-08 2.658765285789804516e-08
7.243504196080028379e-01 3.798561028707318844e-10 2.639662008436978480e-08 2.677647618724051797e-08
7.218698471238989001e-01 3.911879914156693267e-10 2.657654861097042867e-08 2.696773660238609753e-08
7.193840973747624989e-01 4.028501269379370385e-10 2.675861868910560531e-08 2.716146881604354323e-08
7.168932759600141758e-01 4.148522098102734508e-10 2.694285593325015312e-08 2.735770814306042580e-08
7.143974886945290148e-01 4.272042374853725926e-10 2.712928627471054547e-08 2.755649051219591909e-08
7.118968416041404623e-01 4.399165141168932434e-10 2.731793596403323698e-08 2.775785247815013043e-08
7.093914409211370398e-01 4.529996605102488137e-10 2.750883157323416016e-08 2.796183123374440789e-08
7.068813930797486211e-01 4.664646244155069269e-10 2.770199999796082327e-08 2.816846462237633113e-08
7.043668047116256048e-01 4.803226911746370442e-10 2.789746845972716708e-08 2.837779115090180537e-08
7.018477826413087595e-01 4.945854947356863635e-10 2.809526450808275339e-08 2.858985000281844099e-08
6.993244338816901884e-01 5.092650290474273141e-10 2.829541602255283109e-08 2.880468105160025758e-08
6.967968656294694085e-01 5.243736598487842373e-10 2.849795121449512508e-08 2.902232487434391077e-08
6.942651852605972174e-01 5.399241368672182138e-10 2.870289862901430274e-08 2.924282276588152178e-08
6.917295003257151187e-01 5.559296064407459270e-10 2.891028714678366057e-08 2.946621675322440567e-08
6.891899185455861998e-01 5.724036245794051551e-10 2.912014598562624024e-08 2.969254961020564384e-08
6.866465478065193473e-01 5.893601704828171056e-10 2.933250470197289652e-08 2.992186487245571259e-08
6.840994961557853582e-01 6.068136605304925005e-10 2.954739319234208373e-08 3.015420685287257706e-08
6.815488717970275001e-01 6.247789627620197652e-10 2.976484169471519568e-08 3.038962065747721824e-08
6.789947830856644106e-01 6.432714118654611992e-10 2.998488078964816738e-08 3.062815220151362826e-08
6.764373385242872239e-01 6.623068246932320898e-10 3.020754140122844027e-08 3.086984822592167556e-08
6.738766467580493691e-01 6.819015163250595062e-10 3.043285479800436918e-08 3.111475631432942620e-08
6.713128165700524841e-01 7.020723166980000792e-10 3.066085259377820723e-08 3.136292491047620793e-08
6.687459568767244456e-01 7.228365878248525475e-10 3.089156674812447018e-08 3.161440333594932128e-08
6.661761767231917375e-01 7.442122416235016064e-10 3.112502956671225231e-08 3.186924180833575712e-08
6.636035852786481559e-01 7.662177583801999488e-10 3.136127370154546615e-08 3.212749145992566351e-08
6.610282918317162970e-01 7.888722058701809620e-10 3.160033215101842235e-08 3.238920435688860249e-08
6.584504057858047155e-01 8.121952591605293717e-10 3.184223825968018256e-08 3.265443351884071265e-08
6.558700366544609750e-01 8.362072211215490392e-10 3.208702571777986807e-08 3.292323293890141700e-08
6.532872940567189257e-01 8.609290436736082666e-10 3.233472856063880994e-08 3.319565760431241511e-08
6.507022877124415405e-01 8.863823497970766913e-10 3.258538116778742242e-08 3.347176351758449590e-08
6.481151274376601990e-01 9.125894563343597889e-10 3.283901826181176904e-08 3.375160771814613151e-08
6.455259231399091968e-01 9.395733976147224862e-10 3.309567490692072037e-08 3.403524830453544265e-08
6.429347848135569254e-01 9.673579499337281766e-10 3.335538650725161683e-08 3.432274445718534522e-08
6.403418225351337201e-01 9.959676569197606996e-10 3.361818880488385728e-08 3.461415646180361839e-08
6.377471464586538241e-01 1.025427855821453527e-09 3.388411787753859577e-08 3.490954573336005054e-08
6.351508668109375755e-01 1.055764704752052045e-09 3.415321013595019319e-08 3.520897484070224234e-08
6.325530938869278197e-01 1.087005210928330446e-09 3.442550232086924261e-08 3.551250753179757244e-08
6.299539380450047688e-01 1.119177259942329848e-09 3.470103149970229038e-08 3.582020875964462353e-08
6.273535097022975293e-01 1.152309646105526367e-09 3.497983506281173142e-08 3.613214470891725882e-08
6.247519193299937434e-01 1.186432103907813855e-09 3.526195071942164909e-08 3.644838282332946398e-08
6.221492774486458988e-01 1.221575340635540812e-09 3.554741649304678200e-08 3.676899183368232199e-08
6.195456946234771944e-01 1.257771070193822997e-09 3.583627071646242548e-08 3.709404178665625116e-08
6.169412814596830774e-01 1.295052048180000016e-09 3.612855202629601369e-08 3.742360407447601143e-08
6.143361485977343328e-01 1.333452108257903938e-09 3.642429935715645341e-08 3.775775146541435921e-08
6.117304067086749564e-01 1.373006199885269455e-09 3.672355193515318377e-08 3.809655813503845095e-08
6.091241664894224694e-01 1.413750427447910261e-09 3.702634927086529327e-08 3.844009969831320581e-08
6.065175386580639039e-01 1.455722090856045099e-09 3.733273115185914171e-08 3.878845324271518515e-08
6.039106339491528974e-01 1.498959727661306256e-09 3.764273763464481623e-08 3.914169736230612083e-08
6.013035631090053457e-01 1.543503156756323217e-09 3.795640903591810180e-08 3.949991219267442709e-08
5.986964368909948320e-01 1.589393523720474962e-09 3.827378592313254131e-08 3.986317944685301730e-08
5.960893660508470582e-01 1.636673347877510722e-09 3.859490910450690843e-08 4.023158245238442019e-08
5.934824613419360517e-01 1.685386571134376395e-09 3.891981961836794503e-08 4.060520618950231853e-08
5.908758335105774862e-01 1.735578608674692804e-09 3.924855872166505093e-08 4.098413733033974477e-08
5.882695932913249992e-01 1.787296401582432816e-09 3.958116787768104691e-08 4.136846427926347972e-08
5.856638514022658448e-01 1.840588471474190491e-09 3.991768874301573330e-08 4.175827721448992607e-08
5.830587185403168782e-01 1.895504977222365734e-09 4.025816315377819423e-08 4.215366813100056203e-08
5.804543053765229832e-01 1.952097773855979046e-09 4.060263311084318327e-08 4.255473088469916522e-08
5.778507225513540568e-01 2.010420473729802460e-09 4.095114076414248718e-08 4.296156123787228923e-08
5.752480806700064342e-01 2.070528510055544831e-09 4.130372839604291014e-08 4.337425690609845787e-08
5.726464902977026483e-01 2.132479202893122318e-09 4.166043840376959897e-08 4.379291760666272212e-08
5.700460619549954089e-01 2.196331827705149609e-09 4.202131328077368732e-08 4.421764510847883652e-08
5.674469061130722469e-01 2.262147686583276235e-09 4.238639559696861488e-08 4.464854328355189070e-08
5.648491331890626022e-01 2.329990182258942273e-09 4.275572797779829550e-08 4.508571816005723860e-08
5.622528535413462425e-01 2.399924895015765349e-09 4.312935308215716527e-08 4.552927797717293145e-08
5.596581774648663465e-01 2.472019662627078523e-09 4.350731357912417268e-08 4.597933324175125120e-08
5.570652151864430301e-01 2.546344663448873103e-09 4.388965212336239411e-08 4.643599678681126556e-08
5.544740768600908698e-01 2.622972502803777140e-09 4.427641132907333320e-08 4.689938383187710744e-08
5.518848725623399787e-01 2.701978302797137800e-09 4.466763374256624189e-08 4.736961204536338093e-08
5.492977122875585261e-01 2.783439795714029825e-09 4.506336181348339879e-08 4.784680160919742902e-08
5.467127059432811409e-01 2.867437421153703811e-09 4.546363786445339355e-08 4.833107528560710067e-08
5.441299633455389806e-01 2.954054427065526562e-09 4.586850405898075637e-08 4.882255848604628335e-08
5.415495942141954622e-01 3.043376974857182880e-09 4.627800236768733417e-08 4.932137934254451829e-08
5.389717081682838806e-01 3.135494248754888457e-09 4.669217453297359290e-08 4.982766878172848177e-08
5.363964147213517997e-01 3.230498569605084537e-09 4.711106203183171392e-08 5.034156060143679680e-08
5.338238232768082181e-01 3.328485513316997572e-09 4.753470603656499693e-08 5.086319154988199202e-08
5.312540431232755100e-01 3.429554034153916961e-09 4.796314737354165675e-08 5.139270140769557536e-08
5.286871834299475825e-01 3.533806593091777511e-09 4.839642648007092678e-08 5.193023307316270305e-08
5.261233532419508085e-01 3.641349291475972266e-09 4.883458335909398286e-08 5.247593265056995265e-08
5.235626614757129538e-01 3.752292010219525189e-09 4.927765753143169988e-08 5.302994954165122507e-08
5.210052169143355449e-01 3.866748554797340735e-09 4.972568798570145968e-08 5.359243654049879876e-08
5.184511282029724555e-01 3.984836806304236970e-09 5.017871312595806754e-08 5.416354993226230203e-08
5.159005038442147084e-01 4.106678878859817246e-09 5.063677071674931231e-08 5.474344959560912708e-08
5.133534521934808303e-01 4.232401283658776496e-09 5.109989782533888953e-08 5.533229910899766354e-08
5.108100814544139778e-01 4.362135099980779303e-09 5.156813076118696275e-08 5.593026586116774370e-08
5.082704996742850589e-01 4.496016153490938307e-09 5.204150501266283297e-08 5.653752116615377376e-08
5.057348147394027382e-01 4.634185202180358573e-09 5.252005518068119102e-08 5.715424038286154628e-08
5.032031343705305471e-01 4.776788130316566308e-09 5.300381490908160758e-08 5.778060303939817141e-08
5.006755661183097672e-01 4.923976150794399240e-09 5.349281681177202664e-08 5.841679296256642754e-08
4.981522173586915292e-01 5.075906016299672622e-09 5.398709239650905492e-08 5.906299841280873002e-08
4.956331952883744063e-01 5.232740239721654241e-09 5.448667198502456813e-08 5.971941222474622237e-08
4.931186069202514455e-01 5.394647324276362706e-09 5.499158462938542280e-08 6.038623195366178220e-08
4.906085590788630824e-01 5.561802003831257594e-09 5.550185802453437286e-08 6.106366002836563211e-08
4.881031583958596598e-01 5.734385493949675812e-09 5.601751841676276656e-08 6.175190391071243575e-08
4.856025113054711628e-01 5.912585754204859362e-09 5.653859050787567039e-08 6.245117626208052810e-08
4.831067240399860019e-01 6.096597762348096686e-09 5.706509735495340786e-08 6.316169511730150207e-08
4.806159026252377342e-01 6.286623800952542649e-09 5.759706026555420799e-08 6.388368406650674733e-08
4.781301528761012221e-01 6.482873757193212575e-09 5.813449868805617514e-08 6.461737244524938192e-08
4.756495803919971732e-01 6.685565436465080934e-09 5.867743009693525254e-08 6.536299553340033347e-08
4.731742905524061182e-01 6.894924890587743337e-09 5.922586987284190717e-08 6.612079476342965133e-08
4.707043885123917137e-01 7.111186761395178830e-09 5.977983117719557919e-08 6.689101793859075885e-08
4.682399791981335380e-01 7.334594640562945202e-09 6.033932482102586526e-08 6.767391946158881625e-08
4.657811673024694343e-01 7.565401446582279961e-09 6.090435912786770254e-08 6.846976057444998250e-08
4.633280572804487352e-01 7.803869819853216265e-09 6.147493979040269674e-08 6.927880961025591466e-08
4.608807533448936455e-01 8.050272536938254964e-09 6.205106972048118548e-08 7.010134225741943713e-08
4.584393594619728951e-01 8.304892945092883737e-09 6.263274889236743585e-08 7.093764183746031463e-08
4.560039793467849378e-01 8.568025418270440304e-09 6.321997417898944836e-08 7.178799959725988866e-08
4.535747164589516434e-01 8.839975835884888937e-09 6.381273918061995232e-08 7.265271501650484125e-08
4.511516739982232571e-01 9.121062085712781967e-09 6.441103404555303265e-08 7.353209613126581131e-08
4.487349549000947957e-01 9.411614592421887129e-09 6.501484528276419854e-08 7.442645987518609063e-08
4.463246618314322678e-01 9.711976873329535259e-09 6.562415556622568206e-08 7.533613243955521070e-08
4.439208971861117736e-01 1.002250612311632773e-08 6.623894353000608452e-08 7.626144965312240729e-08
4.415237630806693736e-01 1.034357382936039333e-08 6.685918355369553009e-08 7.720275738305591846e-08
4.391333613499629474e-01 1.067556642090871534e-08 6.748484553826106768e-08 7.816041195916978799e-08
4.367497935428466538e-01 1.101888595126888858e-08 6.811589467181851616e-08 7.913478062308741137e-08
4.343731609178559938e-01 1.137395081938437613e-08 6.875229118417630554e-08 8.012624200356067836e-08
4.320035644389066398e-01 1.174119653035458255e-08 6.939399008967884169e-08 8.113518662003342920e-08
4.296411047710058106e-01 1.212107649888302597e-08 7.004094091840345937e-08 8.216201741728648037e-08
4.272858822759744157e-01 1.251406289847745393e-08 7.069308743494917616e-08 8.320715033342663175e-08
4.249379970081850755e-01 1.292064755969111869e-08 7.135036734349271318e-08 8.427101490318383188e-08
4.225975487103108552e-01 1.334134292098464597e-08 7.201271197861471951e-08 8.535405489959937044e-08
4.202646368090874329e-01 1.377668303610749228e-08 7.268004598174378747e-08 8.645672901785128637e-08
4.179393604110906990e-01 1.422722464224937582e-08 7.335228696212563924e-08 8.757951160437502167e-08
4.156218182985254028e-01 1.469354829360229632e-08 7.402934514088094324e-08 8.872289343448323625e-08
4.133121089250286762e-01 1.517625956539399553e-08 7.471112297752087975e-08 8.988738254291487198e-08
4.110103304114884892e-01 1.567599033391145648e-08 7.539751477838749982e-08 9.107350511229895630e-08
4.087165805418739861e-01 1.619340013853745962e-08 7.608840628558772276e-08 9.228180642412518901e-08
4.064309567590824734e-01 1.672917763237505258e-08 7.678367424486372862e-08 9.351285187723877790e-08
4.041535561607997873e-01 1.728404212863588734e-08 7.748318595147229738e-08 9.476722808010819133e-08
4.018844754953743159e-01 1.785874525061842371e-08 7.818679877301890961e-08 9.604554402363732670e-08
3.996238111577083973e-01 1.845407269381702942e-08 7.889435964747554196e-08 9.734843234129257469e-08
3.973716591851625957e-01 1.907084610948949680e-08 7.960570455459838558e-08 9.867655066408788570e-08
3.951281152534751873e-01 1.970992511987054930e-08 8.032065795931908398e-08 1.000305830791896399e-07
3.928932746726991887e-01 2.037220947616516883e-08 8.103903222542017568e-08 1.014112417015853412e-07
3.906672323831522076e-01 2.105864137147205112e-08 8.176062699735198666e-08 1.028192683688240411e-07
3.884500829513832798e-01 2.177020792186813166e-08 8.248522854804230139e-08 1.042554364699104364e-07
3.862419205661563604e-01 2.250794383003629196e-08 8.321260909059216209e-08 1.057205529206284507e-07
3.840428390344478027e-01 2.327293424702023312e-08 8.394252605141423859e-08 1.072154602984344684e-07
3.818529317774624343e-01 2.406631784887523105e-08 8.467472130218786065e-08 1.087410391510630884e-07
3.796722918266635660e-01 2.488929014613796427e-08 8.540892034803822299e-08 1.102982104941761939e-07
3.775010118198225961e-01 2.574310704514490592e-08 8.614483146904497482e-08 1.118879385141898840e-07
3.753391839970815491e-01 2.662908868130455009e-08 8.688214481176877159e-08 1.135112334930733250e-07
3.731869001970360977e-01 2.754862354546507063e-08 8.762053142751214670e-08 1.151691549729772107e-07
3.710442518528331846e-01 2.850317292558803589e-08 8.835964225408947942e-08 1.168628151796775219e-07
3.689113299882874064e-01 2.949427568710958408e-08 8.909910703729656830e-08 1.185933827244061524e-07
3.667882252140134414e-01 3.052355341681425496e-08 8.983853318780684631e-08 1.203620866046211145e-07
3.646750277235775162e-01 3.159271595692932013e-08 9.057750456949206006e-08 1.221702205264213868e-07
3.625718272896653049e-01 3.270356735852240855e-08 9.131558021531370428e-08 1.240191475738361261e-07
3.604787132602681465e-01 3.385801228605816868e-08 9.205229296634411209e-08 1.259103052524022808e-07
3.583957745548878582e-01 3.505806290801453032e-08 9.278714802929361854e-08 1.278452109373081422e-07
3.563230996607584800e-01 3.630584631142603436e-08 9.351962144861442508e-08 1.298254677600404528e-07
3.542607766290884475e-01 3.760361248038830966e-08 9.424915848960814154e-08 1.318527709699964512e-07
3.522088930713183630e-01 3.895374287889243365e-08 9.497517192871705924e-08 1.339289148076095061e-07
3.501675361554005828e-01 4.035875967569827611e-08 9.569704024746792767e-08 1.360557999231661972e-07
3.481367926020949022e-01 4.182133564212965410e-08 9.641410572739891642e-08 1.382354413695285838e-07
3.461167486812857796e-01 4.334430474168725960e-08 9.712567244345742284e-08 1.404699771851446824e-07
3.441074902083161025e-01 4.493067341273308787e-08 9.783100415290252202e-08 1.427616775656356165e-07
3.421091025403427133e-01 4.658363252220960663e-08 9.852932207658244421e-08 1.451129545987920508e-07
3.401216705727097001e-01 4.830656994054293813e-08 9.921980256950620941e-08 1.475263725100491409e-07
3.381452787353416145e-01 5.010308365834701975e-08 9.990157467711728440e-08 1.500046583354643042e-07
3.361800109891575628e-01 5.197699533856393074e-08 1.005737175728564326e-07 1.525507129114203567e-07
3.342259508225033926e-01 5.393236417807328467e-08 1.012352578725126632e-07 1.551676220505859545e-07
3.322831812476062519e-01 5.597350094598921401e-08 1.018851668220561513e-07 1.578586677680453719e-07
3.303517847970463550e-01 5.810498207772012091e-08 1.025223573579621796e-07 1.606273394356823137e-07
3.284318435202525643e-01 6.033166373919334029e-08 1.031456810426434206e-07 1.634773447818367477e-07
3.265234389800152348e-01 6.265869583628980091e-08 1.037539248835891086e-07 1.664126207198788963e-07
3.246266522490225404e-01 6.509153602838704773e-08 1.043458080535609424e-07 1.694373440819479901e-07
3.227415639064157848e-01 6.763596390508854152e-08 1.049199785400803192e-07 1.725559424451688607e-07
3.208682540343659184e-01 7.029809558893699128e-08 1.054750097647620427e-07 1.757731053536990207e-07
3.190068022146723137e-01 7.308439911565653814e-08 1.060093972262564008e-07 1.790937963419129522e-07
3.171572875253810264e-01 7.600171099354251702e-08 1.065215552329085366e-07 1.825232662264510404e-07
3.153197885374264264e-01 7.905725432646677308e-08 1.070098138007387188e-07 1.860670681272054787e-07
3.134943833112923683e-01 8.225865876956640997e-08 1.074724157970888616e-07 1.897310745666552715e-07
3.116811493936967326e-01 8.561398234443075675e-08 1.079075144079974401e-07 1.935214967524281837e-07
3.098801638142967829e-01 8.913173474986484297e-08 1.083131709960380002e-07 1.974449057459028299e-07
3.080915030824171730e-01 9.282090125226955225e-08 1.086873533946121054e-07 2.015082546468816576e-07
3.063152431837986023e-01 9.669096552536380204e-08 1.090279346548006338e-07 2.057189001801644358e-07
3.045514595773713418e-01 1.007519289482168476e-07 1.093326922229129177e-07 2.100846211711297653e-07
3.028002271920486321e-01 1.050143229000942475e-07 1.095993074841831996e-07 2.146136303842774339e-07
3.010616204235434523e-01 1.094892095677037811e-07 1.098253655662730305e-07 2.193145751339768116e-07
2.993357131312086583e-01 1.141881657795626763e-07 1.100083552614723132e-07 2.241965210410349763e-07
2.976225786348987157e-01 1.191232434907531503e-07 1.101456689055645510e-07 2.292689123963177013e-07
2.959222897118556350e-01 1.243068998566589277e-07 1.102346020524970569e-07 2.345415019091559846e-07
2.942349185936162237e-01 1.297518894595762317e-07 1.102723528150111870e-07 2.400242422745874187e-07
2.925605369629446506e-01 1.354711112868173615e-07 1.102560208069797481e-07 2.457271320937971361e-07
2.908992159507864383e-01 1.414774035860110588e-07 1.101826057263355809e-07 2.516600093123466264e-07
2.892510261332472132e-01 1.477832807999333399e-07 1.100490057592226297e-07 2.578322865591559961e-07
2.876160375285938819e-01 1.544006084369851062e-07 1.098520161611687061e-07 2.642526245981537991e-07
2.859943195942807881e-01 1.613402139577971884e-07 1.095883285685471228e-07 2.709285425263443244e-07
2.843859412239987394e-01 1.686114345086524826e-07 1.092545318015954139e-07 2.778659663102479098e-07
2.827909707447479604e-01 1.762216055237301306e-07 1.088471151243016239e-07 2.850687206480317280e-07
2.812094759139360800e-01 1.841754977243593321e-07 1.083624751059816925e-07 2.925379728303410510e-07
2.796415239164989908e-01 1.924747136976850765e-07 1.077969273622553672e-07 3.002716410599404438e-07
2.780871813620474087e-01 2.011170588460907411e-07 1.071467245182881094e-07 3.082637833643788505e-07
2.765465142820363598e-01 2.100959048640854939e-07 1.064080817152217282e-07 3.165039865793072353e-07
2.750195881269608678e-01 2.193995668241810107e-07 1.055772108594989036e-07 3.249767776836798878e-07
2.735064677635746233e-01 2.290107172368930305e-07 1.046503645904039715e-07 3.336610818272970152e-07
2.720072174721354652e-01 2.389058619008734127e-07 1.036238906132975936e-07 3.425297525141710063e-07
2.705219009436732325e-01 2.490549028286822077e-07 1.024942966193080661e-07 3.515491994479902738e-07
2.690505812772852057e-01 2.594208129324227725e-07 1.012583254993974506e-07 3.606791384318202231e-07
2.675933209774550847e-01 2.699594454403606917e-07 9.991303998431338879e-08 3.698724854246740805e-07
2.661501819513973910e-01 2.806194981885557408e-07 9.845591523650296865e-08 3.790754134250587227e-07
2.647212255064281816e-01 2.913426490420341036e-07 9.688493732481996311e-08 3.882275863668540534e-07
2.633065123473599112e-01 3.020638738690373412e-07 9.519870496225133441e-08 3.972625788312887021e-07
2.619061025739233273e-01 3.127119529042402679e-07 9.339653141268180242e-08 4.061084843169220703e-07
2.605200556782134025e-01 3.232101652186992583e-07 9.147854310573053494e-08 4.146887083244298064e-07
2.591484305421630219e-01 3.334771646070046962e-07 8.944577126764504268e-08 4.229229358746497522e-07
2.577912854350404293e-01 3.434280237493611816e-07 8.730023280886665053e-08 4.307282565582278189e-07
2.564486780109752062e-01 3.529754272570322633e-07 8.504499682248847709e-08 4.380204240795207272e-07
2.551206653065075103e-01 3.620309884310460180e-07 8.268423333966598152e-08 4.447152217707119995e-07
2.538073037381662345e-01 3.705066595367192548e-07 8.022324144459577906e-08 4.507299009813150073e-07
2.525086491000718691e-01 3.783162013833970216e-07 7.766845445417924848e-08 4.559846558375762833e-07
2.512247565615659539e-01 3.853766752052080080e-07 7.502742058885160298e-08 4.604040957940596110e-07
2.499556806648681739e-01 3.916099183971753548e-07 7.230875837359482478e-08 4.639186767707701795e-07
2.487014753227583808e-01 3.969439656397713862e-07 6.952208688156616259e-08 4.664660525213375488e-07
2.474621938162870904e-01 4.013143783515514800e-07 6.667793182198633959e-08 4.679923101735378460e-07
2.462378887925113224e-01 4.046654481621857276e-07 6.378760933122405447e-08 4.684530574934097821e-07
2.450286122622586660e-01 4.069512439863427458e-07 6.086309011244105885e-08 4.678143340987837914e-07
2.438344155979170758e-01 4.081364769840676072e-07 5.791684724397478021e-08 4.660533242280424006e-07
2.426553495312533393e-01 4.081971628945836210e-07 5.496169150133209696e-08 4.631588543959156915e-07
2.414914641512570792e-01 4.071210667165246628e-07 5.201059838560407224e-08 4.591316651021287350e-07
2.403428089020132052e-01 4.049079203998311720e-07 4.907653120922570364e-08 4.539844516090568624e-07
2.392094325806017607e-01 4.015694101046321725e-07 4.617226457013416067e-08 4.477416746747663464e-07
2.380913833350240538e-01 3.971289356508932679e-07 4.331021238091768798e-08 4.404391480318109294e-07
2.369887086621583205e-01 3.916211509463982216e-07 4.050226434606788284e-08 4.321234152924661111e-07
2.359014554057411450e-01 3.850913002657216670e-07 3.775963443778726927e-08 4.228509347035089363e-07
2.348296697543778844e-01 3.775943709799984373e-07 3.509272454874501417e-08 4.126870955287434514e-07
2.337733972395801829e-01 3.691940883348718208e-07 3.251100611866680228e-08 4.017050944535386098e-07
2.327326827338320747e-01 3.599617817278212164e-07 3.002292213658573549e-08 3.899847038644069321e-07
2.317075704486832588e-01 3.499751542849193957e-07 2.763581147922077095e-08 3.776109657641401435e-07
2.306981039328712679e-01 3.393169882041731392e-07 2.535585700519295017e-08 3.646728452093661026e-07
2.297043260704716150e-01 3.280738174315061397e-07 2.318805814011739869e-08 3.512618755716235285e-07
2.287262790790751399e-01 3.163345971532229403e-07 2.113622784227451571e-08 3.374708249954974825e-07
2.277640045079955822e-01 3.041893968405017463e-07 1.920301287209928639e-08 3.233924097126010261e-07
2.268175432365036603e-01 2.917281406359306929e-07 1.738993530276205179e-08 3.091180759386927215e-07
2.258869354720909883e-01 2.790394160614735105e-07 1.569745231044269048e-08 2.947368683719162043e-07
2.249722207487615533e-01 2.662093695406455000e-07 1.412503056626368745e-08 2.803344001069092123e-07
2.240734379253527253e-01 2.533207051035120428e-07 1.267123111738634286e-08 2.659919362208984071e-07
2.231906251838838839e-01 2.404518007320454492e-07 1.133380055542601288e-08 2.517856012874714786e-07
2.223238200279349375e-01 2.276759547834306977e-07 1.010976454695271403e-08 2.377857193303834233e-07
2.214730592810527365e-01 2.150607724201003792e-07 8.995520439117372094e-09 2.240562928592177595e-07
2.206383790851866589e-01 2.026676987211685514e-07 7.986926558021522346e-09 2.106546252791900721e-07
2.198198148991538370e-01 1.905517011496364685e-07 7.079386822103150334e-09 1.976310879717396254e-07
2.190174014971318917e-01 1.787610995244093839e-07 6.267930253524220746e-09 1.850290297779335956e-07
2.182311729671825573e-01 1.673375368903772877e-07 5.547285754343154892e-09 1.728848226447204435e-07
2.174611627098027022e-01 1.563160799651152200e-07 4.911953037084365851e-09 1.612280330021995925e-07
2.167074034365062962e-01 1.457254334359422603e-07 4.356270860492035563e-09 1.500817042964342860e-07
2.159699271684339394e-01 1.355882486511948891e-07 3.874483698881556670e-09 1.394627323500764573e-07
2.152487652349931446e-01 1.259215046988322064e-07 3.460807663900023912e-09 1.293823123627322316e-07
2.145439482725270686e-01 1.167369389575535896e-07 3.109495995866675292e-09 1.198464349534202715e-07
2.138555062230131643e-01 1.080415051066352144e-07 2.814903837727990469e-09 1.108564089443632082e-07
2.131834683327911151e-01 9.983783907209500616e-08 2.571551399793686998e-09 1.024093904718886981e-07
2.125278631513204675e-01 9.212471699335058475e-08 2.374184176127267937e-09 9.449890116947784897e-08
2.118887185299678788e-01 8.489749353411803641e-08 2.217828649292722904e-09 8.711532218341075684e-08
2.112660616208235642e-01 7.814851339714268747e-08 2.097841896357705027e-09 8.024635529350039043e-08
2.106599188755482466e-01 7.186749341648168558e-08 2.009953693523388403e-09 7.387744711000506943e-08
2.100703160442491668e-01 6.604187659784762351e-08 1.950300097650479298e-09 6.799217669549809867e-08
2.094972781743863754e-01 6.065716234968986659e-08 1.915447999899281890e-09 6.257261034958914724e-08
2.089408296097084450e-01 5.569721848619343332e-08 1.902410760455935671e-09 5.759962924664936734e-08
2.084009939892186303e-01 5.114458044278986545e-08 1.908655701989761641e-09 5.305323614477962378e-08
2.078777942461702277e-01 4.698074205493358008e-08 1.932104896412733462e-09 4.891284695134631188e-08
2.073712526070925488e-01 4.318644080811428640e-08 1.971131235770830812e-09 4.515757204388511679e-08
2.068813905908467587e-01 3.974193863608925128e-08 2.024551829755660864e-09 4.176649046584490924e-08
2.064082290077115245e-01 3.662729774161479317e-08 2.091620839254845801e-09 3.871891858086963649e-08
2.059517879584992495e-01 3.382265421544406767e-08 2.172028567686491254e-09 3.599468278313056182e-08
2.055120868337017570e-01 3.130849848892728083e-08 2.265920473749635973e-09 3.357441896267691391e-08
2.050891443126667824e-01 2.906594331242743294e-08 2.373920059657639732e-09 3.143986337208507144e-08
2.046829783628045518e-01 2.707687070053063802e-08 2.497050218964932277e-09 2.957392091949556865e-08
2.042936062388241991e-01 2.532387370121845698e-08 2.636487964788660104e-09 2.796036166600711667e-08
2.039210444820008794e-01 2.379038190982654594e-08 2.793608971081477021e-09 2.658399088090802338e-08
2.035653089194732479e-01 2.246201733463226897e-08 2.971501289907953909e-09 2.543351862454022205e-08
2.032264146635707203e-01 2.132959303317831269e-08 3.178517274873901548e-09 2.450811030805221341e-08
2.029043761111718747e-01 2.039106615987054193e-08 3.431274834997202901e-09 2.382234099486774400e-08
2.025992069430924691e-01 1.964632268805095385e-08 3.750989345460293717e-09 2.339731203351124840e-08
2.023109201235046284e-01 1.908013877799966985e-08 4.148413209015080364e-09 2.322855198701475186e-08
2.020395278993858124e-01 1.863755930110467788e-08 4.601433992182031826e-09 2.323899329328670805e-08
2.017850417999985935e-01 1.820667678564934121e-08 5.039732017452540377e-09 2.324640880310188076e-08
2.015474726364009372e-01 1.762598652254895257e-08 5.352319915019813989e-09 2.297830643756876738e-08
2.013268305009869030e-01 1.672224573597300589e-08 5.421768839345498909e-09 2.214401457531850314e-08
2.011231247670580147e-01 1.536670896934446591e-08 5.171036766665188528e-09 2.053774573600965527e-08
2.009363640884247182e-01 1.352552216409005611e-08 4.598733424917009131e-09 1.812425558900706690e-08
2.007665563990392588e-01 1.128186690882199568e-08 3.784144959930582065e-09 1.506601186875257692e-08
2.006137089126582007e-01 8.820705770911128908e-09 2.860145182723231529e-09 1.168085095363436044e-08
2.004778281225360892e-01 6.382657002570212122e-09 1.968548689907069098e-09 8.351205692477281220e-09
2.003589198011497818e-01 4.203693920087629525e-09 1.218852346074456524e-09 5.422546266162086049e-09
2.002569889999530062e-01 2.459567655877859088e-09 6.659412554481557902e-10 3.125508911326014981e-09
2.001720400491617535e-01 1.230051779967301112e-09 3.106053622855113909e-10 1.540657142252812554e-09
2.001040765575705649e-01 4.912703351587457240e-10 1.162139862904890603e-10 6.074843214492347713e-10
2.000531014123991536e-01 1.365159384058464531e-10 3.056126210900686977e-11 1.670772005148533358e-10
2.000000000000000111e-01 4.033684852334170400e-25 3.555902702497356238e-27 4.069243879359143883e-25
