9.999980991176022904e-01 1.467420343132317436e-12 1.489602561827088874e-12 2.957022904959406512e-12
9.999828921805613557e-01 1.040133937910874511e-10 1.202403346047670377e-10 2.242537283958544759e-10
9.999524789578944084e-01 6.092961824617998255e-10 9.075565783492384401e-10 1.516852760811038266e-09
9.999068607524024266e-01 1.514923996236948608e-09 3.268190790867555366e-09 4.783114787104503974e-09
9.998460395182173777e-01 2.222853046042534862e-09 7.826870463778506716e-09 1.004972350982104116e-08
9.997700178607189514e-01 2.123390777942756534e-09 1.405026715166247094e-08 1.617365792960522913e-08
9.996787990364215393e-01 1.330466327931771824e-09 2.009273073048312941e-08 2.142319705841490186e-08
9.995723869528361227e-01 5.124407660089776815e-10 2.397786278445088448e-08 2.449030355045986237e-08
9.994507861683021854e-01 1.009596018570115261e-10 2.508286453204924700e-08 2.518382413390625993e-08
9.993140018917925360e-01 1.062561519152962708e-11 2.432896220838589108e-08 2.433958782357741937e-08
9.991620399826905974e-01 1.143681155058431031e-11 2.310364803883061403e-08 2.311508485038119818e-08
9.989949069505383861e-01 1.096915413954663904e-11 2.226625768567970374e-08 2.227722683981925152e-08
9.988126099547589565e-01 8.433208693202372934e-12 2.196626247207238960e-08 2.197469568076559289e-08
9.986151568043488691e-01 7.931354233688324826e-12 2.197666407476118690e-08 2.198459542899487554e-08
9.984025559575440134e-01 8.007585178002047917e-12 2.205611140486792304e-08 2.206411899004592668e-08
9.981748165214567869e-01 8.044188552350900462e-12 2.210277855616532536e-08 2.211082274471767508e-08
9.979319482516868511e-01 8.070341458004479114e-12 2.211854033924023572e-08 2.212661068069824021e-08
9.976739615519025772e-01 8.103269469556349596e-12 2.212710365857424420e-08 2.213520692804379922e-08
9.974008674733956248e-01 8.141898166377831215e-12 2.213830425514932635e-08 2.214644615331570487e-08
9.971126777146070985e-01 8.184248635229883597e-12 2.215183398875865398e-08 2.216001823739388453e-08
9.968094046206275038e-01 8.229624011549890291e-12 2.216625402782642165e-08 2.217448365183797221e-08
9.964910611826662823e-01 8.278230309113611567e-12 2.218126938909239451e-08 2.218954761940150826e-08
9.961576610374971441e-01 8.330325343374705617e-12 2.219697399968648712e-08 2.220530432502986201e-08
9.958092184668727587e-01 8.386083902324585101e-12 2.221340702921542614e-08 2.222179311311775172e-08
9.954457483969127995e-01 8.445674351220493267e-12 2.223056627233768874e-08 2.223901194668890965e-08
9.950672663974655663e-01 8.509279700924509333e-12 2.224845053785295093e-08 2.225695981755387686e-08
9.946737886814402962e-01 8.577092821384914341e-12 2.226706151602998427e-08 2.227563860885136959e-08
9.942653321041123871e-01 8.649314902465462736e-12 2.228640097189551029e-08 2.229505028679797568e-08
9.938419141624026398e-01 8.726155868495140611e-12 2.230647062481912331e-08 2.231519678068761721e-08
9.934035529941260823e-01 8.807834581930228485e-12 2.232727229028199212e-08 2.233608012486392394e-08
9.929502673772163668e-01 8.894578955232013958e-12 2.234880787677731173e-08 2.235770245573254300e-08
9.924820767289206369e-01 8.986626083459627222e-12 2.237107937847929274e-08 2.238006600456275184e-08
9.919990011049679701e-01 9.084222385143767144e-12 2.239408887339672215e-08 2.240317309578186468e-08
9.915010611987102873e-01 9.187623747944777000e-12 2.241783852100962897e-08 2.242702614475757460e-08
9.909882783402359507e-01 9.297095679946088471e-12 2.244233055973763506e-08 2.245162765541758243e-08
9.904606744954558284e-01 9.412913466789161803e-12 2.246756730445224915e-08 2.247698021791903859e-08
9.899182722651627131e-01 9.535362334732969789e-12 2.249355114402897803e-08 2.250308650636371140e-08
9.893610948840629860e-01 9.664737619646483154e-12 2.252028453897330164e-08 2.252994927659294856e-08
9.887891662197811904e-01 9.801344942044802451e-12 2.254777001918979011e-08 2.255757136413183556e-08
9.882025107718375168e-01 9.945500388365965409e-12 2.257601018195050187e-08 2.258595568233886872e-08
9.876011536705993077e-01 1.009753069859969842e-11 2.260500769008373605e-08 2.261510522078233532e-08
9.869851206762028095e-01 1.025777346032092253e-11 2.263476527039188076e-08 2.264502304385220196e-08
9.863544381774513869e-01 1.042657730925651602e-11 2.266528571233426039e-08 2.267571228964351672e-08
9.857091331906842058e-01 1.060430213656683039e-11 2.269657186701383930e-08 2.270717616915040761e-08
9.850492333586193805e-01 1.079131930296814184e-11 2.272862664646628989e-08 2.273941796576925809e-08
9.843747669491691443e-01 1.098801185978632375e-11 2.276145302321668333e-08 2.277244103507647011e-08
9.836857628542294840e-01 1.119477477709921465e-11 2.279505403009184202e-08 2.280624880486893970e-08
9.829822505884431294e-01 1.141201517914718321e-11 2.282943276029885551e-08 2.284084477547800179e-08
9.822642602879336771e-01 1.164015258714192381e-11 2.286459236774870011e-08 2.287623252033584046e-08
9.815318227090161773e-01 1.187961916961212773e-11 2.290053606757602587e-08 2.291241568674563717e-08
9.807849692268786335e-01 1.213086000047087566e-11 2.293726713683271449e-08 2.294939799683318572e-08
9.800237318342386317e-01 1.239433332498613994e-11 2.297478891535367601e-08 2.298718324867866068e-08
9.792481431399722158e-01 1.267051083381316996e-11 2.301310480676308096e-08 2.302577531759689444e-08
9.784582363677181149e-01 1.295987794525444739e-11 2.305221827957240287e-08 2.306517815751765707e-08
9.776540453544531051e-01 1.326293409595523085e-11 2.309213286834830139e-08 2.310539580244425704e-08
9.768356045490438344e-01 1.358019304022807907e-11 2.313285217493639629e-08 2.314643236797662552e-08
9.760029490107702266e-01 1.391218315819344409e-11 2.317437986970220381e-08 2.318829205286039738e-08
9.751561144078242371e-01 1.425944777292141278e-11 2.321671969276080349e-08 2.323097914053372572e-08
9.742951370157819646e-01 1.462254547681849876e-11 2.325987545519443484e-08 2.327449800067125417e-08
9.734200537160493383e-01 1.500205046747421885e-11 2.330385104024451087e-08 2.331885309071198567e-08
9.725309019942822708e-01 1.539855289317414892e-11 2.334865040444484896e-08 2.336404895733802329e-08
9.716277199387812757e-01 1.581265920829698842e-11 2.339427757869162564e-08 2.341009023789992160e-08
9.707105462388594397e-01 1.624499253885902269e-11 2.344073666927214776e-08 2.345698166181100539e-08
9.697794201831855254e-01 1.669619305845826337e-11 2.348803185884129617e-08 2.350472805189975382e-08
9.688343816581008738e-01 1.716691837484898420e-11 2.353616740731267718e-08 2.355333432568752638e-08
9.678754711459105486e-01 1.765784392740223474e-11 2.358514765267133083e-08 2.360280549659873145e-08
9.669027297231493900e-01 1.816966339573520529e-11 2.363497701173867773e-08 2.365314667513441367e-08
9.659161990588223112e-01 1.870308911978308772e-11 2.368565998088439399e-08 2.370436307000417772e-08
9.649159214126195039e-01 1.925885253159381120e-11 2.373720113666350578e-08 2.375645998919510098e-08
9.639019396331063305e-01 1.983770459912717179e-11 2.378960513639790055e-08 2.380944284099702713e-08
9.628742971558874597e-01 2.044041628236350176e-11 2.384287671873538533e-08 2.386331713501774842e-08
9.618330380017459103e-01 2.106777900202911155e-11 2.389702070418075990e-08 2.391808848318278908e-08
9.607782067747587806e-01 2.172060512126425514e-11 2.395204199558187796e-08 2.397376260070314379e-08
9.597098486603850009e-01 2.239972844056024537e-11 2.400794557858647919e-08 2.403034530702703827e-08
9.586280094235299920e-01 2.310600470628625497e-11 2.406473652209254607e-08 2.408784252679883349e-08
9.575327354065865659e-01 2.384031213315078920e-11 2.412241997868911171e-08 2.414626029082226092e-08
9.564240735274480709e-01 2.460355194097389363e-11 2.418100118508450120e-08 2.420560473702547430e-08
9.553020712774993317e-01 2.539664890613789522e-11 2.424048546253634312e-08 2.426588211144247959e-08
9.541667767195824990e-01 2.622055192807863587e-11 2.430087821728766906e-08 2.432709876921574736e-08
9.530182384859380296e-01 2.707623461119332349e-11 2.436218494100447562e-08 2.438926117561566987e-08
9.518565057761210202e-01 2.796469586258846210e-11 2.442441121122203470e-08 2.445237590708462185e-08
9.506816283548944480e-01 2.888696050608531878e-11 2.448756269180985169e-08 2.451644965231593816e-08
9.494936565500966541e-01 2.984407991288420090e-11 2.455164513344240737e-08 2.458148921335529155e-08
9.482926412504855129e-01 3.083713264931518271e-11 2.461666437406733547e-08 2.464750150671665198e-08
9.470786339035597301e-01 3.186722514214193740e-11 2.468262633939164281e-08 2.471449356453378486e-08
9.458516865133532736e-01 3.293549236189781251e-11 2.474953704339676815e-08 2.478247253575866706e-08
9.446118516382084884e-01 3.404309852471365714e-11 2.481740258886014935e-08 2.485144568738486381e-08
9.433591823885254524e-01 3.519123781310354958e-11 2.488622916787220797e-08 2.492142040568531190e-08
9.420937324244851307e-01 3.638113511622712581e-11 2.495602306237113804e-08 2.499240419748736563e-08
9.408155559537527690e-01 3.761404679015435657e-11 2.502679064470185190e-08 2.506440469149200761e-08
9.395247077291537519e-01 3.889126143867249545e-11 2.509853837817268925e-08 2.513742963961136011e-08
9.382212430463299224e-01 4.021410071515885503e-11 2.517127281760118100e-08 2.521148691831634097e-08
9.369052177413701443e-01 4.158392014608595872e-11 2.524500060987646266e-08 2.528658453002254841e-08
9.355766881884182151e-01 4.300210997674785284e-11 2.531972849454818052e-08 2.536273060452492976e-08
9.342357112972585753e-01 4.447009603981361150e-11 2.539546330441801520e-08 2.543993340045782803e-08
9.328823445108784806e-01 4.598934064731748556e-11 2.547221196612241713e-08 2.551820130676973571e-08
9.315166458030059715e-01 4.756134350670182881e-11 2.554998150072179735e-08 2.559754284422849883e-08
9.301386736756289686e-01 4.918764266155899092e-11 2.562877902430131546e-08 2.567796666696287387e-08
9.287484871564866129e-01 5.086981545776963280e-11 2.570861174857112153e-08 2.575948156402889027e-08
9.273461457965430643e-01 5.260947953571941643e-11 2.578948698146370956e-08 2.584209646099943009e-08
9.259317096674344327e-01 5.440829384929509833e-11 2.587141212773775933e-08 2.592582042158705388e-08
9.245052393588968354e-01 5.626795971237620354e-11 2.595439468959042872e-08 2.601066264930280547e-08
9.230667959761709174e-01 5.819022187360136793e-11 2.603844226727428486e-08 2.609663248914788568e-08
9.216164411373832799e-01 6.017686962018390004e-11 2.612356255971492681e-08 2.618373942933511113e-08
9.201542369709085900e-01 6.222973791156005116e-11 2.620976336512392641e-08 2.627199310303548622e-08
9.186802461127063779e-01 6.435070854367042660e-11 2.629705258160221349e-08 2.636140329014588483e-08
9.171945317036391820e-01 6.654171134474072546e-11 2.638543820774250491e-08 2.645197991908724502e-08
9.156971573867678238e-01 6.880472540343016771e-11 2.647492834323797715e-08 2.654373306864140624e-08
9.141881873046238116e-01 7.114178033023904413e-11 2.656553118948882462e-08 2.663667296981906520e-08
9.126676860964635374e-01 7.355495755308305202e-11 2.665725505020051634e-08 2.673081000775359924e-08
9.111357188954982700e-01 7.604639164797302097e-11 2.675010833198266154e-08 2.682615472363063383e-08
9.095923513261039428e-01 7.861827170577974658e-11 2.684409954495390362e-08 2.692271781665968387e-08
9.080376495010105131e-01 8.127284273609177431e-11 2.693923730334010412e-08 2.702051014607619539e-08
9.064716800184695611e-01 8.401240710920562782e-11 2.703553032605632381e-08 2.711954273316553084e-08
9.048945099594021269e-01 8.683932603729049696e-11 2.713298743728483999e-08 2.721982676332212931e-08
9.033062068845241210e-01 8.975602109582205542e-11 2.723161756705905987e-08 2.732137358815488306e-08
9.017068388314528615e-01 9.276497578642440994e-11 2.733142975184679209e-08 2.742419472763321786e-08
9.000964743117927380e-01 9.586873714229323949e-11 2.743243313512513067e-08 2.752830187226742532e-08
8.984751823082002264e-01 9.906991737736643620e-11 2.753463696794906223e-08 2.763370688532643006e-08
8.968430322714284753e-01 1.023711955804466747e-10 2.763805060951910380e-08 2.774042180509954965e-08
8.952000941173527959e-01 1.057753194555612707e-10 2.774268352774464263e-08 2.784845884720020255e-08
8.935464382239759473e-01 1.092851071098785150e-10 2.784854529979548033e-08 2.795783040690536015e-08
8.918821354284121039e-01 1.129034488905099278e-10 2.795564561263822310e-08 2.806854906152873459e-08
8.902072570238541704e-01 1.166333092715646675e-10 2.806399426356074737e-08 2.818062757283231134e-08
8.885218747565184483e-01 1.204777287928761279e-10 2.817360116068796341e-08 2.829407888948083889e-08
8.868260608225717601e-01 1.244398260518852159e-10 2.828447632348815247e-08 2.840891614954003668e-08
8.851198878650392565e-01 1.285227997501773154e-10 2.839662988326128455e-08 2.852515268301146023e-08
8.834034289706915732e-01 1.327299307962108558e-10 2.851007208361241719e-08 2.864280201440862951e-08
8.816767576669148898e-01 1.370645844658189291e-10 2.862481328091858599e-08 2.876187786538440598e-08
8.799399479185612272e-01 1.415302126221430835e-10 2.874086394478876666e-08 2.888239415741090886e-08
8.781930741247796490e-01 1.461303559967040624e-10 2.885823465850558284e-08 2.900436501450228607e-08
8.764362111158292556e-01 1.508686465333475236e-10 2.897693611944683735e-08 2.912780476598018410e-08
8.746694341498744141e-01 1.557488097968480635e-10 2.909697913949659448e-08 2.925272794929344127e-08
8.728928189097595602e-01 1.607746674480219225e-10 2.921837464544582326e-08 2.937914931289384407e-08
8.711064414997689020e-01 1.659501397872534467e-10 2.934113367937280792e-08 2.950708381916006165e-08
8.693103784423650282e-01 1.712792483684036081e-10 2.946526739899997372e-08 2.963654664736837570e-08
8.675047066749115299e-01 1.767661186851244614e-10 2.959078707803305751e-08 2.976755319671818288e-08
8.656895035463774146e-01 1.824149829316361921e-10 2.971770410647849688e-08 2.990011908941013566e-08
8.638648468140230907e-01 1.882301828401188490e-10 2.984602999093159017e-08 3.003426017377170721e-08
8.620308146400699201e-01 1.942161725969384461e-10 2.997577635483632046e-08 3.016999252743325717e-08
8.601874855883520077e-01 2.003775218399896021e-10 3.010695493872315679e-08 3.030733246056314830e-08
8.583349386209513376e-01 2.067189187394834348e-10 3.023957760042270499e-08 3.044629651916218517e-08
8.564732530948138134e-01 2.132451731645710846e-10 3.037365631525008623e-08 3.058690148841465514e-08
8.546025087583513091e-01 2.199612199382964255e-10 3.050920317616229986e-08 3.072916439610059403e-08
8.527227857480250695e-01 2.268721221834649484e-10 3.064623039389002304e-08 3.087310251607348497e-08
8.508341645849124557e-01 2.339830747620613423e-10 3.078475029703955254e-08 3.101873337180161714e-08
8.489367261712581492e-01 2.412994078109208363e-10 3.092477533215901882e-08 3.116607473996994120e-08
8.470305517870089229e-01 2.488265903764564798e-10 3.106631806376773443e-08 3.131514465414418822e-08
8.451157230863308722e-01 2.565702341513569318e-10 3.120939117434960305e-08 3.146596140850095791e-08
8.431923220941126562e-01 2.645360973162251131e-10 3.135400746430764440e-08 3.161854356162386889e-08
8.412604312024514197e-01 2.727300884891903721e-10 3.150017985187774243e-08 3.177290994036693544e-08
8.393201331671227283e-01 2.811582707866641539e-10 3.164792137300064414e-08 3.192907964378730845e-08
8.373715111040367365e-01 2.898268659984905596e-10 3.179724518115363159e-08 3.208707204715212505e-08
8.354146484856772581e-01 2.987422588808529942e-10 3.194816454714170183e-08 3.224690680602255736e-08
8.334496291375257382e-01 3.079110015704009277e-10 3.210069285884043282e-08 3.240860386041083184e-08
8.314765372344712357e-01 3.173398181231618662e-10 3.225484362088130412e-08 3.257218343900446862e-08
8.294954572972035312e-01 3.270356091819227958e-10 3.241063045428465363e-08 3.273766606346657514e-08
8.275064741885935771e-01 3.370054567758487001e-10 3.256806709604934974e-08 3.290507255282519730e-08
8.255096731100584062e-01 3.472566292562425987e-10 3.272716739869082084e-08 3.307442402794706302e-08
8.235051395979098299e-01 3.577965863724775444e-10 3.288794532971111051e-08 3.324574191608358816e-08
8.214929595196922563e-01 3.686329844922356030e-10 3.305041497100645736e-08 3.341904795549869395e-08
8.194732190705029673e-01 3.797736819703361305e-10 3.321459051822654111e-08 3.359436420019687879e-08
8.174460047693006270e-01 3.912267446705691988e-10 3.338048628007092904e-08 3.377171302474149896e-08
8.154114034551989132e-01 4.030004516450924004e-10 3.354811667750095156e-08 3.395111712914604639e-08
8.133695022837463817e-01 4.151033009760789245e-10 3.371749624288130049e-08 3.413259954385738246e-08
8.113203887231932310e-01 4.275440157844323341e-10 3.388863961906920395e-08 3.431618363485363892e-08
8.092641505507442989e-01 4.403315504105529986e-10 3.406156155842488672e-08 3.450189310883543791e-08
8.072008758487994040e-01 4.534750967722958157e-10 3.423627692172088962e-08 3.468975201849318626e-08
8.051306530011794749e-01 4.669840909054121447e-10 3.441280067697952336e-08 3.487978476788493395e-08
8.030535706893413561e-01 4.808682196919538518e-10 3.459114789825138089e-08 3.507201611794333237e-08
8.009697178885777369e-01 4.951374277822597454e-10 3.477133376428919484e-08 3.526647119207145159e-08
7.988791838642073095e-01 5.098019247163619712e-10 3.495337355710561829e-08 3.546317548182197747e-08
7.967820581677500513e-01 5.248721922508201784e-10 3.513728266046208494e-08 3.566215485271290677e-08
7.946784306330907377e-01 5.403589918971597576e-10 3.532307655828243553e-08 3.586343555017959477e-08
7.925683913726315755e-01 5.562733726782620366e-10 3.551077083292512279e-08 3.606704420560338648e-08
7.904520307734317353e-01 5.726266791093163317e-10 3.570038116333344369e-08 3.627300784244275879e-08
7.883294394933355598e-01 5.894305594101368983e-10 3.589192332313105871e-08 3.648135388254119467e-08
7.862007084570890036e-01 6.066969739558382818e-10 3.608541317861727650e-08 3.669211015257311716e-08
7.840659288524443049e-01 6.244382039730898386e-10 3.628086668657607093e-08 3.690530489054916190e-08
7.819251921262551086e-01 6.426668604894128727e-10 3.647829989196126569e-08 3.712096675245068187e-08
7.797785899805576015e-01 6.613958935432866810e-10 3.667772892554182908e-08 3.733912481908511587e-08
7.776262143686432093e-01 6.806386016629609124e-10 3.687917000140737517e-08 3.755980860307033763e-08
7.754681574911197472e-01 7.004086416221113188e-10 3.708263941423611860e-08 3.778304805585822661e-08
7.733045117919610245e-01 7.207200384808472790e-10 3.728815353645096810e-08 3.800887357493181424e-08
7.711353699545477891e-01 7.415871959208419998e-10 3.749572881535057292e-08 3.823731601127141616e-08
7.689608248976966820e-01 7.630249068835792283e-10 3.770538177003936444e-08 3.846840667692294439e-08
7.667809697716805317e-01 7.850483645209743813e-10 3.791712898806336628e-08 3.870217735258433808e-08
7.645958979542379907e-01 8.076731734680473839e-10 3.813098712197000307e-08 3.893866029543805066e-08
7.624057030465734019e-01 8.309153614476093650e-10 3.834697288586209251e-08 3.917788824730970435e-08
7.602104788693464510e-01 8.547913912171188170e-10 3.856510305165474056e-08 3.941989444287186227e-08
7.580103194586551574e-01 8.793181728681887363e-10 3.878539444497825637e-08 3.966471261784644407e-08
7.558053190620057649e-01 9.045130764898312378e-10 3.900786394108274792e-08 3.991237701757257668e-08
7.535955721342764146e-01 9.303939452067763616e-10 3.923252846074289643e-08 4.016292240594967403e-08
7.513811733336710486e-01 9.569791086042868858e-10 3.945940496570694094e-08 4.041638407431122555e-08
7.491622175176639864e-01 9.842873965514539563e-10 3.968851045375008537e-08 4.067279785030154263e-08
7.469387997389373979e-01 1.012338153435693507e-09 3.991986195387636782e-08 4.093220010731206298e-08
7.447110152413086714e-01 1.041151252821314808e-09 4.015347652148172531e-08 4.119462777430304177e-08
7.424789594556508998e-01 1.070747112545075717e-09 4.038937123282063189e-08 4.146011834536570658e-08
7.402427279958052608e-01 1.101146710262416321e-09 4.062756317910747373e-08 4.172870988936988985e-08
7.380024166544847386e-01 1.132371599459000287e-09 4.086806946098384238e-08 4.200044106044284556e-08
7.357581213991708502e-01 1.164443925942154347e-09 4.111090718279579489e-08 4.227535110873794965e-08
7.335099383680026008e-01 1.197386444826674355e-09 4.135609344587287238e-08 4.255347989069954819e-08
7.312579638656586667e-01 1.231222538030788147e-09 4.160364534161484213e-08 4.283486787964562820e-08
7.290022943592313620e-01 1.265976232299194590e-09 4.185357994519097677e-08 4.311955617749017136e-08
7.267430264740952772e-01 1.301672217769470129e-09 4.210591430871212176e-08 4.340758652648159458e-08
7.244802569897668132e-01 1.338335867098292555e-09 4.236066545310281867e-08 4.369900132020110895e-08
7.222140828357599407e-01 1.375993255165903940e-09 4.261785036015402514e-08 4.399384361531992742e-08
7.199446010874326340e-01 1.414671179378306479e-09 4.287748596537344215e-08 4.429215714475174759e-08
7.176719089618297520e-01 1.454397180585351789e-09 4.313958914975587425e-08 4.459398633034122583e-08
7.153961038135179251e-01 1.495199564633372865e-09 4.340417673007382323e-08 4.489937629470719858e-08
7.131172831304150028e-01 1.537107424574047568e-09 4.367126544992532925e-08 4.520837287449937662e-08
7.108355445296148378e-01 1.580150663551706353e-09 4.394087197156611155e-08 4.552102263511781894e-08
7.085509857532046318e-01 1.624360018389334642e-09 4.421301286591697517e-08 4.583737288430630940e-08
7.062637046640788396e-01 1.669767083894775710e-09 4.448770460115759248e-08 4.615747168505237067e-08
7.039737992417467449e-01 1.716404337912631940e-09 4.476496353279002589e-08 4.648136787070265990e-08
7.016813675781352622e-01 1.764305167147141822e-09 4.504480589416573634e-08 4.680911106131287506e-08
6.993865078733867424e-01 1.813503893778450767e-09 4.532724778437589735e-08 4.714075167815434563e-08
6.970893184316533375e-01 1.864035802897427996e-09 4.561230515514809311e-08 4.747634095804551904e-08
6.947898976568851470e-01 1.915937170788960640e-09 4.589999379988037189e-08 4.781593097066933088e-08
6.924883440486149233e-01 1.969245294092117814e-09 4.619032934241913151e-08 4.815957463651125180e-08
6.901847561977392242e-01 2.023998519862573934e-09 4.648332722253521078e-08 4.850732574239778265e-08
6.878792327822944586e-01 2.080236276566880978e-09 4.677900268119416530e-08 4.885923895776104876e-08
6.855718725632304889e-01 2.137999106043482039e-09 4.707737074833565985e-08 4.921536985437914106e-08
6.832627743801795717e-01 2.197328696462519407e-09 4.737844622937526384e-08 4.957577492583778325e-08
6.809520371472225220e-01 2.258267916313454676e-09 4.768224368817230622e-08 4.994051160448576090e-08
6.786397598486519911e-01 2.320860849455067112e-09 4.798877743073697836e-08 5.030963828019204257e-08
6.763260415347310817e-01 2.385152831268187998e-09 4.829806149126167544e-08 5.068321432252986385e-08
6.740109813174521847e-01 2.451190485947709182e-09 4.861010961588682262e-08 5.106130010183452891e-08
6.716946783662895992e-01 2.519021764967532083e-09 4.892493524328930841e-08 5.144395700825684091e-08
6.693772319039525964e-01 2.588695986758785091e-09 4.924255148663800291e-08 5.183124747339678676e-08
6.670587412021347085e-01 2.660263877647809347e-09 4.956297111714265734e-08 5.222323499479046545e-08
6.647393055772607973e-01 2.733777614096647498e-09 4.988620654493484190e-08 5.261998415903148691e-08
6.624190243862333460e-01 2.809290866284742135e-09 5.021226979745333246e-08 5.302156066373807666e-08
6.600979970221763082e-01 2.886858843078044834e-09 5.054117249898408933e-08 5.342803134206213292e-08
6.577763229101769582e-01 2.966538338440157005e-09 5.087292585107805326e-08 5.383946418951820778e-08
6.554541015030268536e-01 3.048387779335819558e-09 5.120754061086846519e-08 5.425592839020428557e-08
6.531314322769623537e-01 3.132467275170557197e-09 5.154502706707929989e-08 5.467749434224985543e-08
6.508084147274026954e-01 3.218838668819790377e-09 5.188539501603156883e-08 5.510423368485135673e-08
6.484851483646880688e-01 3.307565589313253960e-09 5.222865373881164636e-08 5.553621932812490238e-08
6.461617327098170271e-01 3.398713506233359321e-09 5.257481197751705120e-08 5.597352548375040886e-08
6.438382672901830084e-01 3.492349785875826706e-09 5.292387790786804645e-08 5.641622769374387605e-08
6.415148516353118557e-01 3.588543749235885347e-09 5.327585911062459878e-08 5.686440285986048165e-08
6.391915852725972291e-01 3.687366731900571088e-09 5.363076254629290259e-08 5.731812927819347492e-08
6.368685677230374598e-01 3.788892145913098699e-09 5.398859452928094896e-08 5.777748667519404766e-08
6.345458984969730709e-01 3.893195543662349754e-09 5.434936069519604601e-08 5.824255623885839907e-08
6.322236770898230773e-01 4.000354683876727015e-09 5.471306596751900244e-08 5.871342065139573193e-08
6.299020029778236163e-01 4.110449599820244847e-09 5.507971453115378332e-08 5.919016413097402651e-08
6.275809756137665785e-01 4.223562669761319046e-09 5.544930980302319813e-08 5.967287247278452214e-08
6.252606944227392383e-01 4.339778689775252790e-09 5.582185439200251517e-08 6.016163308177777375e-08
6.229412587978653271e-01 4.459184948983549532e-09 5.619735006233470568e-08 6.065653501131825852e-08
6.206227680960473281e-01 4.581871307343896028e-09 5.657579770671705056e-08 6.115766901406094659e-08
6.183053216337103253e-01 4.707930276063709993e-09 5.695719731019981535e-08 6.166512758626353196e-08
6.159890186825478509e-01 4.837457100715051181e-09 5.734154790207066935e-08 6.217900500278571474e-08
6.136739584652688428e-01 4.970549847183420978e-09 5.772884751868973202e-08 6.269939736587315052e-08
6.113602401513480444e-01 5.107309490577077817e-09 5.811909317454450506e-08 6.322640266512158618e-08
6.090479628527774025e-01 5.247840007175350457e-09 5.851228081574372028e-08 6.376012082291906577e-08
6.067372256198203528e-01 5.392248469519983652e-09 5.890840526582924067e-08 6.430065373534921770e-08
6.044281274367695467e-01 5.540645144814145000e-09 5.930746019004897826e-08 6.484810533486312987e-08
6.021207672177055770e-01 5.693143596766452094e-09 5.970943805999005913e-08 6.540258165675650709e-08
5.998152438022608113e-01 5.849860790971371329e-09 6.011433009490144979e-08 6.596419088587281781e-08
5.975116559513850012e-01 6.010917203967973919e-09 6.052212620561356670e-08 6.653304340958153896e-08
5.952101023431148885e-01 6.176436936170658179e-09 6.093281495893160524e-08 6.710925189510225846e-08
5.929106815683465870e-01 6.346547828823057460e-09 6.134638353029058677e-08 6.769293135911364423e-08
5.906134921266132931e-01 6.521381585097271066e-09 6.176281763514392968e-08 6.828419922024120405e-08
5.883186324218647734e-01 6.701073895516568070e-09 6.218210147451494068e-08 6.888317537003151289e-08
5.860262007582532906e-01 6.885764567923078832e-09 6.260421769403026485e-08 6.948998226195333955e-08
5.837362953359211959e-01 7.075597662177285543e-09 6.302914732146346127e-08 7.010474498364074268e-08
5.814490142467954037e-01 7.270721629743470939e-09 6.345686969369032274e-08 7.072759132343379533e-08
5.791644554703851977e-01 7.471289458375592462e-09 6.388736240315782285e-08 7.135865186153341200e-08
5.768827168695849217e-01 7.677458822176639955e-09 6.432060124412611122e-08 7.199806006630274786e-08
5.746038961864821104e-01 7.889392237254131604e-09 6.475656013711899794e-08 7.264595237437312954e-08
5.723280910381702835e-01 8.107257223169825595e-09 6.519521105661744927e-08 7.330246827978727156e-08
5.700553989125674015e-01 8.331226470452853444e-09 6.563652397223742430e-08 7.396775044269027940e-08
5.677859171642400948e-01 8.561478014491626830e-09 6.608046677752877511e-08 7.464194479202040359e-08
5.655197430102331113e-01 8.798195416101383151e-09 6.652700520775189242e-08 7.532520062385327061e-08
5.632569735259046473e-01 9.041567949015834985e-09 6.697610276809773820e-08 7.601767071711357154e-08
5.609977056407684515e-01 9.291790794609082869e-09 6.742772066100908355e-08 7.671951145561816311e-08
5.587420361343413688e-01 9.549065244282026464e-09 6.788181769928032814e-08 7.743088294356235295e-08
5.564900616319973237e-01 9.813598909866908717e-09 6.833835022252812701e-08 7.815194913239503242e-08
5.542418786008290743e-01 1.008560594233138828e-08 6.879727201969547271e-08 7.888287796202686430e-08
5.519975833455151859e-01 1.036530725924266140e-08 6.925853423761700325e-08 7.962384149685965803e-08
5.497572720041946637e-01 1.065293078149364758e-08 6.972208528408919709e-08 8.037501606558284467e-08
5.475210405443490247e-01 1.094871167969273421e-08 7.018787074311882401e-08 8.113658242281155657e-08
5.452889847586912531e-01 1.125289263069087772e-08 7.065583328327063176e-08 8.190872591396151114e-08
5.430612002610626377e-01 1.156572408476833809e-08 7.112591254812122353e-08 8.269163663288955831e-08
5.408377824823358271e-01 1.188746454407603605e-08 7.159804505512414460e-08 8.348550959920017569e-08
5.386188266663289870e-01 1.221838085297944047e-08 7.207216410300309523e-08 8.429054495598253073e-08
5.364044278657235099e-01 1.255874850078854571e-08 7.254819965973789821e-08 8.510694816052644723e-08
5.341946809379942707e-01 1.290885193760002820e-08 7.302607824199610861e-08 8.593493017959613681e-08
5.319896805413448782e-01 1.326898490415874124e-08 7.350572280868651566e-08 8.677470771284525028e-08
5.297895211306534735e-01 1.363945077626808600e-08 7.398705265057895739e-08 8.762650342684703843e-08
5.275942969534266336e-01 1.402056292466816856e-08 7.446998326106747469e-08 8.849054618573563994e-08
5.254041020457618227e-01 1.441264509145222238e-08 7.495442620771198111e-08 8.936707129916420349e-08
5.232190302283193928e-01 1.481603178365757660e-08 7.544028901281745677e-08 9.025632079647503999e-08
5.210391751023033535e-01 1.523106868535012472e-08 7.592747502266037275e-08 9.115854370801050078e-08
5.188646300454522464e-01 1.565811308935606650e-08 7.641588326299119660e-08 9.207399635234726310e-08
5.166954882080390110e-01 1.609753434944587427e-08 7.690540830176440492e-08 9.300294265121027588e-08
5.145318425088802883e-01 1.654971435477885738e-08 7.739594011085412115e-08 9.394565446563297853e-08
5.123737856313567152e-01 1.701504802786735012e-08 7.788736391091426082e-08 9.490241193878161756e-08
5.102214100194423230e-01 1.749394384728462130e-08 7.837956001759673536e-08 9.587350386488135997e-08
5.080748078737449269e-01 1.798682439730734956e-08 7.887240368931662929e-08 9.685922808662398216e-08
5.059340711475556196e-01 1.849412694596768639e-08 7.936576495963450457e-08 9.785989190560218435e-08
5.037992915429110319e-01 1.901630405346214608e-08 7.985950846721642912e-08 9.887581252067857519e-08
5.016705605066643647e-01 1.955382421336592296e-08 8.035349328723873895e-08 9.990731750060465860e-08
4.995479692265681892e-01 2.010717252870222399e-08 8.084757275150602031e-08 1.009547452802082476e-07
4.974316086273683490e-01 2.067685142556550517e-08 8.134159425954584816e-08 1.020184456851113566e-07
4.953215693669092423e-01 2.126338140701703835e-08 8.183539908766487532e-08 1.030987804946819170e-07
4.932179418322498732e-01 2.186730185055939674e-08 8.232882219666770800e-08 1.041961240472271047e-07
4.911208161357925039e-01 2.248917185236452863e-08 8.282169202588823176e-08 1.053108638782527571e-07
4.890302821114222431e-01 2.312957112155281613e-08 8.331383027557886681e-08 1.064434013971316829e-07
4.869464293106587904e-01 2.378910092974008071e-08 8.380505169363311136e-08 1.075941526233731954e-07
4.848693469988205607e-01 2.446838511920447672e-08 8.429516385193685487e-08 1.087635489711413349e-07
4.827991241512006315e-01 2.516807117437553973e-08 8.478396690605842077e-08 1.099520380804339671e-07
4.807358494492557366e-01 2.588883136395880461e-08 8.527125335194015236e-08 1.111600847158989570e-07
4.786796112768068046e-01 2.663136395725021301e-08 8.575680777616804626e-08 1.123881717334182593e-07
4.766304977162535428e-01 2.739639452197653547e-08 8.624040659464467114e-08 1.136368011166212099e-07
4.745885965448010113e-01 2.818467731282093086e-08 8.672181777537524220e-08 1.149064950881961731e-07
4.725539952306994085e-01 2.899699675504773036e-08 8.720080055576145481e-08 1.161977973108091819e-07
4.705267809294970682e-01 2.983416903426162768e-08 8.767710515296501350e-08 1.175112741872266412e-07
4.685070404803077793e-01 3.069704380306492015e-08 8.815047244704385610e-08 1.188475162501087763e-07
4.664948604020899836e-01 3.158650601132274426e-08 8.862063366292477956e-08 1.202071396742475304e-07
4.644903268899416293e-01 3.250347787518554289e-08 8.908731004262373865e-08 1.215907879178092882e-07
4.624935258114062919e-01 3.344892099749748276e-08 8.955021248030385792e-08 1.229991334778013407e-07
4.605045427027965044e-01 3.442383865035959205e-08 9.000904116141896157e-08 1.244328798117785602e-07
4.585234627655287998e-01 3.542927823899085073e-08 9.046348518437459458e-08 1.258927634233654519e-07
4.565503708624741308e-01 3.646633396246990011e-08 9.091322214333822355e-08 1.273795561058081237e-07
4.545853515143226664e-01 3.753614968741687805e-08 9.135791771263447425e-08 1.288940674000513523e-07
4.526284888959630770e-01 3.863992205749238332e-08 9.179722519919544810e-08 1.304371472566878248e-07
4.506798668328771962e-01 3.977890385900074912e-08 9.223078506542846587e-08 1.320096889244292150e-07
4.487395687975486158e-01 4.095440766416354138e-08 9.265822444465743682e-08 1.336126321088209782e-07
4.468076779058871573e-01 4.216780977875368040e-08 9.307915660865278847e-08 1.352469663874064556e-07
4.448842769136691078e-01 4.342055452057785227e-08 9.349318041511993523e-08 1.369137349356977809e-07
4.429694482129911681e-01 4.471415885518101706e-08 9.389987973173239872e-08 1.386140385869134224e-07
4.410632738287418864e-01 4.605021741987655313e-08 9.429882280474264928e-08 1.403490402246192090e-07
4.391658354150876908e-01 4.743040796894642176e-08 9.468956160998427059e-08 1.421199695789306857e-07
4.372772142519749661e-01 4.885649726960459218e-08 9.507163115974942529e-08 1.439281284293540175e-07
4.353974912416486154e-01 5.033034748416334060e-08 9.544454875611726824e-08 1.457748962402806022e-07
4.335267469051861111e-01 5.185392307492203048e-08 9.580781321743591517e-08 1.476617362923579589e-07
4.316650613790486424e-01 5.342929826107189667e-08 9.616090404274091768e-08 1.495902023038128210e-07
4.298125144116478058e-01 5.505866506336131955e-08 9.650328052804201738e-08 1.515619455914033303e-07
4.279691853599302265e-01 5.674434196837080864e-08 9.683438083553587205e-08 1.535787228039066873e-07
4.261351531859768893e-01 5.848878323283345099e-08 9.715362099341087702e-08 1.556424042262443214e-07
4.243104964536225654e-01 6.029458885228508021e-08 9.746039384961204023e-08 1.577549827018971204e-07
4.224952933250882281e-01 6.216451520517947952e-08 9.775406795187877271e-08 1.599185831570582390e-07
4.206896215576349518e-01 6.410148636809959664e-08 9.803398636055080222e-08 1.621354727286503856e-07
4.188935585002310780e-01 6.610860609555919989e-08 9.829946541157686095e-08 1.644080715071360608e-07
4.171071810902404198e-01 6.818917043517261041e-08 9.854979338697655346e-08 1.667389638221491506e-07
4.153305658501256215e-01 7.034668093143547094e-08 9.878422912561776859e-08 1.691309100570532263e-07
4.135637888841706133e-01 7.258485836291371357e-08 9.900200057348842352e-08 1.715868589364021239e-07
4.118069258752203310e-01 7.490765693089137394e-08 9.920230324036253066e-08 1.741099601712538914e-07
4.100600520814386973e-01 7.731927880228916798e-08 9.938429861106643680e-08 1.767035774133556180e-07
4.083232423330851457e-01 7.982418889743846943e-08 9.954711249321323694e-08 1.793713013906517064e-07
4.065965710293084068e-01 8.242712978547550836e-08 9.968983329414196260e-08 1.821169630796174842e-07
4.048801121349607790e-01 8.513313653272808673e-08 9.981151027419924581e-08 1.849446468069273458e-07
4.031739391774281089e-01 8.794755132559144484e-08 9.991115175857965794e-08 1.878587030841710895e-07
4.014781252434815872e-01 9.087603764331976434e-08 9.998772333079964779e-08 1.908637609741194254e-07
3.997927429761458651e-01 9.392459370304882908e-08 1.000401460403077450e-07 1.939647397433565740e-07
3.981178645715878206e-01 9.709956482242074657e-08 1.000672946241963795e-07 1.971668594466171261e-07
3.964535617760240882e-01 1.004076542271132736e-07 1.000679957851569670e-07 2.004756500122702274e-07
3.947999058826471286e-01 1.038559316749340783e-07 1.000410265427266108e-07 2.038969582176606759e-07
3.931569677285715048e-01 1.074518390663667386e-07 9.998511268386259911e-08 2.074369517502293245e-07
3.915248176917997536e-01 1.112031919484932780e-07 9.989892735170576147e-08 2.111021193001990527e-07
3.899035256882071865e-01 1.151181755013330978e-07 9.978108978370479747e-08 2.148992652850378952e-07
3.882931611685471185e-01 1.192053332323552372e-07 9.963016425048393343e-08 2.188354974828391574e-07
3.866937931154760255e-01 1.234735461908939941e-07 9.944465922081440398e-08 2.229182054117083981e-07
3.851054900405977977e-01 1.279320000749639349e-07 9.922302678059216215e-08 2.271550268555560970e-07
3.835283199815304189e-01 1.325901371803338096e-07 9.896366238277333199e-08 2.315537995631071283e-07
3.819623504989895779e-01 1.374575897514578560e-07 9.866490496193599691e-08 2.361224947133938529e-07
3.804076486738959817e-01 1.425440909782850084e-07 9.832503749978308582e-08 2.408691284780680678e-07
3.788642811045016545e-01 1.478593597096884402e-07 9.794228816602368905e-08 2.458016478757121425e-07
3.773323139035362761e-01 1.534129549621005109e-07 9.751483213307429842e-08 2.509277870951747961e-07
3.758118126953761129e-01 1.592140965363145439e-07 9.704079425688888915e-08 2.562548907932034066e-07
3.743028426132322117e-01 1.652714485736564337e-07 9.651825283668324228e-08 2.617897014103397025e-07
3.728054682963606314e-01 1.715928637091995897e-07 9.594524467880692475e-08 2.675381083880065144e-07
3.713197538872935466e-01 1.781850866379437358e-07 9.531977178246570258e-08 2.735048584204094516e-07
3.698457630290914455e-01 1.850534174159737908e-07 9.463980996405253523e-08 2.796932273800263525e-07
3.683835588626165336e-01 1.922013366247828735e-07 9.390331976951647193e-08 2.861046563942993455e-07
3.669332040238291737e-01 1.996300965919930994e-07 9.310826005756590013e-08 2.927383566495589995e-07
3.654947606411032002e-01 2.073382851495997315e-07 9.225260460620463741e-08 2.995908897558043689e-07
3.640682903325655473e-01 2.153213707908613139e-07 9.133436208831360595e-08 3.066557328791749330e-07
3.626538542034569712e-01 2.235712404392597798e-07 9.035159968972326072e-08 3.139228401289830272e-07
3.612515128435132006e-01 2.320757432764444627e-07 8.930247057127697610e-08 3.213782138477214388e-07
3.598613263243710669e-01 2.408182560172256674e-07 8.818524527185957262e-08 3.290035012890852400e-07
3.584833541969939530e-01 2.497772865352030144e-07 8.699834697144008453e-08 3.367756335066430857e-07
3.571176554891216104e-01 2.589261337319705140e-07 8.574039041152461531e-08 3.446665241434951293e-07
3.557642887027412382e-01 2.682326218444645238e-07 8.441022405995903182e-08 3.526428459044235688e-07
3.544233118115817649e-01 2.776589269333221867e-07 8.300697488697838087e-08 3.606659018203005543e-07
3.530947822586298357e-01 2.871615120716246468e-07 8.153009497072313005e-08 3.686916070423477901e-07
3.517787569536700576e-01 2.966911856906059224e-07 7.997940890279556343e-08 3.766705945934015123e-07
3.504752922708462282e-01 3.061932946741044497e-07 7.835516079724990983e-08 3.845484554713543463e-07
3.491844440462471555e-01 3.156080602281758616e-07 7.665805959265510905e-08 3.922661198208309972e-07
3.479062675755147382e-01 3.248710603862928204e-07 7.488932118232268007e-08 3.997603815686154740e-07
3.466408176114744166e-01 3.339138583872349514e-07 7.305070587401326147e-08 4.069645642612482261e-07
3.453881483617913806e-01 3.426647712457721365e-07 7.114454967589783948e-08 4.138093209216699892e-07
3.441483134866467619e-01 3.510497678485240548e-07 6.917378795574199230e-08 4.202235558042660604e-07
3.429213660964401944e-01 3.589934810724397814e-07 6.714197015291634391e-08 4.261354512253561253e-07
3.417073587495143561e-01 3.664203139138446218e-07 6.505326438609190941e-08 4.314735782999365312e-07
3.405063434499034924e-01 3.732556156390449835e-07 6.291245106800336119e-08 4.361680667070483579e-07
3.393183716451054766e-01 3.794269007203366521e-07 6.072490490155753536e-08 4.401518056218942007e-07
3.381434942238789043e-01 3.848650809834016763e-07 5.849656495794724404e-08 4.433616459413489071e-07
3.369817615140618394e-01 3.895056800973224953e-07 5.623389292245302340e-08 4.457395730197755253e-07
3.358332232804173145e-01 3.932899993214861600e-07 5.394381990214801963e-08 4.472338192236341664e-07
3.346979287225006483e-01 3.961662043570768777e-07 5.163368258483183598e-08 4.477998869419087203e-07
3.335759264725518536e-01 3.980903052255886250e-07 4.931114987754387653e-08 4.474014551031324883e-07
3.324672645934133031e-01 3.990270041172383380e-07 4.698414141059713767e-08 4.460111455278354955e-07
3.313719905764698215e-01 3.989503899455725158e-07 4.466073960299818071e-08 4.436111295485706767e-07
3.302901513396150346e-01 3.978444627215541818e-07 4.234909715353910674e-08 4.401935598750933150e-07
3.292217932252411439e-01 3.957034755669792733e-07 4.005734195138442731e-08 4.357608175183637073e-07
3.281669619982539032e-01 3.925320870263193074e-07 3.779348147963890220e-08 4.303255685059582229e-07
3.271257028441125758e-01 3.883453211625282856e-07 3.556530874458362415e-08 4.239106299071119296e-07
3.260980603668935940e-01 3.831683376742577196e-07 3.338031172796366801e-08 4.165486494022214074e-07
3.250840785873803096e-01 3.770360189518370232e-07 3.124558820113270648e-08 4.082816071529697098e-07
3.240838009411776133e-01 3.699923855442018493e-07 2.916776757578845215e-08 3.991601531199903247e-07
3.230972702768505900e-01 3.620898558626489379e-07 2.715294129310236702e-08 3.892427971557512983e-07
3.221245288540892648e-01 3.533883699929722535e-07 2.520660299833261018e-08 3.785949729913048802e-07
3.211656183418989952e-01 3.439544010019442941e-07 2.333359958048191288e-08 3.672880005824262070e-07
3.202205798168142881e-01 3.338598798515831397e-07 2.153809389092593706e-08 3.553979737425090536e-07
3.192894537611405958e-01 3.231810617332528082e-07 1.982353969951196663e-08 3.430046014327647517e-07
3.183722800612188153e-01 3.119973621129129866e-07 1.819266920429647532e-08 3.301900313172094719e-07
3.174690980057177092e-01 3.003901900333246646e-07 1.664749301616909309e-08 3.170376830494937742e-07
3.165799462839506417e-01 2.884418043347696422e-07 1.518931223863224444e-08 3.036311165734018635e-07
3.157048629842179599e-01 2.762342156431474279e-07 1.381874184695595132e-08 2.900529574901033875e-07
3.148438855921756874e-01 2.638481536058289802e-07 1.253574414980430649e-08 2.763838977556332669e-07
3.139970509892297534e-01 2.513621152329378107e-07 1.133967083940627582e-08 2.627017860723440882e-07
3.131643954509562566e-01 2.388515066303146526e-07 1.022931178067506600e-08 2.490808184109897103e-07
3.123459546455468194e-01 2.263878871283347451e-07 9.202948582298339769e-09 2.355908357106330799e-07
3.115417636322818651e-01 2.140383218996470873e-07 8.258410992318477125e-09 2.222967328919655595e-07
3.107518568600275977e-01 2.018648466775289608e-07 7.393134249078818787e-09 2.092579809266077887e-07
3.099762681657613483e-01 1.899240460472644735e-07 6.604215842108696222e-09 1.965282618893731780e-07
3.092150307731213466e-01 1.782667449025513398e-07 5.888470449416847360e-09 1.841552153519681922e-07
3.084681772909838027e-01 1.669378109155910873e-07 5.242482278466998680e-09 1.721802931940580818e-07
3.077357397120662474e-01 1.559760641391765796e-07 4.662654419227899344e-09 1.606387185584044814e-07
3.070177494115568506e-01 1.454142881398061431e-07 4.145255177070481801e-09 1.495595433168766208e-07
3.063142371457704405e-01 1.352793352236019287e-07 3.686461667070641088e-09 1.389657968906725640e-07
3.056252330508308912e-01 1.255923165284030402e-07 3.282400995198245977e-09 1.288747175236012779e-07
3.049507666413805440e-01 1.163688660824626725e-07 2.929189500517250244e-09 1.192980555829799302e-07
3.042908668093156077e-01 1.076194664452655421e-07 2.622970365148675338e-09 1.102424368104142129e-07
3.036455618225484820e-01 9.934982265471929382e-08 2.359949727675320703e-09 1.017097723823946079e-07
3.030148793237971150e-01 9.156127079981187472e-08 2.136431344705930601e-09 9.369770214451781070e-08
3.023988463294006723e-01 8.425120789166368332e-08 1.948849448701187241e-09 8.620005734036487635e-08
3.017974892281622967e-01 7.741353079955391494e-08 1.793799438538393092e-09 7.920733023809231424e-08
3.012108337802187896e-01 7.103907358714672701e-08 1.668065881130986329e-09 7.270713946827770983e-08
3.006389051159368830e-01 6.511603477063674598e-08 1.568647207861999233e-09 6.668468197849874604e-08
3.000817277348371004e-01 5.963038815169064707e-08 1.492776701097002452e-09 6.112316485278764621e-08
2.995393255045440961e-01 5.456627307289572630e-08 1.437939385016965423e-09 5.600421245791269275e-08
2.990117216597640293e-01 4.990636186481563927e-08 1.401884735662894500e-09 5.130824660047853502e-08
2.984989388012896372e-01 4.563220352892403600e-08 1.382635336809451485e-09 4.701483886573348500e-08
2.980009988950319544e-01 4.172454376387075748e-08 1.378491903460908844e-09 4.310303566733166509e-08
2.975179232710793431e-01 3.816362183246238420e-08 1.388035429220915191e-09 3.955165726168330064e-08
2.970497326227835022e-01 3.492944493773961170e-08 1.410127339731573801e-09 3.633957227747118757e-08
2.965964470058738423e-01 3.200204030677094537e-08 1.443908517926917937e-09 3.344594882469786351e-08
2.961580858375973402e-01 2.936168548807967471e-08 1.488798552741082184e-09 3.085048404082075813e-08
2.957346678958874819e-01 2.698912163249425186e-08 1.544500762314050033e-09 2.853362239480830148e-08
2.953262113185597948e-01 2.486575673665891692e-08 1.611020446072395103e-09 2.647677718273131223e-08
2.949327336025343582e-01 2.297384107347734545e-08 1.688677549401250948e-09 2.466251862287859743e-08
2.945542516030871805e-01 2.129654220565381096e-08 1.778041541198647189e-09 2.307458374685245732e-08
2.941907815331272213e-01 1.981788484719459019e-08 1.879765547308437668e-09 2.169765039450302868e-08
2.938423389625027249e-01 1.852282678282009482e-08 1.994629102916978284e-09 2.051745588573707269e-08
2.935089388173335867e-01 1.739811831140992523e-08 2.124504652820640485e-09 1.952262296423056406e-08
2.931905953793725317e-01 1.643421756423828220e-08 2.274593415045829645e-09 1.870881097928411019e-08
2.928873222853927150e-01 1.562679030081578461e-08 2.455505692053575922e-09 1.808229599286936012e-08
2.925991325266042997e-01 1.497429322375376492e-08 2.681699191367979162e-09 1.765599241512174533e-08
2.923260384480972363e-01 1.446855011117683887e-08 2.963188884235025310e-09 1.743173899541186377e-08
2.920680517483129623e-01 1.407970615352774745e-08 3.291881693105254518e-09 1.737158784663300114e-08
2.918251834785431376e-01 1.374316967376421379e-08 3.629925885582808161e-09 1.737309555934702112e-08
2.915974440424559666e-01 1.335882494061939168e-08 3.909722297288598657e-09 1.726854723790798868e-08
2.913848431956510554e-01 1.280839073005914962e-08 4.050324138703587914e-09 1.685871486876273754e-08
2.911873900452409680e-01 1.198728474347024354e-08 3.985254025724496175e-09 1.597253876919474054e-08
2.910050930494615384e-01 1.083892438185079647e-08 3.689007260306755027e-09 1.452793164215755191e-08
2.908379600173093826e-01 9.377406580245119517e-09 3.189244674553114311e-09 1.256665125479823466e-08
2.906859981082073330e-01 7.689610399514555414e-09 2.559007393529013874e-09 1.024861779304356846e-08
2.905492138316977391e-01 5.916279129456523123e-09 1.893265969293601876e-09 7.809545098750124172e-09
2.904276130471638018e-01 4.218940219877081850e-09 1.280788129341209809e-09 5.499728349218291866e-09
2.903212009635783297e-01 2.743021201140942497e-09 7.826312705881981937e-10 3.525652471729140588e-09
2.902299821392809731e-01 1.587226797336987683e-09 4.235994250823088012e-10 2.010826222419296381e-09
2.901539604817824358e-01 7.864822430894703788e-10 1.963636389789382188e-10 9.828458820684085718e-10
2.900931392475975534e-01 3.118021334598956787e-10 7.321028903287749916e-11 3.850124224927731649e-10
2.900475210421055161e-01 8.616713573700149068e-11 1.921959328515302605e-11 1.053867290221545103e-10
2.900171078194385132e-01 1.162010975842109416e-11 2.497886753314579473e-12 1.411799651173567404e-11
2.900019008823977451e-01 1.463322794613496301e-13 3.085374624638340246e-14 1.771860257077330389e-13
