2.953394512876877376e-01 1.387200403595058029e-01
2.940856365500305603e-01 1.346697176856852529e-01
2.923820778805287235e-01 1.316123238466002376e-01
2.910895562642980550e-01 1.276542268065309904e-01
2.893718314884984322e-01 1.246791990144758278e-01
2.880446376921573237e-01 1.208129622182921303e-01
2.863161991415488217e-01 1.179197051344177405e-01
2.845882928742956564e-01 1.150642761703672412e-01
2.828616398263149589e-01 1.122464746196138730e-01
2.807820504117184424e-01 1.103732418057882664e-01
2.790689126790915076e-01 1.076244985588869219e-01
2.773590410768411174e-01 1.049127184379132771e-01
2.753215982209590851e-01 1.031271406704825783e-01
2.736288835347206461e-01 1.004830555938121955e-01
2.716239695178035984e-01 9.875269948323722735e-02
2.696387851207369124e-01 9.704643364694720553e-02
2.679802308866246485e-01 9.449934828217163019e-02
2.660303203269034911e-01 9.284707293115181115e-02
2.641013683664541478e-01 9.121833361613296276e-02
2.621937519453439447e-01 8.961295751282651045e-02
2.603078444852724438e-01 8.803076718436063375e-02
2.584440158274099453e-01 8.647158062117565880e-02
2.566026321708088642e-01 8.493521128171208079e-02
2.547840560113981412e-01 8.342146813388298665e-02
2.529886460815684024e-01 8.193015569732393921e-02
2.512167572903602486e-01 8.046107408641235692e-02
2.492123227097171323e-01 7.981908283935522375e-02
2.474931360730612540e-01 7.838828751591378485e-02
2.457984418871300980e-01 7.697917656465522174e-02
2.441285798809201824e-01 7.559153402002785627e-02
2.422429662980379317e-01 7.500767602450519878e-02
2.406281237071962176e-01 7.365708468996427782e-02
2.390390403835836175e-01 7.232737218186001404e-02
2.372455008953574251e-01 7.178469096175624231e-02
2.357130718018932980e-01 7.049108328915640320e-02
2.339825864504927744e-01 6.997357364871202579e-02
2.325078277424424966e-01 6.871547305960383489e-02
2.308412033227412175e-01 6.822291809264022233e-02
2.294251034399266975e-01 6.699970644258421149e-02
2.278231214986920494e-01 6.653187481396234670e-02
2.264666406645629015e-01 6.534291398448154042e-02
2.249300571168086904e-01 6.489956018060015486e-02
2.234271462218907489e-01 6.446592202071584066e-02
2.221636716073235873e-01 6.332505709523186810e-02
2.207272051405241298e-01 6.291560977035041968e-02
2.193248650387552012e-01 6.251588975146087079e-02
2.181562395002902832e-01 6.142188051173919083e-02
2.168213313384259322e-01 6.104603717212172403e-02
2.155209742323039301e-01 6.067992168086752680e-02
2.144489464911004672e-01 5.963147493352002199e-02
2.132169492995530380e-01 5.928889544852835453e-02
2.120198984001271381e-01 5.895603342299153560e-02
2.108579084493625577e-01 5.863292073926988646e-02
2.099182977049872112e-01 5.764211219936703212e-02
2.088257858660637345e-01 5.734211600710147766e-02
2.077686903383218486e-01 5.705184488885344657e-02
2.067471123730244831e-01 5.677132664751925045e-02
2.057611498194733268e-01 5.650058815184013511e-02
2.049914141089659025e-01 5.557807617205091227e-02
2.040761562894585768e-01 5.532992788237374449e-02
2.031968185572484986e-01 5.509151838764363152e-02
2.023534851375108079e-01 5.486287052332038811e-02
2.017216188428925527e-01 5.399297616245184867e-02
2.009498619359734450e-01 5.378640706729231891e-02
2.002143728271043033e-01 5.358954544110319795e-02
1.996866057655372340e-01 5.275794425139179039e-02
1.990232908139109302e-01 5.258269397306263027e-02
1.983964758798413830e-01 5.241708713518383050e-02
1.978062210012364042e-01 5.226113959999403175e-02
1.972525827141898003e-01 5.211486630453956298e-02
1.967356140475664539e-01 5.197828125924386367e-02
1.962553645179228590e-01 5.185139754656539063e-02
1.958118801247644147e-01 5.173422731974463423e-02
1.954052033461395055e-01 5.162678180164002872e-02
1.950353731345708108e-01 5.152907128365299960e-02
1.947024249133243179e-01 5.144110512474223823e-02
1.944063905730163133e-01 5.136289175052721062e-02
1.941472984685590208e-01 5.129443865248125428e-02
1.937587344435029169e-01 5.186162390567933267e-02
1.935737566155906197e-01 5.181211258651412938e-02
1.934257530876107578e-01 5.177249783920041121e-02
1.933147380357126688e-01 5.174278345813808355e-02
1.932407220931967318e-01 5.172297228944516823e-02
1.932037123494957098e-01 5.171306623068513270e-02
