4.347823409657371130e+00 1.971655737216219849e-09
4.347801991436186952e+00 1.939708617720563790e-09
4.347759155911303353e+00 1.831063363736041637e-09
4.347694904917652536e+00 1.589051065352841021e-09
4.347609241207533337e+00 1.203031875245535650e-09
4.347502168450493087e+00 7.486717169822411953e-10
4.347373691233173076e+00 3.557434980170095159e-10
4.347223815059108709e+00 1.159488649126445655e-10
4.347052546348497692e+00 2.333513203239254596e-11
4.346859892437921147e+00 7.904137321031254825e-12
4.346645861580030079e+00 9.589500487162003583e-12
4.346410462943196329e+00 8.548569191377849096e-12
4.346153706611112888e+00 6.444494955640194992e-12
4.345875603582365798e+00 5.582012215739347953e-12
4.345576165769965193e+00 5.473484475208672442e-12
4.345255406000828380e+00 5.488725445706374009e-12
4.344913338015237159e+00 5.499369242832101736e-12
4.344549976466244523e+00 5.504990520839077806e-12
4.344165336919052045e+00 5.506380707918141389e-12
4.343759435850335748e+00 5.506305937176734210e-12
4.343332290647547111e+00 5.506638223547626179e-12
4.342883919608165222e+00 5.507442112800782959e-12
4.342414341938913402e+00 5.508387147166618109e-12
4.341923577754934982e+00 5.509344161628508284e-12
4.341411648078935315e+00 5.510318793344124729e-12
4.340878574840276727e+00 5.511328479658947006e-12
4.340324380874044152e+00 5.512376184816762009e-12
4.339749089920061031e+00 5.513460552432617548e-12
4.339152726621878564e+00 5.514580998383103722e-12
4.338535316525714336e+00 5.515737441350496890e-12
4.337896886079362524e+00 5.516929803584911802e-12
4.337237462631058804e+00 5.518157982541028837e-12
4.336557074428308844e+00 5.519421884417737833e-12
4.335855750616677717e+00 5.520721426964744131e-12
4.335133521238544674e+00 5.522056529647580927e-12
4.334390417231812620e+00 5.523427112227011386e-12
4.333626470428582955e+00 5.524833095213228346e-12
4.332841713553794882e+00 5.526274392854978410e-12
4.332036180223820310e+00 5.527750912122528840e-12
4.331209904945026778e+00 5.529262553411799400e-12
4.330362923112295981e+00 5.530809204879991081e-12
4.329495271007512969e+00 5.532390741820611563e-12
4.328606985798003848e+00 5.534007027842772240e-12
4.327698105534951267e+00 5.535657910984485432e-12
4.326768669151761060e+00 5.537343223684007904e-12
4.325818716462394242e+00 5.539062784192462604e-12
4.324848288159662602e+00 5.540816394108967255e-12
4.323857425813484312e+00 5.542603839101043239e-12
4.322846171869104914e+00 5.544424890489901588e-12
4.321814569645277437e+00 5.546279303728139847e-12
4.320762663332407882e+00 5.548166819628341165e-12
4.319690497990661626e+00 5.550087166087223227e-12
4.318598119548033409e+00 5.552040057055417918e-12
4.317485574798379133e+00 5.554025193904430103e-12
4.316352911399414793e+00 5.556042267242229598e-12
4.315200177870669229e+00 5.558090956154333154e-12
4.314027423591410226e+00 5.560170929310235269e-12
4.312834698798528876e+00 5.562281846643874064e-12
4.311622054584384856e+00 5.564423358830117241e-12
4.310389542894620618e+00 5.566595108024855280e-12
4.309137216525933844e+00 5.568796729237371616e-12
4.307865129123819692e+00 5.571027849922961043e-12
4.306573335180268636e+00 5.573288090376509353e-12
4.305261890031432337e+00 5.575577064721547701e-12
4.303930849855256646e+00 5.577894380572704756e-12
4.302580271669072864e+00 5.580239639207419381e-12
4.301210213327156140e+00 5.582612436219854368e-12
4.299820733518243898e+00 5.585012361136428706e-12
4.298411891763029402e+00 5.587438997432706127e-12
4.296983748411602022e+00 5.589891923048715695e-12
4.295536364640871518e+00 5.592370709972967204e-12
4.294069802451939921e+00 5.594874924066457193e-12
4.292584124667450318e+00 5.597404125510344102e-12
4.291079394928895674e+00 5.599957868470394053e-12
4.289555677693889457e+00 5.602535700768368816e-12
4.288013038233405183e+00 5.605137164283356227e-12
4.286451542628984868e+00 5.607761794735418035e-12
4.284871257769902186e+00 5.610409121253062486e-12
4.283272251350300763e+00 5.613078666715299663e-12
4.281654591866294268e+00 5.615769947667504943e-12
4.280018348613030987e+00 5.618482473863219095e-12
4.278363591681726419e+00 5.621215748553606565e-12
4.276690391956658566e+00 5.623969268488113829e-12
4.274998821112135694e+00 5.626742523452113396e-12
4.273288951609423236e+00 5.629534996536386166e-12
4.271560856693639607e+00 5.632346164196734171e-12
4.269814610390619158e+00 5.635175495789912057e-12
4.268050287503741380e+00 5.638022453837479121e-12
4.266267963610727243e+00 5.640886494137232007e-12
4.264467715060400010e+00 5.643767065282123251e-12
4.262649618969414966e+00 5.646663608902083170e-12
4.260813753218958944e+00 5.649575559831885019e-12
4.258960196451409885e+00 5.652502345637007324e-12
4.257089028066970648e+00 5.655443386826439832e-12
4.255200328220267281e+00 5.658398097050618778e-12
4.253294177816914434e+00 5.661365882642973347e-12
4.251370658510052358e+00 5.664346142792010737e-12
4.249429852696844812e+00 5.667338269756497832e-12
4.247471843514954770e+00 5.670341648445904529e-12
4.245496714838977503e+00 5.673355656566754121e-12
4.243504551276852332e+00 5.676379664832836230e-12
4.241495438166236198e+00 5.679413036570577023e-12
4.239469461570847919e+00 5.682455127842744727e-12
4.237426708276780474e+00 5.685505287661352504e-12
4.235367265788788416e+00 5.688562857624377531e-12
4.233291222326531766e+00 5.691627172002357275e-12
4.231198666820803034e+00 5.694697557958175586e-12
4.229089688909716926e+00 5.697773335234726081e-12
4.226964378934866318e+00 5.700853816192108615e-12
4.224822827937456893e+00 5.703938306003402898e-12
4.222665127654407158e+00 5.707026102413805457e-12
4.220491370514415586e+00 5.710116495759010170e-12
4.218301649634002004e+00 5.713208769120093797e-12
4.216096058813522340e+00 5.716302198127264149e-12
4.213874692533145172e+00 5.719396050968547098e-12
4.211637645948809627e+00 5.722489588526221300e-12
4.209385014888145982e+00 5.725582064219917211e-12
4.207116895846371385e+00 5.728672723991762579e-12
4.204833385982157168e+00 5.731760806423887325e-12
4.202534583113464173e+00 5.734845542638694153e-12
4.200220585713357657e+00 5.737926156262686368e-12
4.197891492905784006e+00 5.741001863502296261e-12
4.195547404461328789e+00 5.744071873091760618e-12
4.193188420792936633e+00 5.747135386264186357e-12
4.190814642951618652e+00 5.750191596798704676e-12
4.188426172622116361e+00 5.753239690989574557e-12
4.186023112118549605e+00 5.756278847616935799e-12
4.183605564380031616e+00 5.759308237982747751e-12
4.181173632966261877e+00 5.762327025908081586e-12
4.178727422053087892e+00 5.765334367689341126e-12
4.176267036428042978e+00 5.768329412113807207e-12
4.173792581485860076e+00 5.771311300492388868e-12
4.171304163223950923e+00 5.774279166625869691e-12
4.168801888237874564e+00 5.777232136794341058e-12
4.166285863716760574e+00 5.780169329793660295e-12
4.163756197438726936e+00 5.783089856916928775e-12
4.161212997766257082e+00 5.785992821948700843e-12
4.158656373641560933e+00 5.788877321199801341e-12
4.156086434581906630e+00 5.791742443479378365e-12
4.153503290674930959e+00 5.794587270095529313e-12
4.150907052573919565e+00 5.797410874906782372e-12
4.148297831493073851e+00 5.800212324293489317e-12
4.145675739202738797e+00 5.802990677147661855e-12
4.143040888024622781e+00 5.805744984926825604e-12
4.140393390826980102e+00 5.808474291644401696e-12
4.137733361019779288e+00 5.811177633867429608e-12
4.135060912549843870e+00 5.813854040749926609e-12
4.132376159895971846e+00 5.816502534022101298e-12
4.129679218064031154e+00 5.819122128011114703e-12
4.126970202582033842e+00 5.821711829678851899e-12
4.124249229495186242e+00 5.824270638605346090e-12
4.121516415360920504e+00 5.826797547008137374e-12
4.118771877243898594e+00 5.829291539782152710e-12
4.116015732710997632e+00 5.831751594499540318e-12
4.113248099826277482e+00 5.834176681432190154e-12
4.110469097145918127e+00 5.836565763578336978e-12
4.107678843713147288e+00 5.838917796671164971e-12
4.104877459053133393e+00 5.841231729210322184e-12
4.102065063167872339e+00 5.843506502490140807e-12
4.099241776531043158e+00 5.845741050612850250e-12
4.096407720082849480e+00 5.847934300516830526e-12
4.093563015224837009e+00 5.850085172006944098e-12
4.090707783814692355e+00 5.852192577786274892e-12
4.087842148161028533e+00 5.854255423479035706e-12
4.084966231018136718e+00 5.856272607654306844e-12
4.082080155580738001e+00 5.858243021869621422e-12
4.079184045478697840e+00 5.860165550702743159e-12
4.076278024771732511e+00 5.862039071778041649e-12
4.073362217944099584e+00 5.863862455808290825e-12
4.070436749899256412e+00 5.865634566620746964e-12
4.067501745954519521e+00 5.867354261197472124e-12
4.064557331835687570e+00 5.869020389731917660e-12
4.061603633671663438e+00 5.870631795649530231e-12
4.058640777989044324e+00 5.872187315642598397e-12
4.055668891706708301e+00 5.873685779732002785e-12
4.052688102130369785e+00 5.875126011302329259e-12
4.049698536947135885e+00 5.876506827138857786e-12
4.046700324220028122e+00 5.877827037483534454e-12
4.043693592382500590e+00 5.879085446080215990e-12
4.040678470232938579e+00 5.880280850223605082e-12
4.037655086929138548e+00 5.881412040808579918e-12
4.034623571982780987e+00 5.882477802377052664e-12
4.031584055253873977e+00 5.883476913169366147e-12
4.028536666945200295e+00 5.884408145180901598e-12
4.025481537596730774e+00 5.885270264223708459e-12
4.022418798080038549e+00 5.886062029977922057e-12
4.019348579592691983e+00 5.886782196040404893e-12
4.016271013652632504e+00 5.887429509993935779e-12
4.013186232092540884e+00 5.888002713467980146e-12
4.010094367054193754e+00 5.888500542187793392e-12
4.006995550982797027e+00 5.888921726045234489e-12
4.003889916621319323e+00 5.889264989166466356e-12
4.000777597004799624e+00 5.889529049971445007e-12
3.997658725454650952e+00 5.889712621243765420e-12
3.994533435572950708e+00 5.889814410196900615e-12
3.991401861236715920e+00 5.889833118538433351e-12
3.988264136592168718e+00 5.889767442544308520e-12
3.985120396048988489e+00 5.889616073132477256e-12
3.981970774274558256e+00 5.889377695933771938e-12
3.978815406188191073e+00 5.889050991362226236e-12
3.975654426955354648e+00 5.888634634695108063e-12
3.972487971981878196e+00 5.888127296153660164e-12
3.969316176908153970e+00 5.887527640970217252e-12
3.966139177603326793e+00 5.886834329465380189e-12
3.962957110159473828e+00 5.886046017137704494e-12
3.959770110885771466e+00 5.885161354743035365e-12
3.956578316302662657e+00 5.884178988375455867e-12
3.953381863136004704e+00 5.883097559552861349e-12
3.950180888311211724e+00 5.881915705296466527e-12
3.946975528947392675e+00 5.880632058216441295e-12
3.943765922351473385e+00 5.879245246602903015e-12
3.940552206012317704e+00 5.877753894516634160e-12
3.937334517594838879e+00 5.876156621875476642e-12
3.934112994934097607e+00 5.874452044539628353e-12
3.930887776029404534e+00 5.872638774405111338e-12
3.927658999038402321e+00 5.870715419497088921e-12
3.924426802271151260e+00 5.868680584061118102e-12
3.921191324184203353e+00 5.866532868661997641e-12
3.917952703374670165e+00 5.864270870277994754e-12
3.914711078574289793e+00 5.861893182390019871e-12
3.911466588643478737e+00 5.859398395079750931e-12
3.908219372565387317e+00 5.856785095129055002e-12
3.904969569439945332e+00 5.854051866119388896e-12
3.901717318477902374e+00 5.851197288530374216e-12
3.898462758994863719e+00 5.848219939838633320e-12
3.895206030405327979e+00 5.845118394619262739e-12
3.891947272216706999e+00 5.841891224643363746e-12
3.888686624023356408e+00 5.838536998979048052e-12
3.885424225500591966e+00 5.835054284096988969e-12
3.882160216398709451e+00 5.831441643970933539e-12
3.878894736536993904e+00 5.827697640180650176e-12
3.875627925797734186e+00 5.823820832015989435e-12
3.872359924120231334e+00 5.819809776578787986e-12
3.869090871494798911e+00 5.815663028887930239e-12
3.865820907956771357e+00 5.811379141982624752e-12
3.862550173580503454e+00 5.806956667025925405e-12
3.859278808473370681e+00 5.802394153409175872e-12
3.856006952769765128e+00 5.797690148855030766e-12
3.852734746625096740e+00 5.792843199524018962e-12
3.849462330209785677e+00 5.787851850116813491e-12
3.846189843703259115e+00 5.782714643976635532e-12
3.842917427287947163e+00 5.777430123194101167e-12
3.839645221143278775e+00 5.771996828708219008e-12
3.836373365439674110e+00 5.766413300410719963e-12
3.833102000332540449e+00 5.760678077248967716e-12
3.829831265956272546e+00 5.754789697324681599e-12
3.826561302418245880e+00 5.748746697995935882e-12
3.823292249792813458e+00 5.742547615975515097e-12
3.820024248115309717e+00 5.736190987428602137e-12
3.816757437376050888e+00 5.729675348069391973e-12
3.813491957514335340e+00 5.722999233255609972e-12
3.810227948412451937e+00 5.716161178087867268e-12
3.806965549889688383e+00 5.709159717504468268e-12
3.803704901696337792e+00 5.701993386373073405e-12
3.800446143507716812e+00 5.694660719579579055e-12
3.797189414918180184e+00 5.687160252112587695e-12
3.793934855435142417e+00 5.679490519149752159e-12
3.790682604473098571e+00 5.671650056140725527e-12
3.787432801347656586e+00 5.663637398891128040e-12
3.784185585269565166e+00 5.655451083645527694e-12
3.780941095338754554e+00 5.647089647163180578e-12
3.777699470538373738e+00 5.638551626791679033e-12
3.774460849728840994e+00 5.629835560533218184e-12
3.771225371641892643e+00 5.620939987110740508e-12
3.767993174874641582e+00 5.611863446035344582e-12
3.764764397883639369e+00 5.602604477668355142e-12
3.761539178978946296e+00 5.593161623283876998e-12
3.758317656318205913e+00 5.583533425120350030e-12
3.755099967900726199e+00 5.573718426419219084e-12
3.751886251561571406e+00 5.563715171456371672e-12
3.748676644965652116e+00 5.553522205576056423e-12
3.745471285601832179e+00 5.543138075241562433e-12
3.742270310777039199e+00 5.532561328085582768e-12
3.739073857610381246e+00 5.521790512949196165e-12
3.735882063027273325e+00 5.510824179894931471e-12
3.732695063753570963e+00 5.499660880182442557e-12
3.729512996309717110e+00 5.488299166233786122e-12
3.726335997004889933e+00 5.476737591612157332e-12
3.723164201931166595e+00 5.464974711031196411e-12
3.719997746957689699e+00 5.453009080391302191e-12
3.716836767724853274e+00 5.440839256815496536e-12
3.713681399638486091e+00 5.428463798639726773e-12
3.710531777864056302e+00 5.415881265318383741e-12
3.707388037320876073e+00 5.403090217281472571e-12
3.704250312676328427e+00 5.390089215805621792e-12
3.701118738340094083e+00 5.376876822939792170e-12
3.697993448458394283e+00 5.363451601486938179e-12
3.694874576908245167e+00 5.349812115007727889e-12
3.691762257291725469e+00 5.335956927798398114e-12
3.688656622930247320e+00 5.321884604772847248e-12
3.685557806858851038e+00 5.307593711243185218e-12
3.682465941820503463e+00 5.293082812661149876e-12
3.679381160260412287e+00 5.278350474392454715e-12
3.676303594320352364e+00 5.263395261574242380e-12
3.673233375833005798e+00 5.248215739009199096e-12
3.670170636316314461e+00 5.232810471038888588e-12
3.667115506967844940e+00 5.217178021383105375e-12
3.664068118659170814e+00 5.201316952901884239e-12
3.661028601930264248e+00 5.185225827257557365e-12
3.657997086983905355e+00 5.168903204562687210e-12
3.654973703680106212e+00 5.152347643083355036e-12
3.651958581530544201e+00 5.135557698948831020e-12
3.648951849693016669e+00 5.118531925855749748e-12
3.645953636965908906e+00 5.101268874762567144e-12
3.642964071782674118e+00 5.083767093515328289e-12
3.639983282206336490e+00 5.066025126418956029e-12
3.637011395923999579e+00 5.048041513810688310e-12
3.634048540241381353e+00 5.029814791641796208e-12
3.631094842077356333e+00 5.011343491031336952e-12
3.628150427958525270e+00 4.992626137775835345e-12
3.625215424013788379e+00 4.973661251837649937e-12
3.622289955968945208e+00 4.954447346822412175e-12
3.619374149141311392e+00 4.934982929408933364e-12
3.616468128434346951e+00 4.915266498735456036e-12
3.613572018332306790e+00 4.895296545862234549e-12
3.610685942894907186e+00 4.875071553299291695e-12
3.607810025752016259e+00 4.854589994408025422e-12
3.604944390098352436e+00 4.833850332697413839e-12
3.602089158688207782e+00 4.812851021209675287e-12
3.599244453830195312e+00 4.791590501938790256e-12
3.596410397382000745e+00 4.770067205150932928e-12
3.593587110745172453e+00 4.748279548770202332e-12
3.590774714859911398e+00 4.726225937946363929e-12
3.587973330199897504e+00 4.703904764629497831e-12
3.585183076767125776e+00 4.681314407049783780e-12
3.582404074086767309e+00 4.658453229220153155e-12
3.579636441202047159e+00 4.635319580586787390e-12
3.576880296669146198e+00 4.611911795797246480e-12
3.574135758552123399e+00 4.588228194461034939e-12
3.571402944417858549e+00 4.564267080947239001e-12
3.568681971331010949e+00 4.540026744387278776e-12
3.565972955849013637e+00 4.515505458771617299e-12
3.563276014017072946e+00 4.490701482879409781e-12
3.560591261363200477e+00 4.465613060133928762e-12
3.557918812893265059e+00 4.440238418560499875e-12
3.555258783086064245e+00 4.414575770581074285e-12
3.552611285888421566e+00 4.388623312322350269e-12
3.549976434710305107e+00 4.362379222433648919e-12
3.547354342419970497e+00 4.335841660266348583e-12
3.544745121339124339e+00 4.309008762986480878e-12
3.542148883238113832e+00 4.281878641329239934e-12
3.539565739331137273e+00 4.254449373607868311e-12
3.536995800271483414e+00 4.226718997361031935e-12
3.534439176146787265e+00 4.198685498209128510e-12
3.531895976474317855e+00 4.170346795250530131e-12
3.529366310196284218e+00 4.141700721948565483e-12
3.526850285675170671e+00 4.112745001812326631e-12
3.524348010689093424e+00 4.083477218184357594e-12
3.521859592427185159e+00 4.053894776945045877e-12
3.519385137485001813e+00 4.023994861131640997e-12
3.516924751859956899e+00 3.993774376651071846e-12
3.514478540946782914e+00 3.963229887998288878e-12
3.512046609533013175e+00 3.932357543236026413e-12
3.509629061794495186e+00 3.901152987737215347e-12
3.507226001290927986e+00 3.869611266058637654e-12
3.504837530961426140e+00 3.837726711848980350e-12
3.502463753120108159e+00 3.805492826301947740e-12
3.500104769451716002e+00 3.772902145782018889e-12
3.497760681007259898e+00 3.739946099863579220e-12
3.495431588199687134e+00 3.706614861937368222e-12
3.493117590799580618e+00 3.672897194885365194e-12
3.490818787930887623e+00 3.638780295075209114e-12
3.488535278066673406e+00 3.604249639054856313e-12
3.486267159024897921e+00 3.569288837685791881e-12
3.484014527964235164e+00 3.533879502886357080e-12
3.481777481379899619e+00 3.498001133569424015e-12
3.479556115099522451e+00 3.461631027865005734e-12
3.477350524279042787e+00 3.424744228219934852e-12
3.475160803398629206e+00 3.387313506694712005e-12
3.472987046258636745e+00 3.349309398257194720e-12
3.470829345975587010e+00 3.310700288903902592e-12
3.468687794978178474e+00 3.271452565026099352e-12
3.466562485003327865e+00 3.231530830137998989e-12
3.464453507092240869e+00 3.190898193467598229e-12
3.462360951586513025e+00 3.149516633675862614e-12
3.460284908124256376e+00 3.107347439588605013e-12
3.458225465636263429e+00 3.064351727213953100e-12
3.456182712342196872e+00 3.020491030589914492e-12
3.454156735746808149e+00 2.975727962240970813e-12
3.452147622636191571e+00 2.930026935853076166e-12
3.450155459074066844e+00 2.883354941563035893e-12
3.448180330398089577e+00 2.835682362774844128e-12
3.446222321216199536e+00 2.786983820471650720e-12
3.444281515402991989e+00 2.737239028830841841e-12
3.442357996096129913e+00 2.686433645302217523e-12
3.440451845692777066e+00 2.634560096888057367e-12
3.438563145846073699e+00 2.581618363168136887e-12
3.436691977461634462e+00 2.527616697010306936e-12
3.434838420694085404e+00 2.472572264501035456e-12
3.433002554943629381e+00 2.416511686046724377e-12
3.431184458852644781e+00 2.359471462286352615e-12
3.429384210302317104e+00 2.301498270945049214e-12
3.427601886409302523e+00 2.242649122767781871e-12
3.425837563522425189e+00 2.182991366984388186e-12
3.424091317219404740e+00 2.122602540399637323e-12
3.422363222303620667e+00 2.061570056897065166e-12
3.420653352800908209e+00 1.999990736273546278e-12
3.418961781956385781e+00 1.937970175601846366e-12
3.417288582231318372e+00 1.875621969790467765e-12
3.415633825300013360e+00 1.813066790061625514e-12
3.413997582046749635e+00 1.750431333562666338e-12
3.412379922562743584e+00 1.687847161773160576e-12
3.410780916143142605e+00 1.625449447937563065e-12
3.409200631284059924e+00 1.563375658013848419e-12
3.407639135679639608e+00 1.501764193377801695e-12
3.406096496219155778e+00 1.440753024826625917e-12
3.404572778984149117e+00 1.380478348070151934e-12
3.403068049245594029e+00 1.321073289680027056e-12
3.401582371461105314e+00 1.262666689708694633e-12
3.400115809272173717e+00 1.205381982898266011e-12
3.398668425501442769e+00 1.149336193100096604e-12
3.397240282150015389e+00 1.094639048593408374e-12
3.395831440394800449e+00 1.041392220258755765e-12
3.394441960585889095e+00 9.896886785772397356e-13
3.393071902243971927e+00 9.396121617547271391e-13
3.391721324057788145e+00 8.912367453745820015e-13
3.390390283881612898e+00 8.446265042147769413e-13
3.389078838732776600e+00 7.998352604154437108e-13
3.387787044789224655e+00 7.569064168599574342e-13
3.386514957387110503e+00 7.158728797842242469e-13
3.385262631018424617e+00 6.767570782845917014e-13
3.384030119328659936e+00 6.395710923161666159e-13
3.382817475114515915e+00 6.043169048612877732e-13
3.381624750321634565e+00 5.709867893884511543e-13
3.380451996042376006e+00 5.395638398388532516e-13
3.379299262513630442e+00 5.100226511874403843e-13
3.378166599114665658e+00 4.823301468526361438e-13
3.377054054365011826e+00 4.564465385217155387e-13
3.375961675922383165e+00 4.323264034671841118e-13
3.374889510580636909e+00 4.099198559118290392e-13
3.373837604267766910e+00 3.891737829562940296e-13
3.372806002043939433e+00 3.700331166628802568e-13
3.371794748099560035e+00 3.524421133306884242e-13
3.370803885753382190e+00 3.363456154673914669e-13
3.369833457450650105e+00 3.216902770028376373e-13
3.368883504761283731e+00 3.084257428015630059e-13
3.367954068378093524e+00 2.965057837670150359e-13
3.367045188115041388e+00 2.858893898523049203e-13
3.366156902905532267e+00 2.765418432553924974e-13
3.365289250800748366e+00 2.684358103577472844e-13
3.364442268968018457e+00 2.615524802159337107e-13
3.363615993689224481e+00 2.558827689246022057e-13
3.362810460359250353e+00 2.514286440050090136e-13
3.362025703484461836e+00 2.482048986448378319e-13
3.361261756681232171e+00 2.462421712304504669e-13
3.360518652674499673e+00 2.455913923668889010e-13
3.359796423296366630e+00 2.463263352986307867e-13
3.359095099484736391e+00 2.485364786846345422e-13
3.358414711281985987e+00 2.523073077584042592e-13
3.357755287833682267e+00 2.577118348027819449e-13
3.357116857387330455e+00 2.648761054414594786e-13
3.356499447291166227e+00 2.741822400379495355e-13
3.355903083992983316e+00 2.865712286593454600e-13
3.355327793039000639e+00 3.037104933834347476e-13
3.354773599072767620e+00 3.276402845176155180e-13
3.354240525834109921e+00 3.596261646647442439e-13
3.353728596158109809e+00 3.984196053618194698e-13
3.353237831974131833e+00 4.387652032493083885e-13
3.352768254304879569e+00 4.713403453509480823e-13
3.352319883265497680e+00 4.849738862308039614e-13
3.351892738062709043e+00 4.709655765678209187e-13
3.351486836993993190e+00 4.281053946831720618e-13
3.351102197446799824e+00 3.662727437493952473e-13
3.350738835897808077e+00 3.067491956044495405e-13
3.350396767912216855e+00 2.785484244520526806e-13
3.350076008143080042e+00 3.116162022196973872e-13
3.349776570330678549e+00 4.289832573142313883e-13
3.349498467301931903e+00 6.403640802026168230e-13
3.349241710969848462e+00 9.391798573768645140e-13
3.349006312333014268e+00 1.303810456428392865e-12
3.348792281475124089e+00 1.702521214902272240e-12
3.348599627564547099e+00 2.100443319168411604e-12
3.348428358853936082e+00 2.466536979682837449e-12
3.348278482679872159e+00 2.778718469455880132e-12
3.348150005462551704e+00 3.026120665330336611e-12
3.348042932705511454e+00 3.208444297441280421e-12
3.347957268995391811e+00 3.333172845334143213e-12
3.347893018001741439e+00 3.411814411838460591e-12
3.347850182476858283e+00 3.456254482935684937e-12
3.347828764255674105e+00 3.475908757089209636e-12
