3.485176291724393138e+00 6.261270859172482495e-03 3.485107976370944716e+00 2.182149017395584173e-02
3.482940465809543529e+00 6.261270859172482495e-03 3.482872194282066847e+00 2.180749115377789149e-02
3.480720140936270024e+00 6.261270859172482495e-03 3.480651912930918357e+00 2.179358918918569005e-02
3.478515411428236170e+00 6.261270859172482495e-03 3.478447226639314049e+00 2.177978487076139003e-02
3.476326370946583033e+00 6.261270859172482495e-03 3.476258229066559124e+00 2.176607878493892756e-02
3.474153112485951489e+00 6.261270859172482495e-03 3.474085013205471473e+00 2.175247151397913595e-02
3.471995728370532941e+00 6.261270859172482495e-03 3.471927671378432390e+00 2.173896363594500503e-02
3.469854310250145346e+00 6.261270859172482495e-03 3.469786295233463935e+00 2.172555572467712096e-02
3.467728949096341662e+00 4.695953144379361871e-03 3.467690714028939247e+00 1.628423281229198286e-02
3.465619735198542273e+00 4.695953144379361871e-03 3.465581523387264440e+00 1.627432807905969045e-02
3.463526758160202945e+00 4.695953144379361871e-03 3.463488569426022234e+00 1.626449959307840407e-02
3.461450106895004986e+00 4.695953144379361871e-03 3.461411941057913833e+00 1.625474777188106595e-02
3.459389869623081371e+00 4.695953144379361871e-03 3.459351726502100099e+00 1.624507302974376177e-02
3.457346133867264193e+00 4.695953144379361871e-03 3.457308013280447234e+00 1.623547577766810621e-02
3.455318986449372964e+00 4.695953144379361871e-03 3.455280888213818180e+00 1.622595642336379165e-02
3.453308513486520681e+00 4.695953144379361871e-03 3.453270437418375582e+00 1.621651537123125833e-02
3.451314800387457193e+00 3.130635429586241247e-03 3.451297887443288914e+00 1.080479074332182932e-02
3.449337931848941885e+00 3.130635429586241247e-03 3.449321028592289284e+00 1.079860189874488202e-02
3.447377991852145662e+00 3.130635429586241247e-03 3.447361098200051988e+00 1.079246605117384350e-02
3.445435063659081365e+00 3.130635429586241247e-03 3.445418179528181302e+00 1.078638346127129208e-02
3.443509229809067484e+00 3.130635429586241247e-03 3.443492355115591153e+00 1.078035438743732248e-02
3.441600572115223411e+00 3.130635429586241247e-03 3.441583706774999918e+00 1.077437908579856676e-02
3.439709171660990439e+00 3.130635429586241247e-03 3.439692315589452321e+00 1.076845781019730545e-02
3.437835108796691408e+00 3.130635429586241247e-03 3.437818261908876849e+00 1.076259081218069145e-02
3.435978463136113881e+00 3.130635429586241247e-03 3.435961625346670711e+00 1.075677834099006414e-02
3.434139313553128403e+00 3.130635429586241247e-03 3.434122484776318540e+00 1.075102064355035365e-02
3.432317738178340960e+00 1.565317714793120624e-03 3.432313533213190659e+00 5.372665564333553405e-03
3.430513814395768524e+00 1.565317714793120624e-03 3.430509611640622403e+00 5.369841851633676104e-03
3.428727618839557234e+00 1.565317714793120624e-03 3.428723418272696222e+00 5.367045889229241432e-03
3.426959227390721896e+00 1.565317714793120624e-03 3.426955028990334107e+00 5.364277795898097188e-03
3.425208715173925889e+00 1.565317714793120624e-03 3.425204518918107510e+00 5.361537689234161484e-03
3.423476156554288607e+00 1.565317714793120624e-03 3.423471962421044346e+00 5.358825685642426735e-03
3.421761625134225770e+00 1.565317714793120624e-03 3.421757433101470181e+00 5.356141900334010497e-03
3.420065193750322585e+00 1.565317714793120624e-03 3.420061003795881405e+00 5.353486447321263546e-03
3.418386934470241112e+00 1.565317714793120624e-03 3.418382746571851261e+00 5.350859439412927396e-03
3.416726918589656492e+00 1.565317714793120624e-03 3.416722732724967848e+00 5.348260988209340393e-03
3.415085216629229592e+00 1.565317714793120624e-03 3.415081032775805436e+00 5.345691204097695846e-03
3.413461898331612066e+00 1.565317714793120624e-03 3.413457716466930858e+00 5.343150196247359145e-03
3.411857032658479394e+00 1.565317714793120624e-03 3.411852852759934329e+00 5.340638072605216960e-03
3.410270687787607002e+00 1.565317714793120624e-03 3.410266509832508230e+00 5.338154939891106253e-03
3.408702931109970358e+00 1.565317714793120624e-03 3.408698755075544984e+00 5.335700903593271899e-03
3.407153829226881037e+00 1.565317714793120624e-03 3.407149655090275342e+00 5.333276067963882427e-03
3.405623447947161431e+00 1.565317714793120624e-03 3.405619275685440428e+00 5.330880536014613418e-03
3.404111852284345208e+00 1.565317714793120624e-03 3.404107681874494418e+00 5.328514409512257778e-03
3.402619106453918185e+00 1.565317714793120624e-03 3.402614937872844525e+00 5.326177788974412360e-03
3.401145273870588959e+00 0.000000000000000000e+00 3.401145273870588959e+00 0.000000000000000000e+00
3.399690417145593280e+00 0.000000000000000000e+00 3.399690417145593280e+00 0.000000000000000000e+00
3.398254598084038847e+00 0.000000000000000000e+00 3.398254598084038847e+00 0.000000000000000000e+00
3.396837877682274520e+00 0.000000000000000000e+00 3.396837877682274520e+00 0.000000000000000000e+00
3.395440316125302171e+00 0.000000000000000000e+00 3.395440316125302171e+00 0.000000000000000000e+00
3.394061972784220060e+00 0.000000000000000000e+00 3.394061972784220060e+00 0.000000000000000000e+00
3.392702906213698633e+00 0.000000000000000000e+00 3.392702906213698633e+00 0.000000000000000000e+00
3.391363174149494508e+00 0.000000000000000000e+00 3.391363174149494508e+00 0.000000000000000000e+00
3.390042833505997333e+00 0.000000000000000000e+00 3.390042833505997333e+00 0.000000000000000000e+00
3.388741940373812156e+00 0.000000000000000000e+00 3.388741940373812156e+00 0.000000000000000000e+00
3.387460550017376004e+00 0.000000000000000000e+00 3.387460550017376004e+00 0.000000000000000000e+00
3.386198716872610870e+00 0.000000000000000000e+00 3.386198716872610870e+00 0.000000000000000000e+00
3.384956494544611783e+00 0.000000000000000000e+00 3.384956494544611783e+00 0.000000000000000000e+00
3.383733935805366411e+00 0.000000000000000000e+00 3.383733935805366411e+00 0.000000000000000000e+00
3.382531092591516408e+00 0.000000000000000000e+00 3.382531092591516408e+00 0.000000000000000000e+00
3.381348016002151624e+00 0.000000000000000000e+00 3.381348016002151624e+00 0.000000000000000000e+00
3.380184756296635840e+00 0.000000000000000000e+00 3.380184756296635840e+00 0.000000000000000000e+00
3.379041362892473810e+00 0.000000000000000000e+00 3.379041362892473810e+00 0.000000000000000000e+00
3.377917884363212941e+00 1.252254171834496499e-02 3.377653035330400400e+00 4.229901209461563866e-02
3.376814368436376945e+00 1.252254171834496499e-02 3.376549605925835085e+00 4.228519363154644578e-02
3.375730861991440790e+00 1.252254171834496499e-02 3.375466184434306349e+00 4.227162573150035352e-02
3.374667411057838073e+00 1.252254171834496499e-02 3.374402816881638678e+00 4.225830897086779725e-02
3.373624060813005254e+00 1.252254171834496499e-02 3.373359548441726030e+00 4.224524391537032297e-02
3.372600855580464074e+00 1.252254171834496499e-02 3.372336423434615149e+00 4.223243112003658567e-02
3.371597838827936844e+00 1.252254171834496499e-02 3.371333485324620405e+00 4.221987112917870849e-02
3.370615053165500363e+00 1.252254171834496499e-02 3.370350776718477714e+00 4.220756447636922482e-02
3.369652540343775371e+00 1.252254171834496499e-02 3.369388339363533991e+00 4.219551168441834643e-02
3.368710341252154628e+00 1.252254171834496499e-02 3.368446214145976114e+00 4.218371326535182847e-02
3.367788495917064306e+00 1.252254171834496499e-02 3.367524441089091880e+00 4.217216972038916045e-02
3.366887043500263577e+00 1.252254171834496499e-02 3.366623059351570024e+00 4.216088153992228471e-02
3.366006022297181044e+00 1.252254171834496499e-02 3.365742107225836666e+00 4.214984920349477276e-02
3.365145469735288497e+00 1.252254171834496499e-02 3.364881622136429495e+00 4.213907317978145273e-02
3.364305422372511067e+00 1.252254171834496499e-02 3.364041640638406161e+00 4.212855392656850162e-02
3.363485915895672473e+00 1.252254171834496499e-02 3.363222198415793063e+00 4.211829189073398177e-02
3.362686985118982008e+00 1.252254171834496499e-02 3.362423330280070122e+00 4.210828750822888378e-02
3.361908663982551726e+00 1.252254171834496499e-02 3.361645070168687521e+00 4.209854120405856492e-02
3.361150985550957149e+00 1.252254171834496499e-02 3.360887451143628635e+00 4.208905339226473585e-02
3.360413982011833500e+00 1.252254171834496499e-02 3.360150505390005371e+00 4.207982447590786351e-02
3.359697684674504803e+00 1.252254171834496499e-02 3.359434264214686383e+00 4.207085484705001821e-02
3.359002123968657827e+00 1.252254171834496499e-02 3.358738758044972794e+00 4.206214488673826885e-02
3.358327329443045350e+00 1.252254171834496499e-02 3.358064016427300125e+00 4.205369496498842508e-02
3.357673329764234715e+00 1.252254171834496499e-02 3.357410068025989069e+00 4.204550544076939705e-02
3.357040152715387915e+00 1.252254171834496499e-02 3.356776940622022476e+00 4.203757666198788823e-02
3.356427825195080761e+00 1.252254171834496499e-02 3.356164661111867620e+00 4.202990896547364325e-02
3.355836373216161572e+00 1.252254171834496499e-02 3.355573255506332675e+00 4.202250267696512609e-02
3.355265821904646284e+00 1.252254171834496499e-02 3.355002748929464040e+00 4.201535811109569085e-02
3.354716195498649078e+00 1.252254171834496499e-02 3.354453165617475641e+00 4.200847557138019661e-02
3.354187517347355207e+00 1.252254171834496499e-02 3.353924528917721304e+00 4.200185535020215660e-02
3.353679809910028009e+00 1.252254171834496499e-02 3.353416861287703998e+00 4.199549772880128290e-02
3.353193094755051895e+00 1.252254171834496499e-02 3.352930184294116600e+00 4.198940297726150295e-02
3.352727392559022856e+00 1.252254171834496499e-02 3.352464518611934619e+00 4.198357135449959365e-02
3.352282723105863393e+00 1.252254171834496499e-02 3.352019884023528462e+00 4.197800310825406528e-02
3.351859105285985407e+00 1.252254171834496499e-02 3.351596299417829883e+00 4.197269847507471840e-02
3.351456557095486843e+00 1.252254171834496499e-02 3.351193782789525066e+00 4.196765768031254090e-02
3.351075095635387857e+00 1.252254171834496499e-02 3.350812351238293463e+00 4.196288093811017389e-02
3.350714737110902952e+00 1.252254171834496499e-02 3.350452020968079481e+00 4.195836845139279403e-02
3.350375496830754418e+00 1.252254171834496499e-02 3.350112807286404593e+00 4.195412041185950930e-02
3.350057389206520408e+00 1.252254171834496499e-02 3.349794724603717189e+00 4.195013699997517803e-02
3.349760427752022984e+00 1.252254171834496499e-02 3.349497786432780178e+00 4.194641838496278308e-02
3.349484625082755684e+00 1.252254171834496499e-02 3.349222005388097223e+00 4.194296472479624310e-02
3.349229992915344400e+00 1.252254171834496499e-02 3.348967393185375840e+00 4.193977616619366106e-02
3.348996542067053106e+00 1.252254171834496499e-02 3.348733960641031793e+00 4.193685284461112772e-02
3.348784282455321115e+00 1.252254171834496499e-02 3.348521717671727238e+00 4.193419488423695551e-02
3.348593223097344751e+00 1.252254171834496499e-02 3.348330673293951065e+00 4.193180239798640491e-02
3.348423372109691876e+00 1.252254171834496499e-02 3.348160835623634757e+00 4.192967548749687579e-02
3.348274736707959498e+00 1.252254171834496499e-02 3.348012211875809996e+00 4.192781424312363309e-02
3.348147323206463355e+00 1.252254171834496499e-02 3.347884808364296916e+00 4.192621874393587939e-02
3.348041137017974123e+00 1.252254171834496499e-02 3.347778630501442088e+00 4.192488905771349361e-02
3.347956182653485158e+00 1.252254171834496499e-02 3.347693682797884929e+00 4.192382524094410284e-02
3.347892463722021095e+00 1.252254171834496499e-02 3.347629968862367633e+00 4.192302733882068838e-02
